TOTAL COST: 2051.51
REGULAR VEHICLE COST: 2051.51
MRT OUTSOURCE COST: 0.0
LOWER BOUND: 843.3828223360608
GAP: 1.4324778092083783
RUNTIME: 14403.306999921799
REGULAR VEHICLE ROUTES:
[0, 5, 3, 18, 54, 48, 44, 45, 0] (94.0<=100)
[0, 6, 19, 58, 12, 8, 2, 0] (85.0<=100)
[0, 13, 10, 51, 60, 63, 65, 47, 14, 9, 0] (99.0<=100)
[0, 16, 62, 21, 46, 55, 17, 11, 0] (95.0<=100)
[0, 50, 15, 59, 7, 0] (97.0<=100)
[0, 56, 70, 57, 4, 0] (94.0<=100)
[0, 61, 43, 53, 20, 1, 0] (90.0<=100)
[0, 64, 0] (94.0<=100)
[0, 72, 49, 0] (100.0<=100)
LOCKER ASSIGNMENT
64: [25, 32, 33, 37, 39, 40]
65: [42]
70: [27, 28, 29, 30, 41, 52]
72: [22, 23, 24, 26, 31, 34, 35, 36, 38]
MRT USAGE
