TOTAL COST: 1852.3999999999999
REGULAR VEHICLE COST: 1852.3999999999996
MRT OUTSOURCE COST: 0.0
LOWER BOUND: 856.99
GAP: 1.1615188041867464
RUNTIME: 14425.131999969482
REGULAR VEHICLE ROUTES:
[0, 2, 43, 70, 49, 11, 1, 0] (96.0<=100)
[0, 6, 68, 71, 13, 7, 0] (100.0<=100)
[0, 9, 3, 47, 51, 55, 12, 19, 17, 0] (90.0<=100)
[0, 10, 59, 44, 50, 62, 61, 18, 5, 0] (99.0<=100)
[0, 16, 65, 46, 15, 0] (96.0<=100)
[0, 20, 64, 4, 0] (99.0<=100)
[0, 21, 54, 48, 67, 57, 8, 0] (100.0<=100)
[0, 53, 56, 60, 63, 14, 0] (74.0<=100)
[0, 72, 0] (94.0<=100)
LOCKER ASSIGNMENT
64: [33, 37, 40, 45]
65: [24, 35, 42]
67: [23, 27, 29]
68: [25, 39]
70: [28, 36, 52, 58]
71: [32]
72: [22, 26, 30, 31, 34, 38, 41]
MRT USAGE
