TOTAL COST: 2172.6
REGULAR VEHICLE COST: 2025.5999999999997
MRT OUTSOURCE COST: 147.0
LOWER BOUND: 1005.6372205266213
GAP: 1.1604212291011626
RUNTIME: 14420.361999988556
REGULAR VEHICLE ROUTES:
[0, 5, 43, 58, 47, 13, 19, 1, 0] (97.0<=100)
[0, 7, 11, 46, 62, 57, 20, 4, 0] (99.0<=100)
[0, 10, 63, 0] (89.0<=100)
[0, 14, 45, 51, 15, 56, 59, 2, 0] (100.0<=100)
[0, 18, 12, 69, 65, 0] (100.0<=100)
[0, 48, 17, 66, 0] (96.0<=100)
[0, 49, 61, 54, 9, 8, 3, 0] (100.0<=100)
[0, 67, 16, 6, 0] (100.0<=100)
[0, 71, 44, 42, 55, 0] (92.0<=100)
LOCKER ASSIGNMENT
64: [23, 28, 32, 38, 40]
65: [21, 34]
66: [29, 33, 39, 52]
68: [30, 35, 36, 41, 50, 53, 60]
69: [22, 24, 26, 31]
71: [25, 27, 37]
MRT USAGE
63->64 (68.0<=98)
67->68 (79.0<=83)
