TOTAL COST: 1992.8600000000001
REGULAR VEHICLE COST: 1992.8599999999997
MRT OUTSOURCE COST: 0.0
LOWER BOUND: 685.87812009991
GAP: 1.905559955330993
RUNTIME: 14432.619999885559
REGULAR VEHICLE ROUTES:
[0, 2, 74, 14, 46, 65, 1, 0] (85.0<=100)
[0, 7, 77, 78, 3, 0] (99.0<=100)
[0, 8, 54, 48, 62, 56, 15, 10, 5, 0] (98.0<=100)
[0, 11, 55, 63, 12, 50, 72, 19, 9, 0] (96.0<=100)
[0, 20, 13, 59, 49, 66, 22, 6, 0] (92.0<=100)
[0, 21, 18, 53, 57, 68, 73, 0] (99.0<=100)
[0, 64, 52, 61, 71, 17, 0] (100.0<=100)
[0, 69, 16, 58, 51, 4, 0] (78.0<=100)
[0, 75, 67, 0] (98.0<=100)
LOCKER ASSIGNMENT
69: [29, 30, 43, 44]
71: [32, 33, 39, 40]
72: [38]
73: [26, 42]
74: [23, 35]
75: [27, 28, 31, 36, 37, 60]
77: [24]
78: [25, 34, 41, 45, 47]
MRT USAGE
