TOTAL COST: 1973.4499999999998
REGULAR VEHICLE COST: 1961.4499999999996
MRT OUTSOURCE COST: 12.0
LOWER BOUND: 762.5217337935121
GAP: 1.5880573792725523
RUNTIME: 9.205999851226807
REGULAR VEHICLE ROUTES:
[0, 2, 1, 18, 45, 52, 54, 60, 50, 0] (97.0<=100)
[0, 6, 13, 3, 71, 53, 0] (97.0<=100)
[0, 7, 61, 62, 59, 16, 4, 0] (99.0<=100)
[0, 10, 20, 8, 63, 69, 47, 0] (100.0<=100)
[0, 17, 15, 48, 65, 51, 0] (99.0<=100)
[0, 43, 68, 12, 5, 57, 0] (99.0<=100)
[0, 55, 14, 11, 64, 72, 19, 0] (94.0<=100)
[0, 70, 67, 0] (92.0<=100)
[0, 73, 56, 44, 58, 49, 9, 0] (100.0<=100)
LOCKER ASSIGNMENT
65: [27, 39]
66: [36]
67: [21]
68: [22, 23, 46]
69: [28, 29, 38, 40]
70: [24, 30, 32, 41, 42]
71: [33, 34, 37]
72: [25]
73: [26, 31, 35]
MRT USAGE
65->66 (12.0<=100)
