TOTAL COST: 1862.92
REGULAR VEHICLE COST: 1856.9199999999994
MRT OUTSOURCE COST: 6.0
LOWER BOUND: 814.8819876573584
GAP: 1.2861224425337534
RUNTIME: 14417.080999851227
REGULAR VEHICLE ROUTES:
[0, 10, 55, 66, 7, 0] (100.0<=100)
[0, 14, 58, 42, 20, 16, 5, 0] (96.0<=100)
[0, 17, 44, 13, 3, 1, 0] (100.0<=100)
[0, 45, 68, 60, 12, 11, 0] (98.0<=100)
[0, 46, 52, 50, 54, 73, 0] (95.0<=100)
[0, 57, 48, 72, 4, 2, 0] (90.0<=100)
[0, 64, 61, 56, 6, 0] (95.0<=100)
[0, 69, 15, 0] (90.0<=100)
[0, 70, 51, 19, 0] (91.0<=100)
[0, 71, 18, 8, 9, 0] (77.0<=100)
LOCKER ASSIGNMENT
64: [25, 34]
65: [59]
66: [27, 36, 39, 41]
68: [21, 30, 43, 47, 53]
69: [26, 28, 31, 35, 37, 40]
70: [24, 29, 32, 33, 62]
71: [22, 23]
72: [49]
73: [38]
MRT USAGE
66->65 (6.0<=96)
