TOTAL COST: 2633.92
REGULAR VEHICLE COST: 2633.920000000001
MRT OUTSOURCE COST: 0.0
LOWER BOUND: 1086.5764033766268
GAP: 1.4240541132817481
RUNTIME: 14408.085999965668
REGULAR VEHICLE ROUTES:
[0, 6, 24, 18, 70, 55, 53, 3, 0] (95.0<=100)
[0, 8, 82, 14, 79, 7, 0] (97.0<=100)
[0, 13, 16, 72, 81, 74, 90, 2, 0] (100.0<=100)
[0, 19, 10, 63, 57, 78, 62, 12, 5, 0] (95.0<=100)
[0, 58, 15, 66, 20, 11, 25, 22, 68, 0] (94.0<=100)
[0, 59, 73, 85, 65, 4, 0] (94.0<=100)
[0, 86, 23, 0] (99.0<=100)
[0, 87, 0] (88.0<=100)
[0, 88, 56, 54, 67, 64, 17, 0] (87.0<=100)
[0, 89, 69, 71, 77, 61, 21, 9, 1, 0] (93.0<=100)
LOCKER ASSIGNMENT
81: [33, 42, 47]
82: [38, 40]
85: [27, 28, 29, 35, 37, 43, 50]
86: [26, 30, 31, 32, 48, 75, 76]
87: [34, 39, 44, 46, 51, 52]
88: [41]
89: [49]
90: [36, 45, 60]
MRT USAGE
