vehicles
vehicle_idx, capacity, cost_per_unit_distance
1,160,1
2,160,1
depot
node_idx,x,y
0,25.049446486001663,121.51552910838933
home delivery customers
node_idx,x,y,service_time,demand
1,25.00134614774435,121.5258115410661,10,1
2,25.065076198290505,121.4973130119168,10,5
3,25.0823631,121.50901280000002,10,5
self pickup customers
node_idx,x,y,service_time,demand,locker_idxs
4,25.0226504295811,121.55651072475473,10,1,17-13
5,24.964101649985235,121.432155089179,10,1,11
6,25.02323713867572,121.57203016386649,10,4,13-17
flexible customers
node_idx,x,y,service_time,demand,locker_idxs
7,25.046854699999994,121.61812505000002,10,2,12
8,24.96805286728433,121.54131387887547,10,4,15
9,25.036895409089297,121.57641574463554,10,5,13-16
10,25.17703865961931,121.44755865014275,10,4,14
lockers
node_idx,x,y,service_time,capacity,cost_per_unit_good
11,24.9595637,121.4197544,10,30
12,25.0553158,121.617896,10,70
13,25.0328676,121.5697576,10,30
14,25.1678849,121.4456164,10,120
15,24.9579858,121.5375799,10,30
16,25.0500706,121.5774743,10,50
17,25.0262454,121.543691,10,23
18,25.0497671,121.5176997,10,44
mrt lines
start_node_idx,end_node_idx,freight_capacity,cost_per_unit_good
11,12,100,65
12,11,100,65
distance matrix
,0,1,2,3,4,5,6,7,8,9,10,11,12,13,14,15,16,17,18,
0,0.0,7.9805,4.3386000000000005,4.447,6.7982,14.2538,8.3529,13.6476,10.9009,7.678,20.477,15.679200000000002,12.9342,8.5804,18.927,13.6347,7.3099,5.4756,1.3267
1,7.295,0.0,10.8625,12.7715,4.4172,12.2492,6.3949,12.8026,5.213100000000001,7.5926,28.6677,13.674700000000001,13.804,7.1899,27.1177,6.407,8.1806,4.4286,7.3648
2,3.8684000000000003,10.1315,0.0,4.7673000000000005,10.1712,15.8375,11.726,16.1735,14.2739,11.0511,17.6102,17.263,15.5347,11.9535,16.060200000000002,17.0077,11.223,8.848700000000001,5.59
3,4.5412,13.4796,4.608,0.0,10.8659,21.835,12.3192,14.0776,16.4,11.6443,16.1807,23.2605,13.438799999999999,12.546700000000001,14.630700000000001,19.669,12.3962,9.543299999999999,5.1288
4,6.7566999999999995,4.9472,11.4007,11.3113,0.0,16.5063,2.3598000000000003,9.3624,8.2814,4.152399999999999,27.2074,17.9318,10.363700000000001,3.7497,25.6575,10.2527,4.740399999999999,1.6291,6.8266
5,16.7331,13.0008,19.2769,20.779700000000002,17.187,0.0,19.1647,29.0834,15.9971,20.3625,34.854800000000004,12.5161,30.616799999999998,19.9597,33.3049,15.2405,20.950400000000002,17.198400000000003,17.859
6,8.1395,6.9435,12.1614,12.1,2.3785,18.5027,0.0,8.248700000000001,10.2778,2.9141999999999997,27.9962,19.928099999999997,8.383700000000001,2.5114,26.4462,12.249,4.0013000000000005,3.6255,8.2094
7,12.1454,13.3699,16.4606,13.783100000000001,9.6846,29.5111,8.204600000000001,0.0,15.482700000000001,5.8785,29.679299999999998,30.9365,1.4632,6.7809,28.1293,16.5314,5.2543,10.081100000000001,12.215200000000001
8,10.5594,5.065,14.127,16.036,7.663600000000001,14.296700000000001,9.6413,14.689,0.0,10.8391,34.1714,15.722100000000001,16.2224,9.8943,32.6214,1.219,11.427,7.7091,10.629299999999999
9,7.388,7.7672,11.417399999999999,11.401,4.0819,19.326400000000003,2.6019,5.8514,11.1015,0.0,27.2972,20.7518,5.9865,1.1782000000000001,25.7472,13.072799999999999,1.6040999999999999,4.4784,7.4578999999999995
10,20.5856,27.9512,17.663,16.563,26.4932,27.8163,27.9465,29.9247,34.5351,27.2716,0.0,29.241799999999998,29.2859,28.174,2.0007,35.1836,25.8578,25.1706,21.4151
11,15.8095,14.612200000000001,17.1386,19.2166,18.7984,1.6115,20.7762,30.6949,17.6086,21.9739,29.105900000000002,0.0,32.2282,21.5712,27.5559,16.852,22.5619,18.809900000000003,16.7698
12,11.476600000000001,12.7012,15.351700000000001,12.6742,9.0159,29.9145,7.5358,1.368,15.8861,5.2098,28.570400000000003,31.3399,0.0,6.1122,27.020400000000002,16.9348,4.5855,9.4123,11.5464
13,6.9394,6.589,10.9613,10.899899999999999,2.9036999999999997,18.1482,1.4236,7.1047,9.9233,1.7702,26.7961,19.5736,7.2398,0.0,25.2461,11.8945,2.8574,3.3002,7.0093000000000005
14,18.7422,26.1078,15.819600000000001,14.7196,24.6498,25.972900000000003,26.103099999999998,28.0813,32.6917,25.4282,2.3535999999999997,27.398400000000002,27.4425,26.330599999999997,0.0,33.340199999999996,24.014400000000002,23.3272,19.5717
15,13.472299999999999,7.4112,16.8618,17.2045,10.2579,14.7243,12.235700000000001,15.8576,1.6245999999999998,13.433399999999999,34.5989,16.1497,17.390900000000002,13.030700000000001,33.049,0.0,14.0214,10.2694,13.5421
16,7.2184,8.455,10.5001,9.7348,4.769699999999999,20.014200000000002,4.2018,5.5286,11.789299999999999,1.8758,25.4671,21.4396,5.321899999999999,2.7782,23.9172,13.7605,0.0,5.1662,6.3681
17,4.9899,4.967,9.1281,9.004700000000001,1.7250999999999999,16.5262,3.7028000000000003,10.081700000000001,7.443,4.900600000000001,24.9008,17.9516,11.083,4.4978,23.3508,9.8381,5.4596,0.0,5.059699999999999
18,0.37860000000000005,7.7759,4.6044,4.594,6.5724,14.5196,8.1272,13.9134,10.696299999999999,7.4523,20.5815,15.9451,13.2001,8.354700000000001,19.031599999999997,13.4301,7.5758,5.249899999999999,0.0
