set K:= 1	2	3	4;
set C_H:= 1	2	3	4	5;
set C_S:= 6	7	8	9;
set C_F:= 10	11	12	13;
set M:= 14	15	16	17	18	19;
set L_B:= 20	21	22	23;
set A1:=
(0,*) 1 2 3 4 5 10 11 12 13 14 15 16 17 18 19 20 21 22 23 24
(1,*) 0 2 3 4 5 10 11 12 13 14 15 16 17 18 19 20 21 22 23 24
(2,*) 0 1 3 4 5 10 11 12 13 14 15 16 17 18 19 20 21 22 23 24
(3,*) 0 1 2 4 5 10 11 12 13 14 15 16 17 18 19 20 21 22 23 24
(4,*) 0 1 2 3 5 10 11 12 13 14 15 16 17 18 19 20 21 22 23 24
(5,*) 0 1 2 3 4 10 11 12 13 14 15 16 17 18 19 20 21 22 23 24
(10,*) 0 1 2 3 4 5 11 12 13 14 15 16 17 18 19 20 21 22 23 24
(11,*) 0 1 2 3 4 5 10 12 13 14 15 16 17 18 19 20 21 22 23 24
(12,*) 0 1 2 3 4 5 10 11 13 14 15 16 17 18 19 20 21 22 23 24
(13,*) 0 1 2 3 4 5 10 11 12 14 15 16 17 18 19 20 21 22 23 24
(14,*) 0 1 2 3 4 5 10 11 12 13 15 16 17 18 19 20 21 22 23 24
(15,*) 0 1 2 3 4 5 10 11 12 13 14 16 17 18 19 20 21 22 23 24
(16,*) 0 1 2 3 4 5 10 11 12 13 14 15 17 18 19 20 21 22 23 24
(17,*) 0 1 2 3 4 5 10 11 12 13 14 15 16 18 19 20 21 22 23 24
(18,*) 0 1 2 3 4 5 10 11 12 13 14 15 16 17 19 20 21 22 23 24
(19,*) 0 1 2 3 4 5 10 11 12 13 14 15 16 17 18 20 21 22 23 24
(20,*) 0 1 2 3 4 5 10 11 12 13 14 15 16 17 18 19 21 22 23 24
(21,*) 0 1 2 3 4 5 10 11 12 13 14 15 16 17 18 19 20 22 23 24
(22,*) 0 1 2 3 4 5 10 11 12 13 14 15 16 17 18 19 20 21 23 24
(23,*) 0 1 2 3 4 5 10 11 12 13 14 15 16 17 18 19 20 21 22 24
(24,*) 0 1 2 3 4 5 10 11 12 13 14 15 16 17 18 19 20 21 22 23
;
set A2:=
(14,*) 15
(15,*) 14
(16,*) 17
(17,*) 16
(18,*) 19
(19,*) 18
;
param BigM:=99999;
param n:= 4;
param d:=
1	3
2	21
3	6
4	22
5	19
6	18
7	7
8	15
9	4
10	14
11	16
12	20
13	6
;
param Q:=100;
param w:=
[14,*] 15 1.5
[15,*] 14 1.5
[16,*] 17 1.5
[17,*] 16 1.5
[18,*] 19 1.5
[19,*] 18 1.5
;
param V:=
[14,*] 15 100
[15,*] 14 100
[16,*] 17 88
[17,*] 16 88
[18,*] 19 95
[19,*] 18 95
;
param e:
	14	15	16	17	18	19	20	21	22	23:=
6		0		0		0		0		0		0		0		1		0		0	
7		0		0		0		1		0		0		0		0		0		0	
8		0		1		0		0		0		0		0		0		0		0	
9		0		1		0		0		0		0		0		0		0		0	
10		0		1		0		0		0		0		0		0		0		0	
11		0		0		0		0		0		1		0		0		0		0	
12		1		0		0		0		0		0		0		1		1		0	
13		0		1		0		0		0		0		0		0		0		0	
;
param p:=
1	1
2	1
3	1
4	1
;
param G:=
14	98
15	100
16	85
17	88
18	71
19	95
20	94
21	88
22	74
23	93
;
param s:=
0	0
1	10
2	10
3	10
4	10
5	10
10	10
11	10
12	10
13	10
14	10
15	10
16	10
17	10
18	10
19	10
20	10
21	10
22	10
23	10
;
param t:
	0	1	2	3	4	5	6	7	8	9	10	11	12	13	14	15	16	17	18	19	20	21	22	23	24:=
0	0.0	27.02	77.88	75.58	81.74	74.55	25.71	54.57	84.86	84.17	101.41	37.05	25.96	85.6	20.81	83.49	64.94	61.19	13.0	62.8	48.17	35.23	40.31	48.27	0.0
1	27.02	0.0	55.11	52.39	60.3	64.41	28.16	43.86	58.14	58.52	74.41	30.48	10.77	58.6	29.27	56.85	56.86	48.6	33.12	46.32	21.21	8.54	13.89	26.68	27.02
2	77.88	55.11	0.0	3.16	77.47	41.11	59.67	86.59	28.79	58.26	45.28	48.08	64.38	40.71	84.34	26.93	43.57	87.6	87.28	23.77	39.2	51.09	42.19	61.85	77.88
3	75.58	52.39	3.16	0.0	74.52	42.43	58.05	83.43	26.93	55.61	44.05	46.75	61.52	38.48	81.58	25.0	44.18	84.43	84.76	23.77	36.12	48.17	39.32	58.69	75.58
4	81.74	60.3	77.47	74.52	0.0	109.86	88.12	36.88	54.63	23.35	55.15	86.98	56.14	43.01	68.01	55.46	106.17	31.14	79.4	87.42	49.66	52.77	55.97	34.0	81.74
5	74.55	64.41	41.11	42.43	109.86	0.0	49.09	106.83	69.23	94.85	86.37	37.66	75.13	80.08	89.84	67.27	10.2	110.26	87.13	22.47	61.55	66.03	58.26	84.29	74.55
6	25.71	28.16	59.67	58.05	88.12	49.09	0.0	70.18	74.3	83.49	92.57	12.65	35.85	78.77	43.57	72.56	39.32	75.66	38.6	40.31	42.58	35.36	34.23	54.82	25.71
7	54.57	43.86	86.59	83.43	36.88	106.83	70.18	0.0	74.24	52.77	82.57	74.33	34.41	66.71	36.01	74.11	100.12	7.07	48.01	86.45	48.1	40.8	48.88	24.74	54.57
8	84.86	58.14	28.79	26.93	54.63	69.23	74.3	74.24	0.0	32.45	18.68	65.55	63.81	12.73	84.22	2.0	70.06	73.01	90.8	49.01	37.01	50.8	44.55	51.42	84.86
9	84.17	58.52	58.26	55.61	23.35	94.85	83.49	52.77	32.45	0.0	32.0	79.06	58.59	20.12	75.6	33.6	92.97	49.04	85.44	72.62	41.05	50.0	49.25	37.8	84.17
10	101.41	74.41	45.28	44.05	55.15	86.37	92.57	82.57	18.68	32.0	0.0	84.15	78.64	16.64	98.41	20.62	88.02	79.83	106.15	67.12	53.26	66.48	61.4	62.65	101.41
11	37.05	30.48	48.08	46.75	86.98	37.66	12.65	74.33	65.55	79.06	84.15	0.0	40.36	71.59	52.55	63.69	28.46	79.03	49.5	27.73	38.33	35.36	31.05	55.47	37.05
12	25.96	10.77	64.38	61.52	56.14	75.13	35.85	34.41	63.81	58.59	78.64	40.36	0.0	62.24	20.62	62.77	67.42	39.82	27.59	57.01	27.31	13.6	22.2	22.36	25.96
13	85.6	58.6	40.71	38.48	43.01	80.08	78.77	66.71	12.73	20.12	16.64	71.59	62.24	0.0	81.84	14.21	79.91	64.5	89.81	58.86	37.74	50.45	46.14	46.07	85.6
14	20.81	29.27	84.34	81.58	68.01	89.84	43.57	36.01	84.22	75.6	98.41	52.55	20.62	81.84	0.0	83.24	80.99	43.0	12.0	74.33	47.93	34.18	42.45	37.8	20.81
15	83.49	56.85	26.93	25.0	55.46	67.27	72.56	74.11	2.0	33.6	20.62	63.69	62.77	14.21	83.24	0.0	68.07	73.06	89.63	47.01	35.81	49.65	43.19	50.99	83.49
16	64.94	56.86	43.57	44.18	106.17	10.2	39.32	100.12	70.06	92.97	88.02	28.46	67.42	79.91	80.99	68.07	0.0	104.0	77.67	21.1	56.86	59.46	52.4	78.57	64.94
17	61.19	48.6	87.6	84.43	31.14	110.26	75.66	7.07	73.01	49.04	79.83	79.03	39.82	64.5	43.0	73.06	104.0	0.0	55.0	89.31	50.12	44.55	52.01	26.42	61.19
18	13.0	33.12	87.28	84.76	79.4	87.13	38.6	48.01	90.8	85.44	106.15	49.5	27.59	89.81	12.0	89.63	77.67	55.0	0.0	74.17	53.82	40.0	47.01	47.89	13.0
19	62.8	46.32	23.77	23.77	87.42	22.47	40.31	86.45	49.01	72.62	67.12	27.73	57.01	58.86	74.33	47.01	21.1	89.31	74.17	0.0	39.7	46.1	37.59	63.01	62.8
20	48.17	21.21	39.2	36.12	49.66	61.55	42.58	48.1	37.01	41.05	53.26	38.33	27.31	37.74	47.93	35.81	56.86	50.12	53.82	39.7	0.0	13.89	8.54	23.71	48.17
21	35.23	8.54	51.09	48.17	52.77	66.03	35.36	40.8	50.8	50.0	66.48	35.36	13.6	50.45	34.18	49.65	59.46	44.55	40.0	46.1	13.89	0.0	9.06	20.12	35.23
22	40.31	13.89	42.19	39.32	55.97	58.26	34.23	48.88	44.55	49.25	61.4	31.05	22.2	46.14	42.45	43.19	52.4	52.01	47.01	37.59	8.54	9.06	0.0	26.17	40.31
23	48.27	26.68	61.85	58.69	34.0	84.29	54.82	24.74	51.42	37.8	62.65	55.47	22.36	46.07	37.8	50.99	78.57	26.42	47.89	63.01	23.71	20.12	26.17	0.0	48.27
;
