vehicles
vehicle_idx, capacity, cost_per_unit_distance
1,100,1
2,100,1
3,100,1
4,100,1
depot
node_idx,x,y
0,82,76
home delivery customers
node_idx,x,y,service_time,demand
1,98,52,10,21
2,1,65,10,22
3,91,2,10,19
4,23,15,10,15
5,84,25,10,16
6,2,39,10,16
7,98,5,10,9
8,50,93,10,8
9,80,55,10,2
self pickup customers
node_idx,x,y,service_time,demand,locker_idxs
10,50,5,10,21,31-29
11,5,42,10,4,25
12,58,30,10,12,30
13,14,24,10,6,25
14,96,44,10,19,33-26
15,57,69,10,20,32-33-24
16,88,51,10,18,32
flexible customers
node_idx,x,y,service_time,demand,locker_idxs
17,9,97,10,24,27
18,19,32,10,1,25
19,5,10,10,14,25
20,29,89,10,7,27
21,13,7,10,19,25
22,93,3,10,24,26-29
23,49,8,10,6,31-29
lockers
node_idx,x,y,service_time,capacity,cost_per_unit_good
24,65,88,10,73
25,25,15,10,88
26,93,12,10,76
27,22,88,10,70
28,77,88,10,75
29,72,14,10,100
30,45,46,10,82
31,38,27,10,92
32,73,60,10,83
33,59,50,10,88
mrt lines
start_node_idx,end_node_idx,freight_capacity,cost_per_unit_good
distance matrix
,0,1,2,3,4,5,6,7,8,9,10,11,12,13,14,15,16,17,18,19,20,21,22,23,24,25,26,27,28,29,30,31,32,33,
0,0.0,28.84,81.74,74.55,84.86,51.04,88.14,72.78,36.24,21.1,77.88,84.17,51.88,85.6,34.93,25.96,25.71,75.96,76.84,101.41,54.57,97.58,73.82,75.58,20.81,83.49,64.94,61.19,13.0,62.8,47.63,65.86,18.36,34.71
1,28.84,0.0,97.87,50.49,83.63,30.41,96.88,47.0,63.13,18.25,67.18,93.54,45.65,88.54,8.25,44.38,10.05,99.73,81.49,102.04,78.29,96.18,49.25,65.86,48.84,81.84,40.31,84.1,41.68,46.04,53.34,65.0,26.25,39.05
2,81.74,97.87,0.0,109.86,54.63,92.14,26.02,114.06,56.44,79.63,77.47,23.35,66.89,43.01,97.29,56.14,88.12,32.98,37.59,55.15,36.88,59.23,110.94,74.52,68.01,55.46,106.17,31.14,79.4,87.42,47.93,53.04,72.17,59.91
3,74.55,50.49,109.86,0.0,69.23,24.04,96.38,7.62,99.81,54.13,41.11,94.85,43.28,80.08,42.3,75.13,49.09,125.5,78.0,86.37,106.83,78.16,2.24,42.43,89.84,67.27,10.2,110.26,87.13,22.47,63.66,58.6,60.73,57.69
4,84.86,83.63,54.63,69.23,0.0,61.81,31.89,75.66,82.54,69.63,28.79,32.45,38.08,12.73,78.55,63.81,74.3,83.19,17.46,18.68,74.24,12.81,71.02,26.93,84.22,2.0,70.06,73.01,90.8,49.01,38.01,19.21,67.27,50.21
5,51.04,30.41,92.14,24.04,61.81,0.0,83.19,24.41,76.03,30.27,39.45,80.81,26.48,70.01,22.47,51.62,26.31,103.97,65.38,80.41,84.39,73.25,23.77,38.91,65.8,59.84,15.81,88.39,63.39,16.28,44.29,46.04,36.69,35.36
6,88.14,96.88,26.02,96.38,31.89,83.19,0.0,101.84,72.25,79.62,58.82,4.24,56.72,19.21,94.13,62.65,86.83,58.42,18.38,29.15,56.82,33.84,97.86,56.3,79.81,33.24,94.92,52.92,89.59,74.33,43.57,37.95,74.04,58.05
7,72.78,47.0,114.06,7.62,75.66,24.41,101.84,0.0,100.24,53.14,48.0,100.09,47.17,86.12,39.05,76.01,47.07,128.0,83.49,93.13,108.71,85.02,5.39,49.09,89.32,73.68,8.6,112.54,85.62,27.51,67.01,63.91,60.42,59.55
8,36.24,63.13,56.44,99.81,82.54,76.03,72.25,100.24,0.0,48.41,88.0,68.01,63.51,77.83,67.21,25.0,56.64,41.19,68.43,94.41,21.38,93.62,99.74,85.01,15.81,81.91,91.71,28.44,27.46,82.01,47.27,67.08,40.22,43.93
9,21.1,18.25,79.63,54.13,69.63,30.27,79.62,53.14,48.41,0.0,58.31,76.12,33.3,72.92,19.42,26.93,8.94,82.49,65.19,87.46,61.29,82.42,53.6,56.3,36.25,68.01,44.92,66.73,33.14,41.77,36.14,50.48,8.6,21.59
10,77.88,67.18,77.47,41.11,28.79,39.45,58.82,48.0,88.0,58.31,0.0,58.26,26.25,40.71,60.31,64.38,59.67,100.72,41.11,45.28,86.59,37.05,43.05,3.16,84.34,26.93,43.57,87.6,87.28,23.77,41.3,25.06,59.62,45.89
11,84.17,93.54,23.35,94.85,32.45,80.81,4.24,100.09,68.01,76.12,58.26,0.0,54.34,20.12,91.02,58.59,83.49,55.15,17.2,32.0,52.77,35.9,96.25,55.61,75.6,33.6,92.97,49.04,85.44,72.62,40.2,36.25,70.34,54.59
12,51.88,45.65,66.89,43.28,38.08,26.48,56.72,47.17,63.51,33.3,26.25,54.34,0.0,44.41,40.5,39.01,36.62,83.01,39.05,56.65,65.74,50.54,44.2,23.77,58.42,36.25,39.36,68.26,61.03,21.26,20.62,20.22,33.54,20.02
13,85.6,88.54,43.01,80.08,12.73,70.01,19.21,86.12,77.83,72.92,40.71,20.12,44.41,0.0,84.4,62.24,78.77,73.17,9.43,16.64,66.71,17.03,81.74,38.48,81.84,14.21,79.91,64.5,89.81,58.86,38.01,24.19,69.12,51.97
14,34.93,8.25,97.29,42.3,78.55,22.47,94.13,39.05,67.21,19.42,60.31,91.02,40.5,84.4,0.0,46.32,10.63,101.87,77.93,97.14,80.71,90.87,41.11,59.2,53.82,76.69,32.14,86.09,47.93,38.42,51.04,60.44,28.02,37.48
15,25.96,44.38,56.14,75.13,63.81,51.62,62.65,76.01,25.0,26.93,64.38,58.59,39.01,62.24,46.32,0.0,35.85,55.57,53.04,78.64,34.41,76.03,75.18,61.52,20.62,62.77,67.42,39.82,27.59,57.01,25.94,46.1,18.36,19.1
16,25.71,10.05,88.12,49.09,74.3,26.31,86.83,47.07,56.64,8.94,59.67,83.49,36.62,78.77,10.63,35.85,0.0,91.42,71.57,92.57,70.18,86.95,48.26,58.05,43.57,72.56,39.32,75.66,38.6,40.31,43.29,55.46,17.49,29.02
17,75.96,99.73,32.98,125.5,83.19,103.97,58.42,128.0,41.19,82.49,100.72,55.15,83.01,73.17,101.87,55.57,91.42,0.0,65.76,87.09,21.54,90.09,126.06,97.58,56.72,83.55,119.5,15.81,68.59,104.2,62.43,75.77,73.93,68.62
18,76.84,81.49,37.59,78.0,17.46,65.38,18.38,83.49,68.43,65.19,41.11,17.2,39.05,9.43,77.93,53.04,71.57,65.76,0.0,26.08,57.87,25.71,79.48,38.42,72.47,18.03,76.66,56.08,80.62,55.97,29.53,19.65,60.83,43.86
19,101.41,102.04,55.15,86.37,18.68,80.41,29.15,93.13,94.41,87.46,45.28,32.0,56.65,16.64,97.14,78.64,92.57,87.09,26.08,0.0,82.57,8.54,88.28,44.05,98.41,20.62,88.02,79.83,106.15,67.12,53.81,37.12,84.4,67.2
20,54.57,78.29,36.88,106.83,74.24,84.39,56.82,108.71,21.38,61.29,86.59,52.77,65.74,66.71,80.71,34.41,70.18,21.54,57.87,82.57,0.0,83.55,107.2,83.43,36.01,74.11,100.12,7.07,48.01,86.45,45.88,62.65,52.7,49.2
21,97.58,96.18,59.23,78.16,12.81,73.25,33.84,85.02,93.62,82.42,37.05,35.9,50.54,17.03,90.87,76.03,86.95,90.09,25.71,8.54,83.55,0.0,80.1,36.01,96.25,14.42,80.16,81.5,103.23,59.41,50.45,32.02,80.06,62.97
22,73.82,49.25,110.94,2.24,71.02,23.77,97.86,5.39,99.74,53.6,43.05,96.25,44.2,81.74,41.11,75.18,48.26,126.06,79.48,88.28,107.2,80.1,0.0,44.28,89.49,69.05,9.0,110.75,86.49,23.71,64.44,60.01,60.41,58.01
23,75.58,65.86,74.52,42.43,26.93,38.91,56.3,49.09,85.01,56.3,3.16,55.61,23.77,38.48,59.2,61.52,58.05,97.58,38.42,44.05,83.43,36.01,44.28,0.0,81.58,25.0,44.18,84.43,84.76,23.77,38.21,21.95,57.27,43.17
24,20.81,48.84,68.01,89.84,84.22,65.8,79.81,89.32,15.81,36.25,84.34,75.6,58.42,81.84,53.82,20.62,43.57,56.72,72.47,98.41,36.01,96.25,89.49,81.58,0.0,83.24,80.99,43.0,12.0,74.33,46.52,66.71,29.12,38.47
25,83.49,81.84,55.46,67.27,2.0,59.84,33.24,73.68,81.91,68.01,26.93,33.6,36.25,14.21,76.69,62.77,72.56,83.55,18.03,20.62,74.11,14.42,69.05,25.0,83.24,0.0,68.07,73.06,89.63,47.01,36.89,17.69,65.8,48.8
26,64.94,40.31,106.17,10.2,70.06,15.81,94.92,8.6,91.71,44.92,43.57,92.97,39.36,79.91,32.14,67.42,39.32,119.5,76.66,88.02,100.12,80.16,9.0,44.18,80.99,68.07,0.0,104.0,77.67,21.1,58.82,57.01,52.0,50.99
27,61.19,84.1,31.14,110.26,73.01,88.39,52.92,112.54,28.44,66.73,87.6,49.04,68.26,64.5,86.09,39.82,75.66,15.81,56.08,79.83,7.07,81.5,110.75,84.43,43.0,73.06,104.0,0.0,55.0,89.31,47.89,63.06,58.18,53.04
28,13.0,41.68,79.4,87.13,90.8,63.39,89.59,85.62,27.46,33.14,87.28,85.44,61.03,89.81,47.93,27.59,38.6,68.59,80.62,106.15,48.01,103.23,86.49,84.76,12.0,89.63,77.67,55.0,0.0,74.17,52.8,72.4,28.28,42.05
29,62.8,46.04,87.42,22.47,49.01,16.28,74.33,27.51,82.01,41.77,23.77,72.62,21.26,58.86,38.42,57.01,40.31,104.2,55.97,67.12,86.45,59.41,23.71,23.77,74.33,47.01,21.1,89.31,74.17,0.0,41.87,36.4,46.01,38.28
30,47.63,53.34,47.93,63.66,38.01,44.29,43.57,67.01,47.27,36.14,41.3,40.2,20.62,38.01,51.04,25.94,43.29,62.43,29.53,53.81,45.88,50.45,64.44,38.21,46.52,36.89,58.82,47.89,52.8,41.87,0.0,20.25,31.3,14.56
31,65.86,65.0,53.04,58.6,19.21,46.04,37.95,63.91,67.08,50.48,25.06,36.25,20.22,24.19,60.44,46.1,55.46,75.77,19.65,37.12,62.65,32.02,60.01,21.95,66.71,17.69,57.01,63.06,72.4,36.4,20.25,0.0,48.1,31.14
32,18.36,26.25,72.17,60.73,67.27,36.69,74.04,60.42,40.22,8.6,59.62,70.34,33.54,69.12,28.02,18.36,17.49,73.93,60.83,84.4,52.7,80.06,60.41,57.27,29.12,65.8,52.0,58.18,28.28,46.01,31.3,48.1,0.0,17.2
33,34.71,39.05,59.91,57.69,50.21,35.36,58.05,59.55,43.93,21.59,45.89,54.59,20.02,51.97,37.48,19.1,29.02,68.62,43.86,67.2,49.2,62.97,58.01,43.17,38.47,48.8,50.99,53.04,42.05,38.28,14.56,31.14,17.2,0.0
