vehicles
vehicle_idx, capacity, cost_per_unit_distance
1,100,1
2,100,1
3,100,1
4,100,1
depot
node_idx,x,y
0,82,76
home delivery customers
node_idx,x,y,service_time,demand
1,61,62,10,24
2,84,25,10,16
3,29,89,10,7
4,61,59,10,3
5,1,65,10,22
6,14,24,10,6
7,57,69,10,20
8,5,42,10,4
self pickup customers
node_idx,x,y,service_time,demand,locker_idxs
9,13,7,10,19,24
10,80,55,10,2,31
11,58,30,10,12,29
12,42,9,10,8,24
13,50,5,10,21,28
14,2,39,10,16,24
15,50,93,10,8,23
flexible customers
node_idx,x,y,service_time,demand,locker_idxs
16,9,97,10,24,26
17,19,32,10,1,24
18,91,2,10,19,25-28
19,85,60,10,14,31
20,96,44,10,19,25
21,88,51,10,18,31
22,20,70,10,2,26
lockers
node_idx,x,y,service_time,capacity,cost_per_unit_good
23,65,88,10,84
24,25,15,10,93
25,93,12,10,100
26,22,88,10,90
27,77,88,10,87
28,72,14,10,80
29,50,45,10,88
30,35,58,10,95
31,65,63,10,86
32,51,51,10,89
mrt lines
start_node_idx,end_node_idx,freight_capacity,cost_per_unit_good
23,24,93,1.5
24,23,93,1.5
25,26,100,1.5
26,25,100,1.5
distance matrix
,0,1,2,3,4,5,6,7,8,9,10,11,12,13,14,15,16,17,18,19,20,21,22,23,24,25,26,27,28,29,30,31,32,
0,0.0,25.24,51.04,54.57,27.02,81.74,85.6,25.96,84.17,97.58,21.1,51.88,78.03,77.88,88.14,36.24,75.96,76.84,74.55,16.28,34.93,25.71,62.29,20.81,83.49,64.94,61.19,13.0,62.8,44.55,50.33,21.4,39.82
1,25.24,0.0,43.57,41.87,3.0,60.07,60.44,8.06,59.46,73.0,20.25,32.14,56.3,58.05,63.32,32.89,62.68,51.61,67.08,24.08,39.36,29.15,41.77,26.31,59.2,59.36,46.87,30.53,49.24,20.25,26.31,4.12,14.87
2,51.04,43.57,0.0,84.39,41.05,92.14,70.01,51.62,80.81,73.25,30.27,26.48,44.94,39.45,83.19,76.03,103.97,65.38,24.04,35.01,22.47,26.31,78.24,65.8,59.84,15.81,88.39,63.39,16.28,39.45,59.08,42.49,42.01
3,54.57,41.87,84.39,0.0,43.86,36.88,66.71,34.41,52.77,83.55,61.29,65.74,81.05,86.59,56.82,21.38,21.54,57.87,106.83,63.06,80.71,70.18,21.02,36.01,74.11,100.12,7.07,48.01,86.45,48.75,31.58,44.41,43.91
4,27.02,3.0,41.05,43.86,0.0,60.3,58.6,10.77,58.52,70.77,19.42,29.15,53.49,55.11,62.3,35.74,64.4,49.93,64.41,24.02,38.08,28.16,42.45,29.27,56.85,56.86,48.6,33.12,46.32,17.8,26.02,5.66,12.81
5,81.74,60.07,92.14,36.88,60.3,0.0,43.01,56.14,23.35,59.23,79.63,66.89,69.4,77.47,26.02,56.44,32.98,37.59,109.86,84.15,97.29,88.12,19.65,68.01,55.46,106.17,31.14,79.4,87.42,52.92,34.71,64.03,51.92
6,85.6,60.44,70.01,66.71,58.6,43.01,0.0,62.24,20.12,17.03,72.92,44.41,31.76,40.71,19.21,77.83,73.17,9.43,80.08,79.61,84.4,78.77,46.39,81.84,14.21,79.91,64.5,89.81,58.86,41.68,39.96,64.2,45.8
7,25.96,8.06,51.62,34.41,10.77,56.14,62.24,0.0,58.59,76.03,26.93,39.01,61.85,64.38,62.65,25.0,55.57,53.04,75.13,29.41,46.32,35.85,37.01,20.62,62.77,67.42,39.82,27.59,57.01,25.0,24.6,10.0,18.97
8,84.17,59.46,80.81,52.77,58.52,23.35,20.12,58.59,0.0,35.9,76.12,54.34,49.58,58.26,4.24,68.01,55.15,17.2,94.85,82.0,91.02,83.49,31.76,75.6,33.6,92.97,49.04,85.44,72.62,45.1,34.0,63.57,46.87
9,97.58,73.0,73.25,83.55,70.77,59.23,17.03,76.03,35.9,0.0,82.42,50.54,29.07,37.05,33.84,93.62,90.09,25.71,78.16,89.4,90.87,86.95,63.39,96.25,14.42,80.16,81.5,103.23,59.41,53.04,55.54,76.42,58.14
10,21.1,20.25,30.27,61.29,19.42,79.63,72.92,26.93,76.12,82.42,0.0,33.3,59.67,58.31,79.62,48.41,82.49,65.19,54.13,7.07,19.42,8.94,61.85,36.25,68.01,44.92,66.73,33.14,41.77,31.62,45.1,17.0,29.27
11,51.88,32.14,26.48,65.74,29.15,66.89,44.41,39.01,54.34,50.54,33.3,0.0,26.4,26.25,56.72,63.51,83.01,39.05,43.28,40.36,40.5,36.62,55.17,58.42,36.25,39.36,68.26,61.03,21.26,17.0,36.24,33.73,22.14
12,78.03,56.3,44.94,81.05,53.49,69.4,31.76,61.85,49.58,29.07,59.67,26.4,0.0,8.94,50.0,84.38,93.98,32.53,49.5,66.71,64.35,62.29,64.85,82.28,18.03,51.09,81.49,86.41,30.41,36.88,49.5,58.69,42.95
13,77.88,58.05,39.45,86.59,55.11,77.47,40.71,64.38,58.26,37.05,58.31,26.25,8.94,0.0,58.82,88.0,100.72,41.11,41.11,65.19,60.31,59.67,71.59,84.34,26.93,43.57,87.6,87.28,23.77,40.0,55.08,59.91,46.01
14,88.14,63.32,83.19,56.82,62.3,26.02,19.21,62.65,4.24,33.84,79.62,56.72,50.0,58.82,0.0,72.25,58.42,18.38,96.38,85.62,94.13,86.83,35.85,79.81,33.24,94.92,52.92,89.59,74.33,48.37,38.08,67.42,50.45
15,36.24,32.89,76.03,21.38,35.74,56.44,77.83,25.0,68.01,93.62,48.41,63.51,84.38,88.0,72.25,0.0,41.19,68.43,99.81,48.1,67.21,56.64,37.8,15.81,81.91,91.71,28.44,27.46,82.01,48.0,38.08,33.54,42.01
16,75.96,62.68,103.97,21.54,64.4,32.98,73.17,55.57,55.15,90.09,82.49,83.01,93.98,100.72,58.42,41.19,0.0,65.76,125.5,84.53,101.87,91.42,29.15,56.72,83.55,119.5,15.81,68.59,104.2,66.22,46.87,65.51,62.29
17,76.84,51.61,65.38,57.87,49.93,37.59,9.43,53.04,17.2,25.71,65.19,39.05,32.53,41.11,18.38,68.43,65.76,0.0,78.0,71.69,77.93,71.57,38.01,72.47,18.03,76.66,56.08,80.62,55.97,33.62,30.53,55.47,37.22
18,74.55,67.08,24.04,106.83,64.41,109.86,80.08,75.13,94.85,78.16,54.13,43.28,49.5,41.11,96.38,99.81,125.5,78.0,0.0,58.31,42.3,49.09,98.31,89.84,67.27,10.2,110.26,87.13,22.47,59.41,79.2,66.31,63.25
19,16.28,24.08,35.01,63.06,24.02,84.15,79.61,29.41,82.0,89.4,7.07,40.36,66.71,65.19,85.62,48.1,84.53,71.69,58.31,0.0,19.42,9.49,65.76,34.41,75.0,48.66,68.94,29.12,47.8,38.08,50.04,20.22,35.17
20,34.93,39.36,22.47,80.71,38.08,97.29,84.4,46.32,91.02,90.87,19.42,40.5,64.35,60.31,94.13,67.21,101.87,77.93,42.3,19.42,0.0,10.63,80.32,53.82,76.69,32.14,86.09,47.93,38.42,46.01,62.59,36.36,45.54
21,25.71,29.15,26.31,70.18,28.16,88.12,78.77,35.85,83.49,86.95,8.94,36.62,62.29,59.67,86.83,56.64,91.42,71.57,49.09,9.49,10.63,0.0,70.6,43.57,72.56,39.32,75.66,38.6,40.31,38.47,53.46,25.94,37.0
22,62.29,41.77,78.24,21.02,42.45,19.65,46.39,37.01,31.76,63.39,61.85,55.17,64.85,71.59,35.85,37.8,29.15,38.01,98.31,65.76,80.32,70.6,0.0,48.47,55.23,93.24,18.11,59.77,76.42,39.05,19.21,45.54,36.36
23,20.81,26.31,65.8,36.01,29.27,68.01,81.84,20.62,75.6,96.25,36.25,58.42,82.28,84.34,79.81,15.81,56.72,72.47,89.84,34.41,53.82,43.57,48.47,0.0,83.24,80.99,43.0,12.0,74.33,45.54,42.43,25.0,39.56
24,83.49,59.2,59.84,74.11,56.85,55.46,14.21,62.77,33.6,14.42,68.01,36.25,18.03,26.93,33.24,81.91,83.55,18.03,67.27,75.0,76.69,72.56,55.23,83.24,0.0,68.07,73.06,89.63,47.01,39.05,44.15,62.48,44.41
25,64.94,59.36,15.81,100.12,56.86,106.17,79.91,67.42,92.97,80.16,44.92,39.36,51.09,43.57,94.92,91.71,119.5,76.66,10.2,48.66,32.14,39.32,93.24,80.99,68.07,0.0,104.0,77.67,21.1,54.2,74.03,58.18,57.31
26,61.19,46.87,88.39,7.07,48.6,31.14,64.5,39.82,49.04,81.5,66.73,68.26,81.49,87.6,52.92,28.44,15.81,56.08,110.26,68.94,86.09,75.66,18.11,43.0,73.06,104.0,0.0,55.0,89.31,51.31,32.7,49.74,47.01
27,13.0,30.53,63.39,48.01,33.12,79.4,89.81,27.59,85.44,103.23,33.14,61.03,86.41,87.28,89.59,27.46,68.59,80.62,87.13,29.12,47.93,38.6,59.77,12.0,89.63,77.67,55.0,0.0,74.17,50.77,51.61,27.73,45.22
28,62.8,49.24,16.28,86.45,46.32,87.42,58.86,57.01,72.62,59.41,41.77,21.26,30.41,23.77,74.33,82.01,104.2,55.97,22.47,47.8,38.42,40.31,76.42,74.33,47.01,21.1,89.31,74.17,0.0,38.01,57.49,49.5,42.54
29,44.55,20.25,39.45,48.75,17.8,52.92,41.68,25.0,45.1,53.04,31.62,17.0,36.88,40.0,48.37,48.0,66.22,33.62,59.41,38.08,46.01,38.47,39.05,45.54,39.05,54.2,51.31,50.77,38.01,0.0,19.85,23.43,6.08
30,50.33,26.31,59.08,31.58,26.02,34.71,39.96,24.6,34.0,55.54,45.1,36.24,49.5,55.08,38.08,38.08,46.87,30.53,79.2,50.04,62.59,53.46,19.21,42.43,44.15,74.03,32.7,51.61,57.49,19.85,0.0,30.41,17.46
31,21.4,4.12,42.49,44.41,5.66,64.03,64.2,10.0,63.57,76.42,17.0,33.73,58.69,59.91,67.42,33.54,65.51,55.47,66.31,20.22,36.36,25.94,45.54,25.0,62.48,58.18,49.74,27.73,49.5,23.43,30.41,0.0,18.44
32,39.82,14.87,42.01,43.91,12.81,51.92,45.8,18.97,46.87,58.14,29.27,22.14,42.95,46.01,50.45,42.01,62.29,37.22,63.25,35.17,45.54,37.0,36.36,39.56,44.41,57.31,47.01,45.22,42.54,6.08,17.46,18.44,0.0
