vehicles
vehicle_idx, capacity, cost_per_unit_distance
1,100,1
2,100,1
3,100,1
4,100,1
5,100,1
depot
node_idx,x,y
0,82,76
home delivery customers
node_idx,x,y,service_time,demand
1,58,30,10,12
2,5,10,10,14
3,61,59,10,3
4,1,65,10,22
5,93,3,10,24
6,42,9,10,8
7,61,62,10,24
8,80,55,10,2
9,57,69,10,20
10,23,15,10,15
11,85,60,10,14
self pickup customers
node_idx,x,y,service_time,demand,locker_idxs
12,96,44,10,19,34
13,49,8,10,6,37-33
14,13,7,10,19,33
15,29,89,10,7,35
16,2,39,10,16,33
17,3,82,10,8,35
18,98,52,10,21,34
19,5,42,10,4,33
20,9,97,10,24,35
21,98,5,10,9,34
flexible customers
node_idx,x,y,service_time,demand,locker_idxs
22,50,5,10,21,37-33
23,84,39,10,16,40
24,14,24,10,6,33
25,84,25,10,16,34-37
26,88,51,10,18,36
27,91,2,10,19,34-37
28,19,32,10,1,33
29,50,93,10,8,32
30,98,14,10,12,34-37
31,20,70,10,2,35
lockers
node_idx,x,y,service_time,capacity,cost_per_unit_good
32,65,88,10,95
33,25,15,10,80
34,93,12,10,79
35,22,88,10,75
36,77,88,10,80
37,72,14,10,72
38,53,46,10,82
39,46,53,10,79
40,59,42,10,80
41,52,54,10,75
42,35,44,10,81
mrt lines
start_node_idx,end_node_idx,freight_capacity,cost_per_unit_good
32,33,95,1.5
33,32,95,1.5
distance matrix
,0,1,2,3,4,5,6,7,8,9,10,11,12,13,14,15,16,17,18,19,20,21,22,23,24,25,26,27,28,29,30,31,32,33,34,35,36,37,38,39,40,41,42,
0,0.0,51.88,101.41,27.02,81.74,73.82,78.03,25.24,21.1,25.96,84.86,16.28,34.93,75.58,97.58,54.57,88.14,79.23,28.84,84.17,75.96,72.78,77.88,37.05,85.6,51.04,25.71,74.55,76.84,36.24,64.03,62.29,20.81,83.49,64.94,61.19,13.0,62.8,41.73,42.72,41.05,37.2,56.86
1,51.88,0.0,56.65,29.15,66.89,44.2,26.4,32.14,33.3,39.01,38.08,40.36,40.5,23.77,50.54,65.74,56.72,75.69,45.65,54.34,83.01,47.17,26.25,27.51,44.41,26.48,36.62,43.28,39.05,63.51,43.08,55.17,58.42,36.25,39.36,68.26,61.03,21.26,16.76,25.94,12.04,24.74,26.93
2,101.41,56.65,0.0,74.41,55.15,88.28,37.01,76.42,87.46,78.64,18.68,94.34,97.14,44.05,8.54,82.57,29.15,72.03,102.04,32.0,87.09,93.13,45.28,84.15,16.64,80.41,92.57,86.37,26.08,94.41,93.09,61.85,98.41,20.62,88.02,79.83,106.15,67.12,60.0,59.41,62.77,64.38,45.34
3,27.02,29.15,74.41,0.0,60.3,64.5,53.49,3.0,19.42,10.77,58.14,24.02,38.08,52.39,70.77,43.86,62.3,62.39,37.66,58.52,64.4,65.46,55.11,30.48,58.6,41.05,28.16,64.41,49.93,35.74,58.26,42.45,29.27,56.85,56.86,48.6,33.12,46.32,15.26,16.16,17.12,10.3,30.02
4,81.74,66.89,55.15,60.3,0.0,110.94,69.4,60.07,79.63,56.14,54.63,84.15,97.29,74.52,59.23,36.88,26.02,17.12,97.87,23.35,32.98,114.06,77.47,86.98,43.01,92.14,88.12,109.86,37.59,56.44,109.59,19.65,68.01,55.46,106.17,31.14,79.4,87.42,55.36,46.57,62.39,52.17,39.96
5,73.82,44.2,88.28,64.5,110.94,0.0,51.35,67.12,53.6,75.18,71.02,57.56,41.11,44.28,80.1,107.2,97.86,119.75,49.25,96.25,126.06,5.39,43.05,37.11,81.74,23.77,48.26,2.24,79.48,99.74,12.08,99.09,89.49,69.05,9.0,110.75,86.49,23.71,58.73,68.62,51.74,65.44,71.03
6,78.03,26.4,37.01,53.49,69.4,51.35,0.0,56.3,59.67,61.85,19.92,66.71,64.35,7.07,29.07,81.05,50.0,82.76,70.6,49.58,93.98,56.14,8.94,51.61,31.76,44.94,62.29,49.5,32.53,84.38,56.22,64.85,82.28,18.03,51.09,81.49,86.41,30.41,38.6,44.18,37.12,46.1,35.69
7,25.24,32.14,76.42,3.0,60.07,67.12,56.3,0.0,20.25,8.06,60.44,24.08,39.36,55.32,73.0,41.87,63.32,61.35,38.33,59.46,62.68,67.96,58.05,32.53,60.44,43.57,29.15,67.08,51.61,32.89,60.61,41.77,26.31,59.2,59.36,46.87,30.53,49.24,17.89,17.49,20.1,12.04,31.62
8,21.1,33.3,87.46,19.42,79.63,53.6,59.67,20.25,0.0,26.93,69.63,7.07,19.42,56.3,82.42,61.29,79.62,81.6,18.25,76.12,82.49,53.14,58.31,16.49,72.92,30.27,8.94,54.13,65.19,48.41,44.78,61.85,36.25,68.01,44.92,66.73,33.14,41.77,28.46,34.06,24.7,28.02,46.32
9,25.96,39.01,78.64,10.77,56.14,75.18,61.85,8.06,26.93,0.0,63.81,29.41,46.32,61.52,76.03,34.41,62.65,55.54,44.38,58.59,55.57,76.01,64.38,40.36,62.24,51.62,35.85,75.13,53.04,25.0,68.6,37.01,20.62,62.77,67.42,39.82,27.59,57.01,23.35,19.42,27.07,15.81,33.3
10,84.86,38.08,18.68,58.14,54.63,71.02,19.92,60.44,69.63,63.81,0.0,76.61,78.55,26.93,12.81,74.24,31.89,69.92,83.63,32.45,83.19,75.66,28.79,65.55,12.73,61.81,74.3,69.23,17.46,82.54,75.01,55.08,84.22,2.0,70.06,73.01,90.8,49.01,43.14,44.42,45.0,48.6,31.38
11,16.28,40.36,94.34,24.02,84.15,57.56,66.71,24.08,7.07,29.41,76.61,0.0,19.42,63.25,89.4,63.06,85.62,84.9,15.26,82.0,84.53,56.52,65.19,21.02,79.61,35.01,9.49,58.31,71.69,48.1,47.8,65.76,34.41,75.0,48.66,68.94,29.12,47.8,34.93,39.62,31.62,33.54,52.5
12,34.93,40.5,97.14,38.08,97.29,41.11,64.35,39.36,19.42,46.32,78.55,19.42,0.0,59.2,90.87,80.71,94.13,100.46,8.25,91.02,101.87,39.05,60.31,13.0,84.4,22.47,10.63,42.3,77.93,67.21,30.07,80.32,53.82,76.69,32.14,86.09,47.93,38.42,43.05,50.8,37.05,45.12,61.0
13,75.58,23.77,44.05,52.39,74.52,44.28,7.07,55.32,56.3,61.52,26.93,63.25,59.2,0.0,36.01,83.43,56.3,87.13,65.86,55.61,97.58,49.09,3.16,46.75,38.48,38.91,58.05,42.43,38.42,85.01,49.37,68.45,81.58,25.0,44.18,84.43,84.76,23.77,38.21,45.1,35.44,46.1,38.63
14,97.58,50.54,8.54,70.77,59.23,80.1,29.07,73.0,82.42,76.03,12.81,89.4,90.87,36.01,0.0,83.55,33.84,75.66,96.18,35.9,90.09,85.02,37.05,77.88,17.03,73.25,86.95,78.16,25.71,93.62,85.29,63.39,96.25,14.42,80.16,81.5,103.23,59.41,55.87,56.61,57.8,61.07,43.05
15,54.57,65.74,82.57,43.86,36.88,107.2,81.05,41.87,61.29,34.41,74.24,63.06,80.71,83.43,83.55,0.0,56.82,26.93,78.29,52.77,21.54,108.71,86.59,74.33,66.71,84.39,70.18,106.83,57.87,21.38,101.91,21.02,36.01,74.11,100.12,7.07,48.01,86.45,49.24,39.81,55.76,41.88,45.4
16,88.14,56.72,29.15,62.3,26.02,97.86,50.0,63.32,79.62,62.65,31.89,85.62,94.13,56.3,33.84,56.82,0.0,43.01,96.88,4.24,58.42,101.84,58.82,82.0,19.21,83.19,86.83,96.38,18.38,72.25,99.2,35.85,79.81,33.24,94.92,52.92,89.59,74.33,51.48,46.17,57.08,52.2,33.38
17,79.23,75.69,72.03,62.39,17.12,119.75,82.76,61.35,81.6,55.54,69.92,84.9,100.46,87.13,75.66,26.93,43.01,0.0,99.62,40.05,16.16,122.29,90.21,91.71,59.03,99.05,90.48,118.93,52.5,48.27,116.83,20.81,62.29,70.52,114.02,19.92,74.24,96.88,61.61,51.87,68.82,56.44,49.68
18,28.84,45.65,102.04,37.66,97.87,49.25,70.6,38.33,18.25,44.38,83.63,15.26,8.25,65.86,96.18,78.29,96.88,99.62,0.0,93.54,99.73,47.0,67.18,19.1,88.54,30.41,10.05,50.49,81.49,63.13,38.0,80.05,48.84,81.84,40.31,84.1,41.68,46.04,45.4,52.01,40.26,46.04,63.51
19,84.17,54.34,32.0,58.52,23.35,96.25,49.58,59.46,76.12,58.59,32.45,82.0,91.02,55.61,35.9,52.77,4.24,40.05,93.54,0.0,55.15,100.09,58.26,79.06,20.12,80.81,83.49,94.85,17.2,68.01,97.12,31.76,75.6,33.6,92.97,49.04,85.44,72.62,48.17,42.45,54.0,48.51,30.07
20,75.96,83.01,87.09,64.4,32.98,126.06,93.98,62.68,82.49,55.57,83.19,84.53,101.87,97.58,90.09,21.54,58.42,16.16,99.73,55.15,0.0,128.0,100.72,94.81,73.17,103.97,91.42,125.5,65.76,41.19,121.7,29.15,56.72,83.55,119.5,15.81,68.59,104.2,67.36,57.49,74.33,60.81,59.03
21,72.78,47.17,93.13,65.46,114.06,5.39,56.14,67.96,53.14,76.01,75.66,56.52,39.05,49.09,85.02,108.71,101.84,122.29,47.0,100.09,128.0,0.0,48.0,36.77,86.12,24.41,47.07,7.62,83.49,100.24,9.0,101.53,89.32,73.68,8.6,112.54,85.62,27.51,60.88,70.77,53.76,67.21,74.09
22,77.88,26.25,45.28,55.11,77.47,43.05,8.94,58.05,58.31,64.38,28.79,65.19,60.31,3.16,37.05,86.59,58.82,90.21,67.18,58.26,100.72,48.0,0.0,48.08,40.71,39.45,59.67,41.11,41.11,88.0,48.84,71.59,84.34,26.93,43.57,87.6,87.28,23.77,41.11,48.17,38.08,49.04,41.79
23,37.05,27.51,84.15,30.48,86.98,37.11,51.61,32.53,16.49,40.36,65.55,21.02,13.0,46.75,77.88,74.33,82.0,91.71,19.1,79.06,94.81,36.77,48.08,0.0,71.59,14.0,12.65,37.66,65.38,63.81,28.65,71.11,52.55,63.69,28.46,79.03,49.5,27.73,31.78,40.5,25.18,35.34,49.25
24,85.6,44.41,16.64,58.6,43.01,81.74,31.76,60.44,72.92,62.24,12.73,79.61,84.4,38.48,17.03,66.71,19.21,59.03,88.54,20.12,73.17,86.12,40.71,71.59,0.0,70.01,78.77,80.08,9.43,77.83,84.59,46.39,81.84,14.21,79.91,64.5,89.81,58.86,44.78,43.19,48.47,48.41,29.0
25,51.04,26.48,80.41,41.05,92.14,23.77,44.94,43.57,30.27,51.62,61.81,35.01,22.47,38.91,73.25,84.39,83.19,99.05,30.41,80.81,103.97,24.41,39.45,14.0,70.01,0.0,26.31,24.04,65.38,76.03,17.8,78.24,65.8,59.84,15.81,88.39,63.39,16.28,37.44,47.2,30.23,43.19,52.55
26,25.71,36.62,92.57,28.16,88.12,48.26,62.29,29.15,8.94,35.85,74.3,9.49,10.63,58.05,86.95,70.18,86.83,90.48,10.05,83.49,91.42,47.07,59.67,12.65,78.77,26.31,0.0,49.09,71.57,56.64,38.33,70.6,43.57,72.56,39.32,75.66,38.6,40.31,35.36,42.05,30.36,36.12,53.46
27,74.55,43.28,86.37,64.41,109.86,2.24,49.5,67.08,54.13,75.13,69.23,58.31,42.3,42.43,78.16,106.83,96.38,118.93,50.49,94.85,125.5,7.62,41.11,37.66,80.08,24.04,49.09,0.0,78.0,99.81,13.89,98.31,89.84,67.27,10.2,110.26,87.13,22.47,58.14,68.01,51.22,65.0,70.0
28,76.84,39.05,26.08,49.93,37.59,79.48,32.53,51.61,65.19,53.04,17.46,71.69,77.93,38.42,25.71,57.87,18.38,52.5,81.49,17.2,65.76,83.49,41.11,65.38,9.43,65.38,71.57,78.0,0.0,68.43,81.02,38.01,72.47,18.03,76.66,56.08,80.62,55.97,36.77,34.21,41.23,39.66,20.0
29,36.24,63.51,94.41,35.74,56.44,99.74,84.38,32.89,48.41,25.0,82.54,48.1,67.21,85.01,93.62,21.38,72.25,48.27,63.13,68.01,41.19,100.24,88.0,63.81,77.83,76.03,56.64,99.81,68.43,0.0,92.44,37.8,15.81,81.91,91.71,28.44,27.46,82.01,47.1,40.2,51.79,39.05,51.24
30,64.03,43.08,93.09,58.26,109.59,12.08,56.22,60.61,44.78,68.6,75.01,47.8,30.07,49.37,85.29,101.91,99.2,116.83,38.0,97.12,121.7,9.0,48.84,28.65,84.59,17.8,38.33,13.89,81.02,92.44,0.0,96.02,81.02,73.01,5.39,106.08,76.92,26.0,55.22,65.0,48.01,60.96,69.78
31,62.29,55.17,61.85,42.45,19.65,99.09,64.85,41.77,61.85,37.01,55.08,65.76,80.32,68.45,63.39,21.02,35.85,20.81,80.05,31.76,29.15,101.53,71.59,71.11,46.39,78.24,70.6,98.31,38.01,37.8,96.02,0.0,48.47,55.23,93.24,18.11,59.77,76.42,40.8,31.06,48.01,35.78,30.02
32,20.81,58.42,98.41,29.27,68.01,89.49,82.28,26.31,36.25,20.62,84.22,34.41,53.82,81.58,96.25,36.01,79.81,62.29,48.84,75.6,56.72,89.32,84.34,52.55,81.84,65.8,43.57,89.84,72.47,15.81,81.02,48.47,0.0,83.24,80.99,43.0,12.0,74.33,43.68,39.82,46.39,36.4,53.25
33,83.49,36.25,20.62,56.85,55.46,69.05,18.03,59.2,68.01,62.77,2.0,75.0,76.69,25.0,14.42,74.11,33.24,70.52,81.84,33.6,83.55,73.68,26.93,63.69,14.21,59.84,72.56,67.27,18.03,81.91,73.01,55.23,83.24,0.0,68.07,73.06,89.63,47.01,41.77,43.42,43.42,47.43,30.68
34,64.94,39.36,88.02,56.86,106.17,9.0,51.09,59.36,44.92,67.42,70.06,48.66,32.14,44.18,80.16,100.12,94.92,114.02,40.31,92.97,119.5,8.6,43.57,28.46,79.91,15.81,39.32,10.2,76.66,91.71,5.39,93.24,80.99,68.07,0.0,104.0,77.67,21.1,52.5,62.37,45.34,58.69,66.24
35,61.19,68.26,79.83,48.6,31.14,110.75,81.49,46.87,66.73,39.82,73.01,68.94,86.09,84.43,81.5,7.07,52.92,19.92,84.1,49.04,15.81,112.54,87.6,79.03,64.5,88.39,75.66,110.26,56.08,28.44,106.08,18.11,43.0,73.06,104.0,0.0,55.0,89.31,52.2,42.44,59.03,45.34,45.88
36,13.0,61.03,106.15,33.12,79.4,86.49,86.41,30.53,33.14,27.59,90.8,29.12,47.93,84.76,103.23,48.01,89.59,74.24,41.68,85.44,68.59,85.62,87.28,49.5,89.81,63.39,38.6,87.13,80.62,27.46,76.92,59.77,12.0,89.63,77.67,55.0,0.0,74.17,48.37,46.75,49.4,42.2,60.83
37,62.8,21.26,67.12,46.32,87.42,23.71,30.41,49.24,41.77,57.01,49.01,47.8,38.42,23.77,59.41,86.45,74.33,96.88,46.04,72.62,104.2,27.51,23.77,27.73,58.86,16.28,40.31,22.47,55.97,82.01,26.0,76.42,74.33,47.01,21.1,89.31,74.17,0.0,37.22,46.87,30.87,44.72,47.63
38,41.73,16.76,60.0,15.26,55.36,58.73,38.6,17.89,28.46,23.35,43.14,34.93,43.05,38.21,55.87,49.24,51.48,61.61,45.4,48.17,67.36,60.88,41.11,31.78,44.78,37.44,35.36,58.14,36.77,47.1,55.22,40.8,43.68,41.77,52.5,52.2,48.37,37.22,0.0,9.9,7.21,8.06,18.11
39,42.72,25.94,59.41,16.16,46.57,68.62,44.18,17.49,34.06,19.42,44.42,39.62,50.8,45.1,56.61,39.81,46.17,51.87,52.01,42.45,57.49,70.77,48.17,40.5,43.19,47.2,42.05,68.01,34.21,40.2,65.0,31.06,39.82,43.42,62.37,42.44,46.75,46.87,9.9,0.0,17.03,6.08,14.21
40,41.05,12.04,62.77,17.12,62.39,51.74,37.12,20.1,24.7,27.07,45.0,31.62,37.05,35.44,57.8,55.76,57.08,68.82,40.26,54.0,74.33,53.76,38.08,25.18,48.47,30.23,30.36,51.22,41.23,51.79,48.01,48.01,46.39,43.42,45.34,59.03,49.4,30.87,7.21,17.03,0.0,13.89,24.08
41,37.2,24.74,64.38,10.3,52.17,65.44,46.1,12.04,28.02,15.81,48.6,33.54,45.12,46.1,61.07,41.88,52.2,56.44,46.04,48.51,60.81,67.21,49.04,35.34,48.41,43.19,36.12,65.0,39.66,39.05,60.96,35.78,36.4,47.43,58.69,45.34,42.2,44.72,8.06,6.08,13.89,0.0,19.72
42,56.86,26.93,45.34,30.02,39.96,71.03,35.69,31.62,46.32,33.3,31.38,52.5,61.0,38.63,43.05,45.4,33.38,49.68,63.51,30.07,59.03,74.09,41.79,49.25,29.0,52.55,53.46,70.0,20.0,51.24,69.78,30.02,53.25,30.68,66.24,45.88,60.83,47.63,18.11,14.21,24.08,19.72,0.0
