vehicles
vehicle_idx, capacity, cost_per_unit_distance
1,100,1
2,100,1
depot
node_idx,x,y
0,82,76
home delivery customers
node_idx,x,y,service_time,demand
1,88,51,10,18
2,3,82,10,8
3,80,55,10,2
self pickup customers
node_idx,x,y,service_time,demand,locker_idxs
4,98,14,10,12,8
flexible customers
node_idx,x,y,service_time,demand,locker_idxs
5,42,9,10,8,13-7
lockers
node_idx,x,y,service_time,capacity,cost_per_unit_good
6,65,88,10,90
7,25,15,10,93
8,93,12,10,72
9,22,88,10,98
10,77,88,10,80
11,72,14,10,98
12,56,41,10,77
13,45,38,10,82
mrt lines
start_node_idx,end_node_idx,freight_capacity,cost_per_unit_good
6,7,93,1.5
7,6,93,1.5
distance matrix
,0,1,2,3,4,5,6,7,8,9,10,11,12,13,
0,0.0,25.71,79.23,21.1,64.03,78.03,20.81,83.49,64.94,61.19,13.0,62.8,43.6,53.04
1,25.71,0.0,90.48,8.94,38.33,62.29,43.57,72.56,39.32,75.66,38.6,40.31,33.53,44.92
2,79.23,90.48,0.0,81.6,116.83,82.76,62.29,70.52,114.02,19.92,74.24,96.88,67.01,60.83
3,21.1,8.94,81.6,0.0,44.78,59.67,36.25,68.01,44.92,66.73,33.14,41.77,27.78,38.91
4,64.03,38.33,116.83,44.78,0.0,56.22,81.02,73.01,5.39,106.08,76.92,26.0,49.93,58.18
5,78.03,62.29,82.76,59.67,56.22,0.0,82.28,18.03,51.09,81.49,86.41,30.41,34.93,29.15
6,20.81,43.57,62.29,36.25,81.02,82.28,0.0,83.24,80.99,43.0,12.0,74.33,47.85,53.85
7,83.49,72.56,70.52,68.01,73.01,18.03,83.24,0.0,68.07,73.06,89.63,47.01,40.46,30.48
8,64.94,39.32,114.02,44.92,5.39,51.09,80.99,68.07,0.0,104.0,77.67,21.1,47.01,54.59
9,61.19,75.66,19.92,66.73,106.08,81.49,43.0,73.06,104.0,0.0,55.0,89.31,58.01,55.04
10,13.0,38.6,74.24,33.14,76.92,86.41,12.0,89.63,77.67,55.0,0.0,74.17,51.48,59.36
11,62.8,40.31,96.88,41.77,26.0,30.41,74.33,47.01,21.1,89.31,74.17,0.0,31.38,36.12
12,43.6,33.53,67.01,27.78,49.93,34.93,47.85,40.46,47.01,58.01,51.48,31.38,0.0,11.4
13,53.04,44.92,60.83,38.91,58.18,29.15,53.85,30.48,54.59,55.04,59.36,36.12,11.4,0.0
