set K:= 1	2	3	4	5	6	7	8	9	10;
set C_H:= 1	2	3	4	5	6	7	8	9	10	11	12	13	14	15	16	17	18	19	20	21	22	23	24	25	26	27;
set C_S:= 28	29	30	31	32	33	34	35	36	37	38	39	40	41	42	43	44	45	46	47	48	49	50	51	52	53;
set C_F:= 54	55	56	57	58	59	60	61	62	63	64	65	66	67	68	69	70	71	72	73	74	75	76	77	78	79;
set M:= 80	81	82	83	84	85;
set L_B:= 86	87	88	89	90	91	92	93	94	95;
set A1:=
(0,*) 1 2 3 4 5 6 7 8 9 10 11 12 13 14 15 16 17 18 19 20 21 22 23 24 25 26 27 54 55 56 57 58 59 60 61 62 63 64 65 66 67 68 69 70 71 72 73 74 75 76 77 78 79 80 81 82 83 84 85 86 87 88 89 90 91 92 93 94 95 96
(1,*) 0 2 3 4 5 6 7 8 9 10 11 12 13 14 15 16 17 18 19 20 21 22 23 24 25 26 27 54 55 56 57 58 59 60 61 62 63 64 65 66 67 68 69 70 71 72 73 74 75 76 77 78 79 80 81 82 83 84 85 86 87 88 89 90 91 92 93 94 95 96
(2,*) 0 1 3 4 5 6 7 8 9 10 11 12 13 14 15 16 17 18 19 20 21 22 23 24 25 26 27 54 55 56 57 58 59 60 61 62 63 64 65 66 67 68 69 70 71 72 73 74 75 76 77 78 79 80 81 82 83 84 85 86 87 88 89 90 91 92 93 94 95 96
(3,*) 0 1 2 4 5 6 7 8 9 10 11 12 13 14 15 16 17 18 19 20 21 22 23 24 25 26 27 54 55 56 57 58 59 60 61 62 63 64 65 66 67 68 69 70 71 72 73 74 75 76 77 78 79 80 81 82 83 84 85 86 87 88 89 90 91 92 93 94 95 96
(4,*) 0 1 2 3 5 6 7 8 9 10 11 12 13 14 15 16 17 18 19 20 21 22 23 24 25 26 27 54 55 56 57 58 59 60 61 62 63 64 65 66 67 68 69 70 71 72 73 74 75 76 77 78 79 80 81 82 83 84 85 86 87 88 89 90 91 92 93 94 95 96
(5,*) 0 1 2 3 4 6 7 8 9 10 11 12 13 14 15 16 17 18 19 20 21 22 23 24 25 26 27 54 55 56 57 58 59 60 61 62 63 64 65 66 67 68 69 70 71 72 73 74 75 76 77 78 79 80 81 82 83 84 85 86 87 88 89 90 91 92 93 94 95 96
(6,*) 0 1 2 3 4 5 7 8 9 10 11 12 13 14 15 16 17 18 19 20 21 22 23 24 25 26 27 54 55 56 57 58 59 60 61 62 63 64 65 66 67 68 69 70 71 72 73 74 75 76 77 78 79 80 81 82 83 84 85 86 87 88 89 90 91 92 93 94 95 96
(7,*) 0 1 2 3 4 5 6 8 9 10 11 12 13 14 15 16 17 18 19 20 21 22 23 24 25 26 27 54 55 56 57 58 59 60 61 62 63 64 65 66 67 68 69 70 71 72 73 74 75 76 77 78 79 80 81 82 83 84 85 86 87 88 89 90 91 92 93 94 95 96
(8,*) 0 1 2 3 4 5 6 7 9 10 11 12 13 14 15 16 17 18 19 20 21 22 23 24 25 26 27 54 55 56 57 58 59 60 61 62 63 64 65 66 67 68 69 70 71 72 73 74 75 76 77 78 79 80 81 82 83 84 85 86 87 88 89 90 91 92 93 94 95 96
(9,*) 0 1 2 3 4 5 6 7 8 10 11 12 13 14 15 16 17 18 19 20 21 22 23 24 25 26 27 54 55 56 57 58 59 60 61 62 63 64 65 66 67 68 69 70 71 72 73 74 75 76 77 78 79 80 81 82 83 84 85 86 87 88 89 90 91 92 93 94 95 96
(10,*) 0 1 2 3 4 5 6 7 8 9 11 12 13 14 15 16 17 18 19 20 21 22 23 24 25 26 27 54 55 56 57 58 59 60 61 62 63 64 65 66 67 68 69 70 71 72 73 74 75 76 77 78 79 80 81 82 83 84 85 86 87 88 89 90 91 92 93 94 95 96
(11,*) 0 1 2 3 4 5 6 7 8 9 10 12 13 14 15 16 17 18 19 20 21 22 23 24 25 26 27 54 55 56 57 58 59 60 61 62 63 64 65 66 67 68 69 70 71 72 73 74 75 76 77 78 79 80 81 82 83 84 85 86 87 88 89 90 91 92 93 94 95 96
(12,*) 0 1 2 3 4 5 6 7 8 9 10 11 13 14 15 16 17 18 19 20 21 22 23 24 25 26 27 54 55 56 57 58 59 60 61 62 63 64 65 66 67 68 69 70 71 72 73 74 75 76 77 78 79 80 81 82 83 84 85 86 87 88 89 90 91 92 93 94 95 96
(13,*) 0 1 2 3 4 5 6 7 8 9 10 11 12 14 15 16 17 18 19 20 21 22 23 24 25 26 27 54 55 56 57 58 59 60 61 62 63 64 65 66 67 68 69 70 71 72 73 74 75 76 77 78 79 80 81 82 83 84 85 86 87 88 89 90 91 92 93 94 95 96
(14,*) 0 1 2 3 4 5 6 7 8 9 10 11 12 13 15 16 17 18 19 20 21 22 23 24 25 26 27 54 55 56 57 58 59 60 61 62 63 64 65 66 67 68 69 70 71 72 73 74 75 76 77 78 79 80 81 82 83 84 85 86 87 88 89 90 91 92 93 94 95 96
(15,*) 0 1 2 3 4 5 6 7 8 9 10 11 12 13 14 16 17 18 19 20 21 22 23 24 25 26 27 54 55 56 57 58 59 60 61 62 63 64 65 66 67 68 69 70 71 72 73 74 75 76 77 78 79 80 81 82 83 84 85 86 87 88 89 90 91 92 93 94 95 96
(16,*) 0 1 2 3 4 5 6 7 8 9 10 11 12 13 14 15 17 18 19 20 21 22 23 24 25 26 27 54 55 56 57 58 59 60 61 62 63 64 65 66 67 68 69 70 71 72 73 74 75 76 77 78 79 80 81 82 83 84 85 86 87 88 89 90 91 92 93 94 95 96
(17,*) 0 1 2 3 4 5 6 7 8 9 10 11 12 13 14 15 16 18 19 20 21 22 23 24 25 26 27 54 55 56 57 58 59 60 61 62 63 64 65 66 67 68 69 70 71 72 73 74 75 76 77 78 79 80 81 82 83 84 85 86 87 88 89 90 91 92 93 94 95 96
(18,*) 0 1 2 3 4 5 6 7 8 9 10 11 12 13 14 15 16 17 19 20 21 22 23 24 25 26 27 54 55 56 57 58 59 60 61 62 63 64 65 66 67 68 69 70 71 72 73 74 75 76 77 78 79 80 81 82 83 84 85 86 87 88 89 90 91 92 93 94 95 96
(19,*) 0 1 2 3 4 5 6 7 8 9 10 11 12 13 14 15 16 17 18 20 21 22 23 24 25 26 27 54 55 56 57 58 59 60 61 62 63 64 65 66 67 68 69 70 71 72 73 74 75 76 77 78 79 80 81 82 83 84 85 86 87 88 89 90 91 92 93 94 95 96
(20,*) 0 1 2 3 4 5 6 7 8 9 10 11 12 13 14 15 16 17 18 19 21 22 23 24 25 26 27 54 55 56 57 58 59 60 61 62 63 64 65 66 67 68 69 70 71 72 73 74 75 76 77 78 79 80 81 82 83 84 85 86 87 88 89 90 91 92 93 94 95 96
(21,*) 0 1 2 3 4 5 6 7 8 9 10 11 12 13 14 15 16 17 18 19 20 22 23 24 25 26 27 54 55 56 57 58 59 60 61 62 63 64 65 66 67 68 69 70 71 72 73 74 75 76 77 78 79 80 81 82 83 84 85 86 87 88 89 90 91 92 93 94 95 96
(22,*) 0 1 2 3 4 5 6 7 8 9 10 11 12 13 14 15 16 17 18 19 20 21 23 24 25 26 27 54 55 56 57 58 59 60 61 62 63 64 65 66 67 68 69 70 71 72 73 74 75 76 77 78 79 80 81 82 83 84 85 86 87 88 89 90 91 92 93 94 95 96
(23,*) 0 1 2 3 4 5 6 7 8 9 10 11 12 13 14 15 16 17 18 19 20 21 22 24 25 26 27 54 55 56 57 58 59 60 61 62 63 64 65 66 67 68 69 70 71 72 73 74 75 76 77 78 79 80 81 82 83 84 85 86 87 88 89 90 91 92 93 94 95 96
(24,*) 0 1 2 3 4 5 6 7 8 9 10 11 12 13 14 15 16 17 18 19 20 21 22 23 25 26 27 54 55 56 57 58 59 60 61 62 63 64 65 66 67 68 69 70 71 72 73 74 75 76 77 78 79 80 81 82 83 84 85 86 87 88 89 90 91 92 93 94 95 96
(25,*) 0 1 2 3 4 5 6 7 8 9 10 11 12 13 14 15 16 17 18 19 20 21 22 23 24 26 27 54 55 56 57 58 59 60 61 62 63 64 65 66 67 68 69 70 71 72 73 74 75 76 77 78 79 80 81 82 83 84 85 86 87 88 89 90 91 92 93 94 95 96
(26,*) 0 1 2 3 4 5 6 7 8 9 10 11 12 13 14 15 16 17 18 19 20 21 22 23 24 25 27 54 55 56 57 58 59 60 61 62 63 64 65 66 67 68 69 70 71 72 73 74 75 76 77 78 79 80 81 82 83 84 85 86 87 88 89 90 91 92 93 94 95 96
(27,*) 0 1 2 3 4 5 6 7 8 9 10 11 12 13 14 15 16 17 18 19 20 21 22 23 24 25 26 54 55 56 57 58 59 60 61 62 63 64 65 66 67 68 69 70 71 72 73 74 75 76 77 78 79 80 81 82 83 84 85 86 87 88 89 90 91 92 93 94 95 96
(54,*) 0 1 2 3 4 5 6 7 8 9 10 11 12 13 14 15 16 17 18 19 20 21 22 23 24 25 26 27 55 56 57 58 59 60 61 62 63 64 65 66 67 68 69 70 71 72 73 74 75 76 77 78 79 80 81 82 83 84 85 86 87 88 89 90 91 92 93 94 95 96
(55,*) 0 1 2 3 4 5 6 7 8 9 10 11 12 13 14 15 16 17 18 19 20 21 22 23 24 25 26 27 54 56 57 58 59 60 61 62 63 64 65 66 67 68 69 70 71 72 73 74 75 76 77 78 79 80 81 82 83 84 85 86 87 88 89 90 91 92 93 94 95 96
(56,*) 0 1 2 3 4 5 6 7 8 9 10 11 12 13 14 15 16 17 18 19 20 21 22 23 24 25 26 27 54 55 57 58 59 60 61 62 63 64 65 66 67 68 69 70 71 72 73 74 75 76 77 78 79 80 81 82 83 84 85 86 87 88 89 90 91 92 93 94 95 96
(57,*) 0 1 2 3 4 5 6 7 8 9 10 11 12 13 14 15 16 17 18 19 20 21 22 23 24 25 26 27 54 55 56 58 59 60 61 62 63 64 65 66 67 68 69 70 71 72 73 74 75 76 77 78 79 80 81 82 83 84 85 86 87 88 89 90 91 92 93 94 95 96
(58,*) 0 1 2 3 4 5 6 7 8 9 10 11 12 13 14 15 16 17 18 19 20 21 22 23 24 25 26 27 54 55 56 57 59 60 61 62 63 64 65 66 67 68 69 70 71 72 73 74 75 76 77 78 79 80 81 82 83 84 85 86 87 88 89 90 91 92 93 94 95 96
(59,*) 0 1 2 3 4 5 6 7 8 9 10 11 12 13 14 15 16 17 18 19 20 21 22 23 24 25 26 27 54 55 56 57 58 60 61 62 63 64 65 66 67 68 69 70 71 72 73 74 75 76 77 78 79 80 81 82 83 84 85 86 87 88 89 90 91 92 93 94 95 96
(60,*) 0 1 2 3 4 5 6 7 8 9 10 11 12 13 14 15 16 17 18 19 20 21 22 23 24 25 26 27 54 55 56 57 58 59 61 62 63 64 65 66 67 68 69 70 71 72 73 74 75 76 77 78 79 80 81 82 83 84 85 86 87 88 89 90 91 92 93 94 95 96
(61,*) 0 1 2 3 4 5 6 7 8 9 10 11 12 13 14 15 16 17 18 19 20 21 22 23 24 25 26 27 54 55 56 57 58 59 60 62 63 64 65 66 67 68 69 70 71 72 73 74 75 76 77 78 79 80 81 82 83 84 85 86 87 88 89 90 91 92 93 94 95 96
(62,*) 0 1 2 3 4 5 6 7 8 9 10 11 12 13 14 15 16 17 18 19 20 21 22 23 24 25 26 27 54 55 56 57 58 59 60 61 63 64 65 66 67 68 69 70 71 72 73 74 75 76 77 78 79 80 81 82 83 84 85 86 87 88 89 90 91 92 93 94 95 96
(63,*) 0 1 2 3 4 5 6 7 8 9 10 11 12 13 14 15 16 17 18 19 20 21 22 23 24 25 26 27 54 55 56 57 58 59 60 61 62 64 65 66 67 68 69 70 71 72 73 74 75 76 77 78 79 80 81 82 83 84 85 86 87 88 89 90 91 92 93 94 95 96
(64,*) 0 1 2 3 4 5 6 7 8 9 10 11 12 13 14 15 16 17 18 19 20 21 22 23 24 25 26 27 54 55 56 57 58 59 60 61 62 63 65 66 67 68 69 70 71 72 73 74 75 76 77 78 79 80 81 82 83 84 85 86 87 88 89 90 91 92 93 94 95 96
(65,*) 0 1 2 3 4 5 6 7 8 9 10 11 12 13 14 15 16 17 18 19 20 21 22 23 24 25 26 27 54 55 56 57 58 59 60 61 62 63 64 66 67 68 69 70 71 72 73 74 75 76 77 78 79 80 81 82 83 84 85 86 87 88 89 90 91 92 93 94 95 96
(66,*) 0 1 2 3 4 5 6 7 8 9 10 11 12 13 14 15 16 17 18 19 20 21 22 23 24 25 26 27 54 55 56 57 58 59 60 61 62 63 64 65 67 68 69 70 71 72 73 74 75 76 77 78 79 80 81 82 83 84 85 86 87 88 89 90 91 92 93 94 95 96
(67,*) 0 1 2 3 4 5 6 7 8 9 10 11 12 13 14 15 16 17 18 19 20 21 22 23 24 25 26 27 54 55 56 57 58 59 60 61 62 63 64 65 66 68 69 70 71 72 73 74 75 76 77 78 79 80 81 82 83 84 85 86 87 88 89 90 91 92 93 94 95 96
(68,*) 0 1 2 3 4 5 6 7 8 9 10 11 12 13 14 15 16 17 18 19 20 21 22 23 24 25 26 27 54 55 56 57 58 59 60 61 62 63 64 65 66 67 69 70 71 72 73 74 75 76 77 78 79 80 81 82 83 84 85 86 87 88 89 90 91 92 93 94 95 96
(69,*) 0 1 2 3 4 5 6 7 8 9 10 11 12 13 14 15 16 17 18 19 20 21 22 23 24 25 26 27 54 55 56 57 58 59 60 61 62 63 64 65 66 67 68 70 71 72 73 74 75 76 77 78 79 80 81 82 83 84 85 86 87 88 89 90 91 92 93 94 95 96
(70,*) 0 1 2 3 4 5 6 7 8 9 10 11 12 13 14 15 16 17 18 19 20 21 22 23 24 25 26 27 54 55 56 57 58 59 60 61 62 63 64 65 66 67 68 69 71 72 73 74 75 76 77 78 79 80 81 82 83 84 85 86 87 88 89 90 91 92 93 94 95 96
(71,*) 0 1 2 3 4 5 6 7 8 9 10 11 12 13 14 15 16 17 18 19 20 21 22 23 24 25 26 27 54 55 56 57 58 59 60 61 62 63 64 65 66 67 68 69 70 72 73 74 75 76 77 78 79 80 81 82 83 84 85 86 87 88 89 90 91 92 93 94 95 96
(72,*) 0 1 2 3 4 5 6 7 8 9 10 11 12 13 14 15 16 17 18 19 20 21 22 23 24 25 26 27 54 55 56 57 58 59 60 61 62 63 64 65 66 67 68 69 70 71 73 74 75 76 77 78 79 80 81 82 83 84 85 86 87 88 89 90 91 92 93 94 95 96
(73,*) 0 1 2 3 4 5 6 7 8 9 10 11 12 13 14 15 16 17 18 19 20 21 22 23 24 25 26 27 54 55 56 57 58 59 60 61 62 63 64 65 66 67 68 69 70 71 72 74 75 76 77 78 79 80 81 82 83 84 85 86 87 88 89 90 91 92 93 94 95 96
(74,*) 0 1 2 3 4 5 6 7 8 9 10 11 12 13 14 15 16 17 18 19 20 21 22 23 24 25 26 27 54 55 56 57 58 59 60 61 62 63 64 65 66 67 68 69 70 71 72 73 75 76 77 78 79 80 81 82 83 84 85 86 87 88 89 90 91 92 93 94 95 96
(75,*) 0 1 2 3 4 5 6 7 8 9 10 11 12 13 14 15 16 17 18 19 20 21 22 23 24 25 26 27 54 55 56 57 58 59 60 61 62 63 64 65 66 67 68 69 70 71 72 73 74 76 77 78 79 80 81 82 83 84 85 86 87 88 89 90 91 92 93 94 95 96
(76,*) 0 1 2 3 4 5 6 7 8 9 10 11 12 13 14 15 16 17 18 19 20 21 22 23 24 25 26 27 54 55 56 57 58 59 60 61 62 63 64 65 66 67 68 69 70 71 72 73 74 75 77 78 79 80 81 82 83 84 85 86 87 88 89 90 91 92 93 94 95 96
(77,*) 0 1 2 3 4 5 6 7 8 9 10 11 12 13 14 15 16 17 18 19 20 21 22 23 24 25 26 27 54 55 56 57 58 59 60 61 62 63 64 65 66 67 68 69 70 71 72 73 74 75 76 78 79 80 81 82 83 84 85 86 87 88 89 90 91 92 93 94 95 96
(78,*) 0 1 2 3 4 5 6 7 8 9 10 11 12 13 14 15 16 17 18 19 20 21 22 23 24 25 26 27 54 55 56 57 58 59 60 61 62 63 64 65 66 67 68 69 70 71 72 73 74 75 76 77 79 80 81 82 83 84 85 86 87 88 89 90 91 92 93 94 95 96
(79,*) 0 1 2 3 4 5 6 7 8 9 10 11 12 13 14 15 16 17 18 19 20 21 22 23 24 25 26 27 54 55 56 57 58 59 60 61 62 63 64 65 66 67 68 69 70 71 72 73 74 75 76 77 78 80 81 82 83 84 85 86 87 88 89 90 91 92 93 94 95 96
(80,*) 0 1 2 3 4 5 6 7 8 9 10 11 12 13 14 15 16 17 18 19 20 21 22 23 24 25 26 27 54 55 56 57 58 59 60 61 62 63 64 65 66 67 68 69 70 71 72 73 74 75 76 77 78 79 81 82 83 84 85 86 87 88 89 90 91 92 93 94 95 96
(81,*) 0 1 2 3 4 5 6 7 8 9 10 11 12 13 14 15 16 17 18 19 20 21 22 23 24 25 26 27 54 55 56 57 58 59 60 61 62 63 64 65 66 67 68 69 70 71 72 73 74 75 76 77 78 79 80 82 83 84 85 86 87 88 89 90 91 92 93 94 95 96
(82,*) 0 1 2 3 4 5 6 7 8 9 10 11 12 13 14 15 16 17 18 19 20 21 22 23 24 25 26 27 54 55 56 57 58 59 60 61 62 63 64 65 66 67 68 69 70 71 72 73 74 75 76 77 78 79 80 81 83 84 85 86 87 88 89 90 91 92 93 94 95 96
(83,*) 0 1 2 3 4 5 6 7 8 9 10 11 12 13 14 15 16 17 18 19 20 21 22 23 24 25 26 27 54 55 56 57 58 59 60 61 62 63 64 65 66 67 68 69 70 71 72 73 74 75 76 77 78 79 80 81 82 84 85 86 87 88 89 90 91 92 93 94 95 96
(84,*) 0 1 2 3 4 5 6 7 8 9 10 11 12 13 14 15 16 17 18 19 20 21 22 23 24 25 26 27 54 55 56 57 58 59 60 61 62 63 64 65 66 67 68 69 70 71 72 73 74 75 76 77 78 79 80 81 82 83 85 86 87 88 89 90 91 92 93 94 95 96
(85,*) 0 1 2 3 4 5 6 7 8 9 10 11 12 13 14 15 16 17 18 19 20 21 22 23 24 25 26 27 54 55 56 57 58 59 60 61 62 63 64 65 66 67 68 69 70 71 72 73 74 75 76 77 78 79 80 81 82 83 84 86 87 88 89 90 91 92 93 94 95 96
(86,*) 0 1 2 3 4 5 6 7 8 9 10 11 12 13 14 15 16 17 18 19 20 21 22 23 24 25 26 27 54 55 56 57 58 59 60 61 62 63 64 65 66 67 68 69 70 71 72 73 74 75 76 77 78 79 80 81 82 83 84 85 87 88 89 90 91 92 93 94 95 96
(87,*) 0 1 2 3 4 5 6 7 8 9 10 11 12 13 14 15 16 17 18 19 20 21 22 23 24 25 26 27 54 55 56 57 58 59 60 61 62 63 64 65 66 67 68 69 70 71 72 73 74 75 76 77 78 79 80 81 82 83 84 85 86 88 89 90 91 92 93 94 95 96
(88,*) 0 1 2 3 4 5 6 7 8 9 10 11 12 13 14 15 16 17 18 19 20 21 22 23 24 25 26 27 54 55 56 57 58 59 60 61 62 63 64 65 66 67 68 69 70 71 72 73 74 75 76 77 78 79 80 81 82 83 84 85 86 87 89 90 91 92 93 94 95 96
(89,*) 0 1 2 3 4 5 6 7 8 9 10 11 12 13 14 15 16 17 18 19 20 21 22 23 24 25 26 27 54 55 56 57 58 59 60 61 62 63 64 65 66 67 68 69 70 71 72 73 74 75 76 77 78 79 80 81 82 83 84 85 86 87 88 90 91 92 93 94 95 96
(90,*) 0 1 2 3 4 5 6 7 8 9 10 11 12 13 14 15 16 17 18 19 20 21 22 23 24 25 26 27 54 55 56 57 58 59 60 61 62 63 64 65 66 67 68 69 70 71 72 73 74 75 76 77 78 79 80 81 82 83 84 85 86 87 88 89 91 92 93 94 95 96
(91,*) 0 1 2 3 4 5 6 7 8 9 10 11 12 13 14 15 16 17 18 19 20 21 22 23 24 25 26 27 54 55 56 57 58 59 60 61 62 63 64 65 66 67 68 69 70 71 72 73 74 75 76 77 78 79 80 81 82 83 84 85 86 87 88 89 90 92 93 94 95 96
(92,*) 0 1 2 3 4 5 6 7 8 9 10 11 12 13 14 15 16 17 18 19 20 21 22 23 24 25 26 27 54 55 56 57 58 59 60 61 62 63 64 65 66 67 68 69 70 71 72 73 74 75 76 77 78 79 80 81 82 83 84 85 86 87 88 89 90 91 93 94 95 96
(93,*) 0 1 2 3 4 5 6 7 8 9 10 11 12 13 14 15 16 17 18 19 20 21 22 23 24 25 26 27 54 55 56 57 58 59 60 61 62 63 64 65 66 67 68 69 70 71 72 73 74 75 76 77 78 79 80 81 82 83 84 85 86 87 88 89 90 91 92 94 95 96
(94,*) 0 1 2 3 4 5 6 7 8 9 10 11 12 13 14 15 16 17 18 19 20 21 22 23 24 25 26 27 54 55 56 57 58 59 60 61 62 63 64 65 66 67 68 69 70 71 72 73 74 75 76 77 78 79 80 81 82 83 84 85 86 87 88 89 90 91 92 93 95 96
(95,*) 0 1 2 3 4 5 6 7 8 9 10 11 12 13 14 15 16 17 18 19 20 21 22 23 24 25 26 27 54 55 56 57 58 59 60 61 62 63 64 65 66 67 68 69 70 71 72 73 74 75 76 77 78 79 80 81 82 83 84 85 86 87 88 89 90 91 92 93 94 96
(96,*) 0 1 2 3 4 5 6 7 8 9 10 11 12 13 14 15 16 17 18 19 20 21 22 23 24 25 26 27 54 55 56 57 58 59 60 61 62 63 64 65 66 67 68 69 70 71 72 73 74 75 76 77 78 79 80 81 82 83 84 85 86 87 88 89 90 91 92 93 94 95
;
set A2:=
(80,*) 81
(81,*) 80
;
param BigM:=99999;
param n:= 10;
param d:=
1	23
2	26
3	23
4	12
5	6
6	26
7	15
8	7
9	4
10	4
11	10
12	2
13	13
14	23
15	23
16	11
17	2
18	13
19	14
20	7
21	22
22	18
23	2
24	9
25	5
26	12
27	2
28	24
29	22
30	5
31	16
32	26
33	17
34	9
35	1
36	2
37	12
38	14
39	21
40	6
41	10
42	3
43	13
44	7
45	21
46	22
47	6
48	9
49	12
50	19
51	6
52	14
53	2
54	11
55	23
56	9
57	9
58	14
59	2
60	2
61	20
62	12
63	13
64	12
65	20
66	9
67	2
68	23
69	13
70	3
71	7
72	6
73	2
74	22
75	13
76	11
77	5
78	2
79	24
;
param Q:=100;
param w:=
[80,*] 81 1.5
[81,*] 80 1.5
;
param V:=
[80,*] 81 99
[81,*] 80 99
;
param e:
	80	81	82	83	84	85	86	87	88	89	90	91	92	93	94	95:=
28		0		0		0		0		1		0		0		0		0		0		0		0		0		0		0		0	
29		0		0		1		0		0		1		0		0		0		0		0		0		0		0		0		0	
30		0		0		0		1		0		0		0		0		0		0		0		0		0		0		0		0	
31		0		0		0		0		0		0		1		0		0		1		0		0		1		0		0		1	
32		0		0		0		1		0		0		0		0		0		0		0		0		0		0		0		0	
33		0		0		0		0		0		0		0		0		0		1		0		0		0		0		0		0	
34		0		0		0		1		0		0		0		1		0		0		0		0		0		0		0		0	
35		0		0		0		0		0		0		0		0		0		0		0		1		0		0		0		0	
36		0		0		0		0		0		0		0		0		1		0		0		0		0		0		0		0	
37		1		0		0		0		1		0		0		0		0		0		1		0		0		0		0		0	
38		0		0		1		0		0		1		1		0		0		0		0		0		0		0		0		1	
39		1		0		0		0		0		0		0		0		0		0		1		0		0		0		0		0	
40		0		0		0		0		0		0		1		0		0		1		0		0		1		1		0		1	
41		0		0		0		1		0		0		0		1		0		0		0		0		0		0		0		0	
42		1		0		0		0		0		0		0		0		0		0		0		0		0		1		0		0	
43		1		0		0		0		1		0		0		0		0		0		0		0		0		0		0		0	
44		0		1		0		0		0		0		0		0		0		0		0		0		0		0		0		0	
45		0		1		0		0		0		0		0		0		1		0		0		0		0		0		0		0	
46		0		0		0		0		0		1		0		0		0		0		0		0		1		0		0		0	
47		0		0		0		0		0		0		0		0		0		0		0		0		0		0		1		0	
48		0		1		0		0		0		1		0		0		0		0		0		0		0		0		0		0	
49		1		0		0		0		1		0		0		0		0		0		0		0		0		0		0		0	
50		0		0		0		0		0		0		0		0		0		1		0		0		0		1		0		1	
51		0		1		0		0		0		0		0		0		0		0		0		0		0		0		1		0	
52		0		0		0		1		0		0		0		1		0		0		1		0		0		0		0		0	
53		0		0		0		0		0		0		0		0		0		0		1		0		0		1		0		0	
54		0		0		0		0		0		1		1		0		0		1		0		0		1		0		0		1	
55		0		0		0		0		0		1		1		0		0		1		0		0		0		0		0		1	
56		0		0		0		0		0		1		0		0		0		0		0		0		0		0		0		0	
57		0		0		1		0		0		0		1		0		0		0		0		0		1		0		0		1	
58		0		0		0		0		0		1		1		0		0		1		0		0		1		0		0		1	
59		0		0		1		0		0		0		0		0		0		0		0		0		1		0		0		0	
60		0		0		0		0		0		0		0		0		0		0		0		1		0		0		1		0	
61		0		0		0		0		0		0		0		0		0		1		0		0		0		1		0		1	
62		0		1		0		0		0		0		0		0		0		0		0		0		0		0		1		0	
63		0		0		0		0		1		0		0		0		0		0		0		0		0		0		0		0	
64		0		0		0		0		0		0		0		0		0		0		0		1		0		0		1		0	
65		0		0		1		0		0		1		1		0		0		0		0		0		1		0		0		0	
66		0		0		0		0		0		1		1		0		0		1		0		0		0		0		0		1	
67		0		0		0		0		0		0		0		0		0		1		0		1		0		1		1		1	
68		0		0		0		1		0		0		0		1		0		0		1		0		0		0		0		0	
69		0		0		0		0		1		0		0		0		0		0		0		0		0		0		0		0	
70		0		1		0		0		0		0		0		0		0		0		0		0		0		0		0		0	
71		0		0		1		0		0		0		0		0		0		0		0		0		1		0		0		0	
72		0		0		1		0		0		1		1		0		0		0		0		0		1		0		0		1	
73		0		0		0		0		0		0		0		0		0		0		0		1		0		0		0		0	
74		0		0		0		0		0		0		1		0		0		1		0		0		0		0		1		1	
75		0		0		0		0		0		0		0		0		0		1		1		1		0		1		0		0	
76		1		0		0		0		0		0		0		1		0		0		1		0		0		1		0		0	
77		1		0		0		0		0		0		0		1		0		0		1		0		0		1		0		0	
78		0		1		0		0		0		1		0		0		0		0		0		0		0		0		0		1	
79		0		0		1		0		0		1		1		0		0		0		0		0		1		0		0		0	
;
param p:=
1	1
2	1
3	1
4	1
5	1
6	1
7	1
8	1
9	1
10	1
;
param G:=
80	99
81	96
82	93
83	86
84	72
85	91
86	75
87	83
88	92
89	71
90	79
91	94
92	73
93	71
94	96
95	84
;
param s:=
0	0
1	10
2	10
3	10
4	10
5	10
6	10
7	10
8	10
9	10
10	10
11	10
12	10
13	10
14	10
15	10
16	10
17	10
18	10
19	10
20	10
21	10
22	10
23	10
24	10
25	10
26	10
27	10
54	10
55	10
56	10
57	10
58	10
59	10
60	10
61	10
62	10
63	10
64	10
65	10
66	10
67	10
68	10
69	10
70	10
71	10
72	10
73	10
74	10
75	10
76	10
77	10
78	10
79	10
80	10
81	10
82	10
83	10
84	10
85	10
86	10
87	10
88	10
89	10
90	10
91	10
92	10
93	10
94	10
95	10
;
param t:
	0	1	2	3	4	5	6	7	8	9	10	11	12	13	14	15	16	17	18	19	20	21	22	23	24	25	26	27	28	29	30	31	32	33	34	35	36	37	38	39	40	41	42	43	44	45	46	47	48	49	50	51	52	53	54	55	56	57	58	59	60	61	62	63	64	65	66	67	68	69	70	71	72	73	74	75	76	77	78	79	80	81	82	83	84	85	86	87	88	89	90	91	92	93	94	95	96:=
0	0.0	48.1	40.01	96.77	22.2	103.08	92.14	90.43	73.68	113.9	72.42	59.41	75.5	85.28	28.02	78.23	80.06	103.48	11.66	94.51	56.01	97.64	54.41	119.97	110.8	47.54	62.03	67.91	34.23	88.77	92.2	56.36	81.3	61.47	75.01	82.49	125.87	30.36	89.29	58.14	57.71	69.35	37.01	39.81	105.21	101.4	58.69	71.85	97.53	17.0	53.91	91.68	65.12	42.01	62.27	75.03	95.86	54.08	65.12	67.36	87.09	65.3	101.83	32.02	84.96	75.06	74.25	66.6	51.09	19.92	104.81	87.09	73.17	82.28	74.06	58.73	41.23	41.23	86.35	81.15	27.29	102.07	80.01	70.11	15.52	80.52	65.0	57.08	115.97	60.93	42.06	81.12	65.62	51.87	91.44	65.46	0.0
1	48.1	0.0	34.71	54.23	26.63	58.52	71.28	43.42	38.9	65.95	26.93	15.0	45.62	37.44	20.81	50.77	32.02	55.44	46.32	49.04	39.96	52.2	26.87	72.01	63.29	23.71	47.01	35.36	31.02	54.57	69.07	19.24	52.84	26.83	52.5	37.11	77.78	24.74	54.13	10.3	19.7	42.8	11.66	16.03	57.8	54.59	36.07	25.3	54.13	37.59	8.0	44.42	35.81	7.28	21.38	37.85	57.04	43.42	38.6	54.04	40.31	18.38	53.81	43.05	36.88	52.8	34.13	19.24	39.4	43.32	60.44	66.61	50.0	42.19	28.86	10.63	23.54	23.54	43.42	56.6	30.08	54.41	59.2	45.45	35.23	47.43	35.51	37.2	67.9	25.5	20.62	35.9	41.23	8.94	43.42	32.2	48.1
2	40.01	34.71	0.0	88.02	25.06	70.72	52.35	63.13	37.2	88.19	45.19	34.93	36.77	66.49	32.56	84.17	60.42	81.93	46.87	81.3	68.6	66.84	19.21	98.23	91.76	53.0	22.2	69.29	6.71	50.57	101.97	26.93	86.54	27.8	84.6	70.03	101.12	41.77	51.43	43.05	28.23	75.58	32.76	41.88	86.83	72.67	19.7	58.01	64.35	43.08	34.01	64.88	68.94	34.93	33.11	39.7	59.36	14.56	26.4	28.16	71.57	42.2	77.39	12.73	64.29	35.06	41.11	44.15	65.95	22.14	72.12	47.27	33.24	76.79	46.07	42.0	49.2	49.2	53.81	41.19	44.41	75.66	40.05	77.83	38.63	42.49	27.46	67.12	91.24	28.02	47.43	69.01	26.25	43.42	70.88	29.73	40.01
3	96.77	54.23	88.02	0.0	78.59	63.01	108.41	46.67	73.35	46.32	51.48	54.92	82.29	28.02	69.57	33.84	32.65	31.95	90.43	11.4	51.09	56.85	74.33	39.12	28.0	50.25	94.11	31.83	85.09	82.42	44.1	64.13	32.02	68.68	41.44	18.44	50.01	66.64	80.8	45.0	63.35	36.89	61.85	57.01	24.33	51.31	82.46	30.15	64.44	81.41	54.08	45.28	36.07	57.27	60.17	69.77	76.42	93.38	81.27	100.28	20.25	48.51	39.36	97.25	32.2	93.62	63.95	46.57	55.9	96.88	64.64	105.12	91.0	15.0	52.33	46.04	56.44	56.44	61.22	94.37	70.71	44.78	99.32	38.95	81.44	79.76	77.16	47.42	44.55	67.45	55.01	19.24	84.43	46.87	29.73	72.11	96.77
4	22.2	26.63	25.06	78.59	0.0	81.01	76.16	68.25	52.95	91.92	50.22	37.2	56.04	64.07	10.2	66.1	58.6	82.01	24.19	74.85	47.01	75.47	34.13	98.6	89.89	33.54	46.49	53.04	18.36	68.59	82.57	34.54	68.88	40.26	64.85	62.77	104.06	18.36	68.88	36.89	35.85	57.07	16.76	23.02	84.38	79.2	40.2	51.43	75.58	18.44	31.83	69.53	51.35	21.54	40.25	53.85	74.73	39.4	46.01	52.92	66.65	43.19	79.93	24.7	63.41	57.87	52.55	44.55	43.42	19.03	82.76	71.06	55.58	64.94	51.87	37.2	28.16	28.16	64.4	63.51	19.8	79.98	63.56	58.69	14.14	60.41	45.1	46.49	94.11	39.56	27.46	61.47	47.17	31.95	70.0	44.72	22.2
5	103.08	58.52	70.72	63.01	81.01	0.0	57.08	18.44	34.67	26.68	31.62	44.38	39.92	37.7	78.55	86.98	36.88	33.42	103.87	51.61	90.09	7.07	51.62	41.76	43.57	77.23	60.37	74.33	73.0	30.15	103.08	46.87	86.98	43.19	92.89	50.7	38.01	83.24	28.16	51.62	45.49	83.74	69.89	73.76	42.64	12.04	53.01	48.51	6.71	95.63	50.92	18.97	77.93	65.8	40.82	31.4	19.03	65.19	47.17	62.97	44.72	40.26	24.84	83.45	33.84	50.96	29.73	39.81	92.01	90.91	2.0	56.04	49.65	65.0	29.73	49.82	79.91	79.91	17.03	47.68	88.6	19.21	53.76	86.88	92.7	33.84	44.41	86.15	30.81	43.28	76.94	51.26	49.24	60.67	33.62	41.11	103.08
6	92.14	71.28	52.35	108.41	76.16	57.08	0.0	64.51	35.61	83.49	57.43	59.46	26.91	80.53	80.99	119.52	75.8	86.4	99.14	97.95	111.22	58.86	45.18	98.15	97.53	94.87	30.15	104.0	58.69	27.66	137.89	52.2	120.92	44.82	122.67	90.97	95.08	89.69	29.61	72.92	52.01	112.7	76.92	85.48	94.87	66.91	36.77	81.84	51.35	94.59	64.82	66.41	105.65	76.16	52.35	38.83	38.05	38.05	32.76	25.08	88.19	63.03	78.34	61.07	76.48	18.79	44.65	64.54	110.28	73.01	57.01	5.1	21.47	103.41	56.3	70.77	93.54	93.54	48.7	14.87	93.64	73.55	12.65	115.62	90.24	28.65	35.81	108.47	87.57	46.23	90.92	90.7	30.41	79.2	80.62	39.7	92.14
7	90.43	43.42	63.13	46.67	68.25	18.44	64.51	0.0	33.02	25.06	18.44	31.14	41.11	19.72	64.14	68.62	18.44	22.2	89.69	35.38	72.0	11.4	44.28	36.5	33.38	59.84	58.69	55.9	63.82	37.16	85.0	36.62	68.71	35.85	74.46	32.65	38.01	67.62	35.34	35.11	35.23	65.31	55.07	57.58	30.36	11.18	48.76	30.15	18.03	81.01	36.62	2.0	59.54	50.54	30.23	29.02	29.83	61.4	44.55	63.13	27.2	25.24	15.13	75.47	15.65	53.15	24.33	24.19	74.17	80.92	20.4	62.1	51.04	46.96	17.2	33.62	63.06	63.06	15.81	51.97	73.01	12.53	57.71	68.45	78.55	36.67	40.79	68.01	28.23	35.34	60.17	33.11	47.38	43.97	17.03	36.14	90.43
8	73.68	38.9	37.2	73.35	52.95	34.67	35.61	33.02	0.0	56.52	21.95	25.06	8.94	45.88	54.0	84.39	40.72	55.04	77.1	63.32	78.29	32.31	19.31	69.35	66.12	62.39	26.25	69.03	40.71	16.03	102.65	20.22	85.63	13.0	88.01	55.57	69.38	61.29	16.03	38.28	19.42	78.01	47.38	54.57	62.51	39.56	18.44	46.23	28.02	70.26	31.38	35.01	71.03	45.12	17.89	4.0	22.36	30.53	12.53	30.15	53.31	27.59	48.09	49.82	42.06	20.62	9.49	29.0	78.19	58.67	35.81	31.91	18.25	67.8	21.02	36.06	62.36	62.36	18.97	21.1	66.12	44.55	26.0	81.02	66.48	8.54	9.9	75.13	60.21	14.04	59.48	55.23	14.87	45.62	47.07	8.25	73.68
9	113.9	65.95	88.19	46.32	91.92	26.68	83.49	25.06	56.52	0.0	43.27	55.44	63.64	31.38	86.68	77.0	34.99	15.0	112.0	36.22	86.83	25.02	69.32	15.23	20.25	77.88	82.71	68.07	88.75	56.08	90.09	61.59	76.06	60.84	84.05	41.59	13.0	88.75	54.08	56.4	60.21	76.53	77.47	78.23	22.14	17.12	73.39	46.1	32.14	103.0	60.11	23.32	72.37	72.62	55.23	52.63	45.54	86.03	68.68	86.49	34.53	48.84	12.21	100.5	30.02	75.43	48.7	47.38	90.14	105.6	27.2	82.1	73.68	54.01	42.19	55.44	82.3	82.3	37.66	73.03	94.03	12.53	79.06	79.4	101.04	58.22	65.15	82.71	4.12	60.37	79.65	42.76	71.31	64.35	24.7	60.75	113.9
10	72.42	26.93	45.19	51.48	50.22	31.62	57.43	18.44	21.95	43.27	0.0	13.04	30.89	24.52	47.01	64.07	18.97	37.11	72.45	41.76	61.61	25.5	26.93	53.14	47.52	47.17	44.1	49.24	45.49	33.6	82.01	18.36	65.0	19.1	68.48	33.62	56.08	51.66	32.45	21.1	17.0	58.59	38.28	42.43	43.1	29.07	33.02	24.76	27.29	64.08	19.31	20.0	51.89	34.21	12.08	18.6	32.28	45.28	30.41	49.65	31.62	9.0	32.2	57.31	21.1	42.15	12.81	9.22	62.65	62.48	33.53	53.85	39.56	46.1	2.0	19.03	49.04	49.04	17.03	43.05	57.01	30.81	47.85	61.72	61.27	29.07	26.31	57.97	46.14	18.25	46.04	33.29	33.54	30.02	27.02	21.21	72.42
11	59.41	15.0	34.93	54.92	37.2	44.38	59.46	31.14	25.06	55.44	13.04	0.0	32.8	31.58	34.18	60.11	25.5	47.42	59.51	47.01	53.31	38.47	19.42	63.95	56.92	37.64	39.56	44.55	34.01	40.16	78.52	9.22	61.62	15.0	63.25	36.5	68.01	39.46	39.56	13.45	8.54	53.26	25.71	31.02	51.92	42.01	27.86	25.0	39.56	51.26	7.0	32.53	46.23	22.09	7.21	23.41	42.05	38.47	28.02	46.1	37.01	7.28	43.83	46.24	29.41	41.87	19.24	9.22	53.45	50.22	46.24	55.15	39.05	46.1	14.76	11.31	38.33	38.33	28.64	44.6	44.72	43.19	48.17	56.22	48.33	33.54	24.21	50.09	58.01	13.6	35.36	35.69	31.06	20.62	36.06	19.8	59.41
12	75.5	45.62	36.77	82.29	56.04	39.92	26.91	41.11	8.94	63.64	30.89	32.8	0.0	54.78	58.55	92.7	49.66	63.29	80.16	72.24	85.48	38.83	22.02	77.06	74.43	69.32	20.81	77.23	41.48	13.89	111.04	26.4	94.05	18.79	96.05	64.5	76.3	66.49	15.0	46.23	25.94	86.05	52.89	60.75	71.02	46.53	17.09	55.0	33.24	74.03	38.59	43.1	79.03	51.26	25.61	12.65	24.08	26.91	10.44	23.09	62.24	36.12	56.01	48.76	50.92	12.04	18.38	37.64	85.0	58.87	40.72	23.02	10.05	76.61	29.97	44.05	68.71	68.71	26.08	12.21	71.02	52.09	17.09	89.02	70.0	6.4	11.05	82.49	67.48	20.12	65.92	64.14	10.82	53.0	55.79	13.42	75.5
13	85.28	37.44	66.49	28.02	64.07	37.7	80.53	19.72	45.88	31.38	24.52	31.58	54.78	0.0	57.38	49.48	6.08	18.44	82.07	17.46	55.9	30.87	50.04	34.71	25.94	46.52	68.47	38.0	65.15	54.41	65.39	40.2	49.34	43.1	55.73	13.0	41.62	58.26	52.8	27.2	39.12	47.1	48.27	47.63	20.62	27.46	57.14	14.76	37.74	72.92	33.62	18.79	42.05	43.28	35.0	42.15	48.84	69.0	54.92	74.15	7.81	24.33	19.65	77.49	4.24	66.41	36.4	22.36	58.94	80.06	39.56	77.39	63.89	27.31	25.0	26.93	51.11	51.11	33.3	66.71	63.41	23.02	71.87	50.16	71.42	51.88	50.8	51.79	32.25	42.05	48.55	13.6	58.05	33.97	6.71	45.71	85.28
14	28.02	20.81	32.56	69.57	10.2	78.55	80.99	64.14	54.0	86.68	47.01	34.18	58.55	57.38	0.0	55.9	52.33	75.69	25.55	66.65	37.12	72.5	36.67	92.1	82.8	23.35	52.35	43.0	26.17	70.01	72.42	34.13	58.69	41.0	54.71	54.59	98.35	9.22	70.01	30.41	35.23	46.87	9.22	13.04	77.2	75.29	44.27	43.83	73.68	17.09	27.73	65.19	41.19	14.14	38.83	54.15	74.67	46.04	49.24	59.17	59.08	38.95	74.52	34.44	57.28	62.3	51.79	39.96	33.84	29.15	80.41	75.96	59.77	55.54	48.85	31.24	18.03	18.03	62.64	67.45	12.65	75.21	68.35	48.51	14.42	62.07	47.52	36.4	88.53	40.01	17.26	53.24	50.96	23.85	63.66	46.04	28.02
15	78.23	50.77	84.17	33.84	66.1	86.98	119.52	68.62	84.39	77.0	64.07	60.11	92.7	49.48	55.9	0.0	50.33	62.0	69.05	41.19	23.09	80.01	77.2	72.37	61.0	32.56	97.65	15.62	79.12	97.65	18.44	68.12	3.16	75.01	7.62	36.67	82.87	49.09	96.52	46.69	68.01	9.06	51.87	43.42	56.44	76.9	86.4	39.82	86.16	61.29	55.44	68.01	15.23	49.24	67.18	81.84	95.29	94.15	87.86	104.62	43.42	56.85	67.36	89.56	53.16	101.91	76.4	55.61	28.46	85.0	88.89	115.26	99.09	23.02	65.73	48.8	38.21	38.21	79.18	104.66	51.04	71.85	108.25	8.25	63.03	92.46	84.22	21.21	76.11	73.59	38.64	35.9	90.79	41.88	54.74	79.91	78.23
16	80.06	32.02	60.42	32.65	58.6	36.88	75.8	18.44	40.72	34.99	18.97	25.5	49.66	6.08	52.33	50.33	0.0	23.43	77.34	22.8	54.15	29.83	44.01	40.0	31.78	43.32	62.65	37.48	59.14	50.33	67.12	34.13	50.57	37.22	56.04	15.56	46.1	53.82	48.84	21.93	33.06	46.87	43.14	43.27	26.57	28.02	51.24	12.04	35.85	68.25	27.73	18.11	41.19	38.18	29.02	37.12	45.8	63.01	49.24	68.45	12.65	18.25	22.83	71.47	5.0	61.1	31.3	16.28	56.72	74.24	38.83	72.47	58.52	29.41	19.7	21.4	47.42	47.42	29.83	61.72	59.08	25.0	66.71	50.01	66.53	47.17	45.12	50.09	36.4	36.12	44.72	15.62	52.39	29.41	11.4	40.02	80.06
17	103.48	55.44	81.93	31.95	82.01	33.42	86.4	22.2	55.04	15.0	37.11	47.42	63.29	18.44	75.69	62.0	23.43	0.0	100.5	21.38	72.42	28.65	64.03	16.64	11.18	64.5	80.22	53.37	81.44	58.82	75.31	55.03	61.07	56.09	69.07	26.93	23.32	76.69	56.92	45.34	53.76	61.66	66.53	66.07	9.22	21.4	69.72	33.02	36.72	91.35	50.77	20.22	57.72	61.55	49.04	51.04	50.09	82.2	66.12	85.01	19.92	40.25	8.6	93.62	18.6	75.33	46.01	38.47	75.96	97.25	34.71	84.17	73.17	39.01	36.67	44.82	69.34	69.34	37.85	74.15	81.84	14.21	79.91	64.5	89.81	58.86	62.2	68.31	14.56	55.32	66.85	28.16	69.07	52.4	12.04	57.31	103.48
18	11.66	46.32	46.87	90.43	24.19	103.87	99.14	89.69	77.1	112.0	72.45	59.51	80.16	82.07	25.55	69.05	77.34	100.5	0.0	89.4	46.27	97.94	58.31	116.67	106.89	40.25	69.05	60.17	40.45	92.78	82.0	58.24	72.18	64.33	65.19	77.62	123.43	24.21	93.06	55.61	59.48	60.42	34.67	34.71	101.24	100.85	64.01	67.9	98.79	9.22	53.24	90.74	56.92	39.41	63.57	77.88	98.72	61.39	70.03	74.95	82.88	64.5	99.81	41.15	82.33	81.3	76.24	65.51	41.11	29.68	105.7	94.05	79.16	75.59	74.25	56.61	34.0	34.0	87.66	87.14	19.72	100.69	86.7	60.83	11.18	84.59	69.26	47.85	113.7	63.56	35.51	76.22	71.01	48.1	88.53	68.88	11.66
19	94.51	49.04	81.3	11.4	74.85	51.61	97.95	35.38	63.32	36.22	41.76	47.01	72.24	17.46	66.65	41.19	22.8	21.38	89.4	0.0	54.59	45.45	66.19	31.62	20.25	50.21	85.33	34.89	79.08	71.56	53.94	56.08	40.01	59.84	48.51	12.08	41.77	65.22	69.89	39.05	55.15	42.06	58.18	54.92	15.3	39.96	73.82	23.77	53.08	80.21	47.38	33.94	39.36	53.31	51.48	59.62	65.19	85.29	72.03	91.22	10.2	40.11	28.23	91.41	21.47	83.82	53.85	38.12	58.83	92.35	53.25	94.85	81.27	18.68	42.38	39.62	55.97	55.97	50.22	84.17	69.81	33.54	89.32	44.64	79.61	69.32	67.91	50.61	35.0	58.69	54.04	13.42	75.19	42.95	18.38	62.82	94.51
20	56.01	39.96	68.6	51.09	47.01	90.09	111.22	72.0	78.29	86.83	61.61	53.31	85.48	55.9	37.12	23.09	54.15	72.42	46.27	54.59	0.0	83.05	66.4	85.91	74.69	16.4	85.63	19.72	62.68	93.41	36.35	59.17	26.25	66.73	19.0	45.54	95.27	28.79	92.7	40.8	59.54	15.26	36.12	26.91	69.35	82.15	75.43	42.11	87.57	39.01	46.96	72.03	15.26	35.47	60.42	76.69	93.86	80.66	78.49	92.7	52.5	52.89	75.5	71.55	58.42	92.66	72.11	52.39	5.39	65.15	92.09	106.51	89.87	36.62	63.56	43.01	19.42	19.42	78.45	96.57	29.43	78.77	99.05	14.87	41.3	86.82	75.47	4.12	86.98	65.37	21.26	44.27	81.02	32.7	62.37	72.07	56.01
21	97.64	52.2	66.84	56.85	75.47	7.07	58.86	11.4	32.31	25.02	25.5	38.47	38.83	30.87	72.5	80.01	29.83	28.65	97.94	45.45	83.05	0.0	47.63	39.32	39.4	70.35	58.52	67.27	68.59	31.26	96.25	41.87	80.06	39.05	85.87	43.86	37.48	76.84	29.27	44.91	40.46	76.69	63.69	67.19	37.74	8.06	50.12	41.44	8.06	89.55	44.78	12.08	70.86	59.46	35.61	28.64	21.54	62.61	44.78	61.85	38.08	33.84	20.12	79.51	26.93	50.49	25.81	33.24	85.02	86.31	9.06	57.22	48.84	58.18	23.71	43.17	73.16	73.16	13.42	48.01	82.22	14.87	54.04	79.83	86.76	33.24	41.59	79.1	29.0	38.95	70.21	44.38	47.17	53.94	27.2	37.74	97.64
22	54.41	26.87	19.21	74.33	34.13	51.62	45.18	44.28	19.31	69.32	26.93	19.42	22.02	50.04	36.67	77.2	44.01	64.03	58.31	66.19	66.4	47.63	0.0	80.01	74.33	50.0	20.59	61.61	21.63	34.53	95.6	10.2	79.06	8.6	79.31	55.9	82.29	44.92	34.93	31.3	11.05	69.53	31.78	40.31	69.72	53.54	9.22	44.38	45.34	52.01	21.95	46.1	62.48	31.06	15.13	21.1	41.63	19.1	12.65	27.46	56.08	26.08	58.87	31.89	47.27	26.42	21.93	28.07	65.19	39.66	53.08	40.31	23.71	65.19	27.51	29.55	48.37	48.37	34.66	31.02	49.24	56.8	32.76	72.25	48.01	26.31	11.0	63.89	72.5	8.94	45.79	55.11	14.76	35.47	53.6	11.18	54.41
23	119.97	72.01	98.23	39.12	98.6	41.76	98.15	36.5	69.35	15.23	53.14	63.95	77.06	34.71	92.1	72.37	40.0	16.64	116.67	31.62	85.91	39.32	80.01	0.0	11.4	79.63	95.19	66.31	97.94	70.58	83.0	71.31	70.86	71.84	79.83	40.82	11.18	92.7	68.59	61.85	70.01	73.68	82.98	82.07	16.55	31.26	85.15	48.84	46.87	107.49	67.42	34.53	70.77	77.99	65.19	65.38	60.42	97.74	81.05	99.5	34.41	56.82	21.38	110.07	35.23	89.02	60.83	55.07	89.89	113.88	42.38	96.52	87.09	50.29	52.5	61.4	84.81	84.81	51.01	87.09	97.74	25.0	93.05	76.24	106.1	72.01	77.28	81.86	11.18	71.17	82.46	42.19	83.86	68.59	28.6	72.57	119.97
24	110.8	63.29	91.76	28.0	89.89	43.57	97.53	33.38	66.12	20.25	47.52	56.92	74.43	25.94	82.8	61.0	31.78	11.18	106.89	20.25	74.69	39.4	74.33	11.4	0.0	69.03	91.09	55.04	90.82	69.92	72.06	65.0	59.54	66.61	68.45	30.0	22.02	82.76	68.01	53.0	63.79	62.3	73.82	72.18	5.66	31.76	80.4	39.05	47.42	97.67	59.51	31.4	59.51	68.82	59.23	62.13	60.93	92.78	77.03	96.01	24.04	49.65	19.31	103.12	27.51	86.47	57.01	47.76	78.77	105.99	44.65	95.34	84.29	38.9	47.27	52.84	74.41	74.41	49.03	85.33	87.68	24.6	91.08	64.85	96.54	70.04	73.06	70.66	17.46	65.76	72.18	31.4	80.01	59.03	20.88	68.12	110.8
25	47.54	23.71	53.0	50.25	33.54	77.23	94.87	59.84	62.39	77.88	47.17	37.64	69.32	46.52	23.35	32.56	43.32	64.5	40.25	50.21	16.4	70.35	50.0	79.63	69.03	0.0	69.31	20.4	47.41	77.79	49.4	42.94	35.36	50.54	31.78	39.05	87.82	17.26	77.2	26.08	43.38	23.54	20.25	11.18	63.41	70.61	59.03	31.78	74.0	31.38	31.02	60.21	18.0	19.1	44.6	61.03	79.08	64.54	62.13	76.38	45.22	38.21	65.92	57.25	48.1	76.28	56.75	38.05	15.81	52.47	79.23	90.14	73.5	35.36	49.16	28.16	6.32	6.32	64.2	80.26	20.62	68.31	82.66	25.3	32.02	70.94	59.17	14.21	78.71	49.19	6.08	37.64	64.64	17.26	53.23	55.9	47.54
26	62.03	47.01	22.2	94.11	46.49	60.37	30.15	58.69	26.25	82.71	44.1	39.56	20.81	68.47	52.35	97.65	62.65	80.22	69.05	85.33	85.63	58.52	20.59	95.19	91.09	69.31	0.0	82.1	28.64	33.94	116.02	30.46	99.57	25.5	99.49	75.69	95.6	61.4	35.38	51.88	31.02	89.81	49.82	58.9	87.0	65.8	11.7	64.51	53.67	64.85	42.54	60.67	82.8	50.21	33.96	30.08	44.82	8.06	14.14	7.07	75.13	45.61	73.82	31.58	65.19	13.93	34.37	47.54	83.87	43.19	61.29	25.08	13.04	85.62	44.01	50.09	66.84	66.84	45.22	20.25	64.85	70.61	18.03	92.46	60.44	27.2	18.03	83.44	86.35	26.68	64.54	75.0	11.4	55.8	71.03	23.0	62.03
27	67.91	35.36	69.29	31.83	53.04	74.33	104.0	55.9	69.03	68.07	49.24	44.55	77.23	38.0	43.0	15.62	37.48	53.37	60.17	34.89	19.72	67.27	61.61	66.31	55.04	20.4	82.1	0.0	64.56	82.68	34.06	52.5	17.49	59.41	19.24	26.48	75.89	37.66	81.63	31.11	52.4	9.49	37.66	30.02	49.77	65.19	70.8	25.96	72.8	51.55	39.82	55.58	4.47	34.48	51.66	66.61	81.02	78.77	72.25	89.05	33.54	41.62	57.22	75.5	41.11	86.31	61.29	40.5	24.21	72.06	76.3	99.7	83.49	17.03	51.0	33.24	26.68	26.68	65.0	89.14	40.8	61.01	92.66	12.65	52.39	77.2	68.62	15.81	67.91	58.0	26.17	25.32	75.17	26.42	44.1	64.35	67.91
28	34.23	31.02	6.71	85.09	18.36	73.0	58.69	63.82	40.71	88.75	45.49	34.01	41.48	65.15	26.17	79.12	59.14	81.44	40.45	79.08	62.68	68.59	21.63	97.94	90.82	47.41	28.64	64.56	0.0	55.03	96.66	27.2	81.6	29.83	79.16	67.48	101.55	35.36	55.71	40.2	28.6	70.38	27.31	36.24	85.7	73.88	24.52	55.44	66.84	36.4	31.78	65.46	63.91	30.08	33.6	42.72	63.06	21.19	31.05	34.79	69.63	41.23	77.52	12.37	63.32	41.01	43.28	43.08	59.82	18.03	74.52	53.6	39.01	73.17	46.62	39.46	43.27	43.27	55.97	47.01	37.8	76.28	46.27	72.5	31.95	46.82	31.38	61.4	91.59	29.73	41.68	66.37	31.4	39.32	70.01	32.76	34.23
29	88.77	54.57	50.57	82.42	68.59	30.15	27.66	37.16	16.03	56.08	33.6	40.16	13.89	54.41	70.01	97.65	50.33	58.82	92.78	71.56	93.41	31.26	34.53	70.58	69.92	77.79	33.94	82.68	55.03	0.0	115.6	36.22	98.6	29.02	101.87	65.86	68.03	77.32	2.0	52.8	35.36	91.92	63.39	70.41	67.42	39.32	30.87	58.26	24.0	86.15	46.84	39.0	85.09	61.0	33.24	16.76	11.7	40.61	24.17	34.67	62.2	41.18	50.7	62.65	50.22	21.95	21.47	42.19	93.61	72.62	30.41	26.02	21.4	79.21	32.02	50.57	78.1	78.1	21.47	17.72	82.15	45.89	23.77	95.02	82.3	8.25	23.77	90.08	60.13	30.07	75.19	65.8	24.7	60.75	53.71	24.02	88.77
30	92.2	69.07	101.97	44.1	82.57	103.08	137.89	85.0	102.65	90.09	82.01	78.52	111.04	65.39	72.42	18.44	67.12	75.31	82.0	53.94	36.35	96.25	95.6	83.0	72.06	49.4	116.02	34.06	96.66	115.6	0.0	86.56	17.03	93.43	17.72	52.39	94.02	64.76	114.4	65.12	86.45	26.42	69.35	60.54	68.36	92.36	104.81	57.43	102.86	75.24	73.88	84.17	33.29	67.12	85.56	100.0	112.68	112.36	106.3	123.0	58.52	75.07	81.74	106.63	69.35	120.34	94.49	73.76	41.11	101.14	104.92	133.66	117.52	38.08	83.6	67.21	54.41	54.41	96.57	123.04	65.76	86.68	126.67	24.17	77.65	110.63	102.65	36.14	88.57	92.02	55.36	51.89	109.22	60.22	69.89	98.31	92.2
31	56.36	19.24	26.93	64.13	34.54	46.87	52.2	36.62	20.22	61.59	18.36	9.22	26.4	40.2	34.13	68.12	34.13	55.03	58.24	56.08	59.17	41.87	10.2	71.31	65.0	42.94	30.46	52.5	27.2	36.22	86.56	0.0	69.81	7.62	70.72	45.71	74.43	41.11	36.06	21.63	1.41	60.81	27.17	34.48	60.21	46.75	18.79	34.21	41.18	50.8	12.73	38.28	53.74	25.0	6.4	20.02	40.61	29.27	19.8	37.12	46.01	16.0	50.54	38.95	37.66	33.97	18.03	18.0	58.6	44.55	48.55	47.63	31.14	55.15	19.42	19.72	42.38	42.38	30.02	37.44	46.01	49.09	40.36	63.66	47.3	28.64	16.4	56.3	64.5	6.32	39.56	44.91	22.67	27.02	44.15	13.0	56.36
32	81.3	52.84	86.54	32.02	68.88	86.98	120.92	68.71	85.63	76.06	65.0	61.62	94.05	49.34	58.69	3.16	50.57	61.07	72.18	40.01	26.25	80.06	79.06	70.86	59.54	35.36	99.57	17.49	81.6	98.6	17.03	69.81	0.0	76.58	10.0	36.4	81.5	52.04	97.42	48.27	69.66	12.0	54.41	46.1	55.15	76.66	88.23	40.5	86.41	64.38	57.2	68.01	17.72	51.62	68.62	82.98	95.88	96.25	89.5	106.51	42.95	58.05	66.75	92.18	53.14	103.48	77.47	56.73	31.62	87.82	88.87	116.73	100.66	22.36	66.61	50.33	41.11	41.11	79.76	106.08	54.08	71.39	109.79	11.4	66.07	93.61	85.8	24.33	75.01	75.17	41.44	35.74	92.46	43.91	54.34	81.39	81.3
33	61.47	26.83	27.8	68.68	40.26	43.19	44.82	35.85	13.0	60.84	19.1	15.0	18.79	43.1	41.0	75.01	37.22	56.09	64.33	59.84	66.73	39.05	8.6	71.84	66.61	50.54	25.5	59.41	29.83	29.02	93.43	7.62	76.58	0.0	77.9	50.29	73.82	48.37	29.02	28.32	7.21	67.94	34.53	42.06	62.2	44.94	14.04	39.4	37.01	57.31	20.0	37.7	60.88	32.57	8.54	13.6	34.48	26.17	13.04	31.62	49.65	20.25	50.6	40.46	40.0	26.91	13.45	22.14	66.21	47.8	44.69	40.36	24.08	60.83	19.42	26.25	49.98	49.98	26.17	30.0	53.15	48.33	33.24	70.84	53.6	21.21	9.22	63.81	64.08	1.41	47.17	49.65	16.12	34.41	46.1	5.39	61.47
34	75.01	52.5	84.6	41.44	64.85	92.89	122.67	74.46	88.01	84.05	68.48	63.25	96.05	55.73	54.71	7.62	56.04	69.07	65.19	48.51	19.0	85.87	79.31	79.83	68.45	31.78	99.49	19.24	79.16	101.87	17.72	70.72	10.0	77.9	0.0	43.19	90.26	47.07	100.85	49.82	70.77	10.0	51.88	42.95	63.79	83.19	88.53	44.94	91.71	58.01	58.0	73.98	17.03	49.93	70.43	85.7	100.22	95.44	90.52	106.53	50.09	60.75	74.11	88.96	59.23	104.69	80.45	59.68	24.08	83.43	94.83	118.26	101.86	30.07	70.24	52.01	36.69	36.69	84.17	107.81	48.26	78.41	111.07	7.07	60.21	96.26	87.05	18.44	83.29	76.49	37.7	42.3	93.34	43.86	61.29	82.98	75.01
35	82.49	37.11	70.03	18.44	62.77	50.7	90.97	32.65	55.57	41.59	33.62	36.5	64.5	13.0	54.59	36.67	15.56	26.93	77.62	12.08	45.54	43.86	55.9	40.82	30.0	39.05	75.69	26.48	67.48	65.86	52.39	45.71	36.4	50.29	43.19	0.0	49.77	53.41	64.38	27.29	44.91	35.06	46.1	43.01	24.41	40.26	64.03	12.04	50.61	68.41	36.01	31.78	30.81	41.23	41.76	52.15	61.22	74.97	62.97	81.91	7.07	30.08	31.0	79.76	17.0	75.58	46.32	28.16	49.24	80.36	52.55	87.46	72.92	14.32	34.67	28.07	44.55	44.55	45.34	76.66	58.14	35.23	81.41	38.01	67.68	62.43	58.87	41.44	41.48	49.04	42.45	1.41	66.13	30.87	18.11	53.85	82.49
36	125.87	77.78	101.12	50.01	104.06	38.01	95.08	38.01	69.38	13.0	56.08	68.01	76.3	41.62	98.35	82.87	46.1	23.32	123.43	41.77	95.27	37.48	82.29	11.18	22.02	87.82	95.6	75.89	101.55	68.03	94.02	74.43	81.5	73.82	90.26	49.77	0.0	99.81	66.03	67.94	73.06	83.68	89.14	89.2	26.48	29.83	86.38	56.3	44.05	114.34	72.35	36.24	80.32	84.22	68.1	65.52	57.04	99.02	81.61	99.25	42.95	61.22	24.21	113.37	41.11	87.97	61.68	59.67	99.01	118.22	38.12	94.01	86.31	60.42	55.07	67.18	92.65	92.65	50.45	85.29	105.0	25.5	91.35	86.35	112.61	70.71	78.11	91.18	10.0	73.35	90.14	51.08	84.2	75.43	35.0	73.74	125.87
37	30.36	24.74	41.77	66.64	18.36	83.24	89.69	67.62	61.29	88.75	51.66	39.46	66.49	58.26	9.22	49.09	53.82	76.69	24.21	65.22	28.79	76.84	44.92	92.7	82.76	17.26	61.4	37.66	35.36	77.32	64.76	41.11	52.04	48.37	47.07	53.41	99.81	0.0	77.16	32.65	42.05	40.05	14.0	10.63	77.1	78.79	52.92	43.86	78.85	15.0	32.56	68.45	35.13	17.46	45.04	61.03	81.1	55.22	57.57	68.26	58.73	43.01	76.55	43.05	58.82	70.94	58.08	43.66	25.06	36.4	85.16	84.69	68.35	52.0	53.6	34.01	11.05	11.05	68.07	75.89	5.39	77.9	77.08	41.3	14.87	69.58	55.54	28.64	90.21	47.27	11.7	52.01	59.46	24.41	64.82	53.6	30.36
38	89.29	54.13	51.43	80.8	68.88	28.16	29.61	35.34	16.03	54.08	32.45	39.56	15.0	52.8	70.01	96.52	48.84	56.92	93.06	69.89	92.7	29.27	34.93	68.59	68.01	77.2	35.38	81.63	55.71	2.0	114.4	36.06	97.42	29.02	100.85	64.38	66.03	77.16	0.0	52.0	35.13	90.92	63.2	70.04	65.55	37.34	31.76	57.01	22.0	86.28	46.32	37.16	84.12	60.67	32.76	16.28	9.85	41.87	25.06	36.36	60.61	40.25	48.76	63.63	48.6	23.71	20.62	41.18	93.01	73.41	28.44	28.02	23.02	77.83	30.81	49.77	77.67	77.67	19.72	19.65	82.05	43.93	25.71	94.02	82.49	8.94	24.35	89.32	58.14	30.0	74.73	64.35	25.81	60.08	51.97	24.19	89.29
39	58.14	10.3	43.05	45.0	36.89	51.62	72.92	35.11	38.28	56.4	21.1	13.45	46.23	27.2	30.41	46.69	21.93	45.34	55.61	39.05	40.8	44.91	31.3	61.85	53.0	26.08	51.88	31.11	40.2	52.8	65.12	21.63	48.27	28.32	49.82	27.29	67.94	32.65	52.0	0.0	21.4	39.82	21.21	22.47	47.51	46.24	40.31	15.3	48.04	46.62	9.49	35.85	32.8	16.28	20.62	36.24	53.15	49.65	41.23	58.67	30.08	12.17	44.2	52.47	26.87	55.23	31.38	12.0	41.59	53.49	53.6	68.59	52.4	34.21	23.09	2.24	28.28	28.28	38.12	58.05	38.01	45.28	61.55	42.8	44.69	46.65	37.54	37.34	58.14	26.91	25.32	26.17	44.2	9.06	33.3	33.24	58.14
40	57.71	19.7	28.23	63.35	35.85	45.49	52.01	35.23	19.42	60.21	17.0	8.54	25.94	39.12	35.23	68.01	33.06	53.76	59.48	55.15	59.54	40.46	11.05	70.01	63.79	43.38	31.02	52.4	28.6	35.36	86.45	1.41	69.66	7.21	70.77	44.91	73.06	42.05	35.13	21.4	0.0	60.83	28.07	35.17	59.03	45.34	19.31	33.53	39.82	51.97	12.81	36.89	53.76	25.71	5.0	19.0	39.46	30.15	19.85	37.58	45.04	15.03	49.19	40.31	36.5	33.94	16.76	17.03	59.09	45.97	47.17	47.51	31.11	54.63	18.03	19.42	43.01	43.01	28.65	37.2	47.0	47.71	40.31	63.7	48.51	27.89	16.28	56.6	63.13	5.83	40.16	44.15	22.8	27.2	42.95	12.53	57.71
41	69.35	42.8	75.58	36.89	57.07	83.74	112.7	65.31	78.01	76.53	58.59	53.26	86.05	47.1	46.87	9.06	46.87	61.66	60.42	42.06	15.26	76.69	69.53	73.68	62.3	23.54	89.81	9.49	70.38	91.92	26.42	60.81	12.0	67.94	10.0	35.06	83.68	40.05	90.92	39.82	60.83	0.0	43.08	34.48	57.28	74.43	78.75	35.44	82.28	52.47	48.08	64.94	7.07	40.71	60.44	75.72	90.47	85.98	80.61	96.83	42.11	50.77	66.03	80.65	50.36	94.76	70.49	49.74	20.59	75.95	85.7	108.3	91.93	23.41	60.37	42.01	29.15	29.15	74.46	97.84	42.11	70.03	101.14	3.16	54.08	86.27	77.1	12.65	76.12	66.53	29.61	34.01	83.45	34.06	53.0	73.0	69.35
42	37.01	11.66	32.76	61.85	16.76	69.89	76.92	55.07	47.38	77.47	38.28	25.71	52.89	48.27	9.22	51.87	43.14	66.53	34.67	58.18	36.12	63.69	31.78	82.98	73.82	20.25	49.82	37.66	27.31	63.39	69.35	27.17	54.41	34.53	51.88	46.1	89.14	14.0	63.2	21.21	28.07	43.08	0.0	9.22	68.24	66.24	40.31	34.99	65.25	25.94	18.97	56.08	36.69	5.0	31.06	47.04	67.12	44.55	44.38	56.85	50.25	29.97	65.3	37.85	48.08	58.14	44.1	30.89	34.06	35.23	71.78	72.01	55.46	48.37	40.16	22.02	17.03	17.03	54.34	62.77	19.1	66.03	64.41	45.19	23.6	55.73	42.06	34.41	79.31	33.38	14.87	44.78	46.52	15.23	54.49	39.81	37.01
43	39.81	16.03	41.88	57.01	23.02	73.76	85.48	57.58	54.57	78.23	42.43	31.02	60.75	47.63	13.04	43.42	43.27	66.07	34.71	54.92	26.91	67.19	40.31	82.07	72.18	11.18	58.9	30.02	36.24	70.41	60.54	34.48	46.1	42.06	42.95	43.01	89.2	10.63	70.04	22.47	35.17	34.48	9.22	0.0	66.53	68.71	49.09	33.24	69.72	25.5	24.02	58.31	28.44	9.49	37.34	53.76	73.06	53.76	52.77	65.95	48.17	33.54	66.04	46.17	48.26	66.73	50.16	33.96	25.0	42.05	75.71	80.62	64.01	42.72	44.41	24.04	8.06	8.06	59.21	71.11	15.81	67.54	73.06	36.4	24.7	63.06	50.16	25.24	79.63	40.8	5.66	41.62	55.07	13.89	54.2	47.43	39.81
44	105.21	57.8	86.83	24.33	84.38	42.64	94.87	30.36	62.51	22.14	43.1	51.92	71.02	20.62	77.2	56.44	26.57	9.22	101.24	15.3	69.35	37.74	69.72	16.55	5.66	63.41	87.0	49.77	85.7	67.42	68.36	60.21	55.15	62.2	63.79	24.41	26.48	77.1	65.55	47.51	59.03	57.28	68.24	66.53	0.0	30.61	76.11	33.42	45.79	92.02	54.23	28.46	54.23	63.25	54.59	58.55	59.06	88.36	73.03	92.14	18.38	44.64	17.8	98.03	22.56	83.02	53.24	42.72	73.36	100.65	43.93	92.44	80.75	33.96	43.01	47.41	68.77	68.77	46.17	82.23	82.02	23.43	87.86	59.91	90.91	66.94	69.01	65.31	20.22	61.29	66.53	25.81	76.06	53.41	16.12	64.0	105.21
45	101.4	54.59	72.67	51.31	79.2	12.04	66.91	11.18	39.56	17.12	29.07	42.01	46.53	27.46	75.29	76.9	28.02	21.4	100.85	39.96	82.15	8.06	53.54	31.26	31.76	70.61	65.8	65.19	73.88	39.32	92.36	46.75	76.66	44.94	83.19	40.26	29.83	78.79	37.34	46.24	45.34	74.43	66.24	68.71	30.61	0.0	56.86	40.05	15.81	92.18	47.71	10.44	69.07	61.72	40.36	35.74	29.41	69.46	51.87	69.43	33.84	36.36	12.81	85.21	24.08	58.31	32.2	35.36	84.59	91.29	13.45	65.28	56.57	54.41	27.59	44.78	74.04	74.04	20.62	56.0	84.17	7.21	62.01	77.52	89.69	41.11	48.47	78.1	21.02	44.65	71.17	41.0	54.41	55.03	22.47	44.28	101.4
46	58.69	36.07	19.7	82.46	40.2	53.01	36.77	48.76	18.44	73.39	33.02	27.86	17.09	57.14	44.27	86.4	51.24	69.72	64.01	73.82	75.43	50.12	9.22	85.15	80.4	59.03	11.7	70.8	24.52	30.87	104.81	18.79	88.23	14.04	88.53	64.03	86.38	52.92	31.76	40.31	19.31	78.75	40.31	49.09	76.11	56.86	0.0	52.81	46.4	58.55	31.06	50.7	71.7	40.0	22.36	21.63	40.0	12.65	6.71	18.36	63.64	33.96	63.79	31.91	54.01	18.03	24.7	35.9	74.06	41.79	54.2	31.78	15.52	73.93	33.14	38.47	57.14	57.14	36.72	23.35	56.92	61.03	24.17	81.47	54.33	22.83	8.6	73.0	76.84	15.13	54.64	63.32	7.0	44.69	60.03	12.65	58.69
47	71.85	25.3	58.01	30.15	51.43	48.51	81.84	30.15	46.23	46.1	24.76	25.0	55.0	14.76	43.83	39.82	12.04	33.02	67.9	23.77	42.11	41.44	44.38	48.84	39.05	31.78	64.51	25.96	55.44	58.26	57.43	34.21	40.5	39.4	44.94	12.04	56.3	43.86	57.01	15.3	33.53	35.44	34.99	33.24	33.42	40.05	52.81	0.0	46.84	58.69	24.0	30.02	29.43	30.02	30.87	43.19	55.47	63.35	52.33	70.94	15.26	19.24	34.18	67.74	16.49	65.51	37.48	17.49	44.72	68.62	50.49	78.01	62.77	21.63	26.25	16.03	36.36	36.36	39.36	67.2	48.92	36.88	71.56	38.6	57.49	53.76	48.3	38.05	47.01	38.08	33.84	11.0	55.46	20.0	21.47	43.42	71.85
48	97.53	54.13	64.35	64.44	75.58	6.71	51.35	18.03	28.02	32.14	27.29	39.56	33.24	37.74	73.68	86.16	35.85	36.72	98.79	53.08	87.57	8.06	45.34	46.87	47.42	74.0	53.67	72.8	66.84	24.0	102.86	41.18	86.41	37.01	91.71	50.61	44.05	78.85	22.0	48.04	39.82	82.28	65.25	69.72	45.79	15.81	46.4	46.84	0.0	90.76	46.32	19.21	76.16	61.39	35.34	24.84	13.6	58.52	40.5	56.3	45.22	36.22	28.18	77.08	33.62	44.38	23.6	36.06	89.14	84.81	7.81	50.01	43.01	64.88	25.32	46.1	76.24	76.24	11.18	41.3	84.17	22.85	47.38	85.44	87.66	27.2	37.8	83.73	36.22	37.2	73.25	51.0	42.54	57.08	34.71	34.66	97.53
49	17.0	37.59	43.08	81.41	18.44	95.63	94.59	81.01	70.26	103.0	64.08	51.26	74.03	72.92	17.09	61.29	68.25	91.35	9.22	80.21	39.01	89.55	52.01	107.49	97.67	31.38	64.85	51.55	36.4	86.15	75.24	50.8	64.38	57.31	58.01	68.41	114.34	15.0	86.28	46.62	51.97	52.47	25.94	25.5	92.02	92.18	58.55	58.69	90.76	0.0	44.78	81.99	48.51	30.53	55.79	70.71	91.41	57.58	64.2	71.17	73.66	55.9	90.8	39.82	73.25	76.3	68.66	56.82	34.13	29.83	97.5	89.5	73.98	66.64	65.92	47.71	25.08	25.08	79.7	81.88	10.77	91.81	82.0	53.15	4.47	78.06	63.01	40.11	104.64	56.44	26.42	67.01	65.49	38.95	79.4	62.13	17.0
50	53.91	8.0	34.01	54.08	31.83	50.92	64.82	36.62	31.38	60.11	19.31	7.0	38.59	33.62	27.73	55.44	27.73	50.77	53.24	47.38	46.96	44.78	21.95	67.42	59.51	31.02	42.54	39.82	31.78	46.84	73.88	12.73	57.2	20.0	58.0	36.01	72.35	32.56	46.32	9.49	12.81	48.08	18.97	24.02	54.23	47.71	31.06	24.0	46.32	44.78	0.0	37.8	41.01	15.13	13.6	30.08	49.04	40.16	32.53	49.4	37.85	11.4	48.17	44.15	32.25	46.69	26.17	12.73	46.82	46.53	52.81	60.31	43.86	43.68	21.19	8.06	31.4	31.4	35.51	50.0	37.85	48.17	53.08	50.93	42.06	39.92	29.07	43.91	62.37	18.6	28.44	35.0	35.38	14.42	38.95	25.24	53.91
51	91.68	44.42	64.88	45.28	69.53	18.97	66.41	2.0	35.01	23.32	20.0	32.53	43.1	18.79	65.19	68.01	18.11	20.22	90.74	33.94	72.03	12.08	46.1	34.53	31.4	60.21	60.67	55.58	65.46	39.0	84.17	38.28	68.01	37.7	73.98	31.78	36.24	68.45	37.16	35.85	36.89	64.94	56.08	58.31	28.46	10.44	50.7	30.02	19.21	81.99	37.8	0.0	59.3	51.48	31.91	31.02	31.4	63.32	46.53	65.12	26.08	26.4	13.15	77.18	14.87	55.15	26.31	25.24	74.33	82.46	20.88	64.03	53.04	46.1	18.87	34.44	63.6	63.6	17.72	53.94	73.82	10.82	59.68	68.07	79.61	38.64	42.76	68.01	26.4	37.16	60.73	32.31	49.37	44.6	15.56	38.08	91.68
52	65.12	35.81	68.94	36.07	51.35	77.93	105.65	59.54	71.03	72.37	51.89	46.23	79.03	42.05	41.19	15.23	41.19	57.72	56.92	39.36	15.26	70.86	62.48	70.77	59.51	18.0	82.8	4.47	63.91	85.09	33.29	53.74	17.72	60.88	17.03	30.81	80.32	35.13	84.12	32.8	53.76	7.07	36.69	28.44	54.23	69.07	71.7	29.43	76.16	48.51	41.01	59.3	0.0	34.01	53.41	68.8	83.93	79.08	73.54	89.81	37.85	43.91	61.4	74.46	45.01	87.69	63.63	42.94	19.85	70.35	79.91	101.24	84.86	21.4	53.71	35.0	24.08	24.08	68.01	90.79	37.85	65.07	94.07	10.0	49.65	79.32	70.04	11.4	72.28	59.46	24.02	29.61	76.38	27.02	48.26	65.95	65.12
53	42.01	7.28	34.93	57.27	21.54	65.8	76.16	50.54	45.12	72.62	34.21	22.09	51.26	43.28	14.14	49.24	38.18	61.55	39.41	53.31	35.47	59.46	31.06	77.99	68.82	19.1	50.21	34.48	30.08	61.0	67.12	25.0	51.62	32.57	49.93	41.23	84.22	17.46	60.67	16.28	25.71	40.71	5.0	9.49	63.25	61.72	40.0	30.02	61.39	30.53	15.13	51.48	34.01	0.0	28.07	44.41	64.0	45.61	43.42	57.28	45.28	25.63	60.44	41.3	43.14	57.45	41.01	26.4	34.13	39.62	67.72	71.34	54.71	44.1	36.14	17.2	17.46	17.46	50.64	61.72	22.8	61.29	63.81	43.05	28.43	53.6	40.72	33.24	74.41	31.32	14.76	39.92	45.79	10.44	49.52	37.95	42.01
54	62.27	21.38	33.11	60.17	40.25	40.82	52.35	30.23	17.89	55.23	12.08	7.21	25.61	35.0	38.83	67.18	29.02	49.04	63.57	51.48	60.42	35.61	15.13	65.19	59.23	44.6	33.96	51.66	33.6	33.24	85.56	6.4	68.62	8.54	70.43	41.76	68.1	45.04	32.76	20.62	5.0	60.44	31.06	37.34	54.59	40.36	22.36	30.87	35.34	55.79	13.6	31.91	53.41	28.07	0.0	16.49	36.06	34.0	21.47	40.16	41.3	11.7	44.28	45.28	32.14	35.0	13.04	13.6	60.41	50.93	42.54	48.1	32.2	52.35	13.04	18.44	44.91	44.91	24.17	37.48	50.16	42.72	41.23	63.41	52.5	26.4	17.49	57.25	58.18	7.28	41.98	41.11	24.6	27.73	38.47	12.81	62.27
55	75.03	37.85	39.7	69.77	53.85	31.4	38.83	29.02	4.0	52.63	18.6	23.41	12.65	42.15	54.15	81.84	37.12	51.04	77.88	59.62	76.69	28.64	21.1	65.38	62.13	61.03	30.08	66.61	42.72	16.76	100.0	20.02	82.98	13.6	85.7	52.15	65.52	61.03	16.28	36.24	19.0	75.72	47.04	53.76	58.55	35.74	21.63	43.19	24.84	70.71	30.08	31.02	68.8	44.41	16.49	0.0	20.88	34.0	16.16	34.13	49.66	25.0	44.1	52.4	38.28	24.52	5.83	26.25	76.84	60.75	32.65	35.36	22.2	64.66	17.49	34.0	61.39	61.39	15.23	24.6	66.0	40.61	29.73	78.77	67.08	10.63	13.04	73.41	56.29	14.32	58.46	51.87	18.68	44.01	43.17	10.0	75.03
56	95.86	57.04	59.36	76.42	74.73	19.03	38.05	29.83	22.36	45.54	32.28	42.05	24.08	48.84	74.67	95.29	45.8	50.09	98.72	65.19	93.86	21.54	41.63	60.42	60.93	79.08	44.82	81.02	63.06	11.7	112.68	40.61	95.88	34.48	100.22	61.22	57.04	81.1	9.85	53.15	39.46	90.47	67.12	73.06	59.06	29.41	40.0	55.47	13.6	91.41	49.04	31.4	83.93	64.0	36.06	20.88	0.0	50.91	33.42	46.14	56.59	41.0	41.63	71.85	44.6	33.54	23.02	41.48	94.73	81.01	19.03	37.12	32.76	75.21	30.36	50.99	80.31	80.31	16.12	29.41	86.21	36.4	35.44	93.62	87.86	17.69	31.91	90.25	49.65	35.17	77.32	61.4	34.66	61.81	46.86	30.46	95.86
57	54.08	43.42	14.56	93.38	39.4	65.19	38.05	61.4	30.53	86.03	45.28	38.47	26.91	69.0	46.04	94.15	63.01	82.2	61.39	85.29	80.66	62.61	19.1	97.74	92.78	64.54	8.06	78.77	21.19	40.61	112.36	29.27	96.25	26.17	95.44	74.97	99.02	55.22	41.87	49.65	30.15	85.98	44.55	53.76	88.36	69.46	12.65	63.35	58.52	57.58	40.16	63.32	79.08	45.61	34.0	34.0	50.91	0.0	18.03	13.6	75.17	45.18	76.4	23.54	66.07	21.84	37.34	47.17	78.52	35.13	66.29	33.02	20.62	83.82	45.54	48.08	61.52	61.52	49.19	28.16	58.31	73.68	26.08	88.48	53.14	33.24	21.02	78.75	89.49	27.07	59.41	74.15	16.28	52.35	72.25	25.3	54.08
58	65.12	38.6	26.4	81.27	46.01	47.17	32.76	44.55	12.53	68.68	30.41	28.02	10.44	54.92	49.24	87.86	49.24	66.12	70.03	72.03	78.49	44.78	12.65	81.05	77.03	62.13	14.14	72.25	31.05	24.17	106.3	19.8	89.5	13.04	90.52	62.97	81.61	57.57	25.06	41.23	19.85	80.61	44.38	52.77	73.03	51.87	6.71	52.33	40.5	64.2	32.53	46.53	73.54	43.42	21.47	16.16	33.42	18.03	0.0	19.24	61.85	33.11	59.68	38.59	51.48	14.21	20.22	34.93	77.52	48.47	48.26	28.02	11.4	73.82	30.15	39.2	60.83	60.83	31.38	18.38	61.85	56.52	20.62	83.45	60.07	16.12	4.12	75.8	72.28	14.42	58.18	62.39	3.16	46.75	57.14	9.22	65.12
59	67.36	54.04	28.16	100.28	52.92	62.97	25.08	63.13	30.15	86.49	49.65	46.1	23.09	74.15	59.17	104.62	68.45	85.01	74.95	91.22	92.7	61.85	27.46	99.5	96.01	76.38	7.07	89.05	34.79	34.67	123.0	37.12	106.51	31.62	106.53	81.91	99.25	68.26	36.36	58.67	37.58	96.83	56.85	65.95	92.14	69.43	18.36	70.94	56.3	71.17	49.4	65.12	89.81	57.28	40.16	34.13	46.14	13.6	19.24	0.0	81.02	51.87	78.23	36.01	70.71	12.81	39.0	53.76	90.91	48.01	63.69	20.22	13.42	92.2	49.37	56.82	73.88	73.88	48.84	18.44	71.59	74.67	14.32	99.49	66.73	29.15	23.35	90.51	90.26	32.89	71.59	81.27	16.12	62.8	76.32	28.44	67.36
60	87.09	40.31	71.57	20.25	66.65	44.72	88.19	27.2	53.31	34.53	31.62	37.01	62.24	7.81	59.08	43.42	12.65	19.92	82.88	10.2	52.5	38.08	56.08	34.41	24.04	45.22	75.13	33.54	69.63	62.2	58.52	46.01	42.95	49.65	50.09	7.07	42.95	58.73	60.61	30.08	45.04	42.11	50.25	48.17	18.38	33.84	63.64	15.26	45.22	73.66	37.85	26.08	37.85	45.28	41.3	49.66	56.59	75.17	61.85	81.02	0.0	30.02	24.02	82.0	12.04	73.74	43.86	28.02	56.08	83.57	46.52	84.97	71.17	20.62	32.31	30.36	50.45	50.45	41.11	74.25	63.64	28.44	79.31	45.04	72.62	59.54	57.72	48.38	34.48	48.51	48.17	8.25	65.0	35.23	11.4	52.63	87.09
61	65.3	18.38	42.2	48.51	43.19	40.26	63.03	25.24	27.59	48.84	9.0	7.28	36.12	24.33	38.95	56.85	18.25	40.25	64.5	40.11	52.89	33.84	26.08	56.82	49.65	38.21	45.61	41.62	41.23	41.18	75.07	16.0	58.05	20.25	60.75	30.08	61.22	43.01	40.25	12.17	15.03	50.77	29.97	33.54	44.64	36.36	33.96	19.24	36.22	55.9	11.4	26.4	43.91	25.63	11.7	25.0	41.0	45.18	33.11	51.87	30.02	0.0	37.01	53.49	22.14	46.32	19.72	2.0	53.76	57.14	42.2	59.03	43.57	40.82	11.0	10.05	40.05	40.05	26.02	48.27	48.38	36.8	52.43	53.85	53.34	35.61	29.07	49.34	51.22	18.97	37.05	29.41	36.25	21.02	28.79	24.19	65.3
62	101.83	53.81	77.39	39.36	79.93	24.84	78.34	15.13	48.09	12.21	32.2	43.83	56.01	19.65	74.52	67.36	22.83	8.6	99.81	28.23	75.5	20.12	58.87	21.38	19.31	65.92	73.82	57.22	77.52	50.7	81.74	50.54	66.75	50.6	74.11	31.0	24.21	76.55	48.76	44.2	49.19	66.03	65.3	66.04	17.8	12.81	63.79	34.18	28.18	90.8	48.17	13.15	61.4	60.44	44.28	44.1	41.63	76.4	59.68	78.23	24.02	37.01	0.0	89.47	17.89	68.03	39.46	35.47	78.59	94.05	26.17	76.3	66.0	44.41	31.38	43.28	70.21	70.21	30.15	66.48	81.84	5.66	72.34	69.01	88.87	51.24	55.9	71.39	14.21	49.98	67.54	32.02	62.51	52.15	13.15	51.2	101.83
63	32.02	43.05	12.73	97.25	24.7	83.45	61.07	75.47	49.82	100.5	57.31	46.24	48.76	77.49	34.44	89.56	71.47	93.62	41.15	91.41	71.55	79.51	31.89	110.07	103.12	57.25	31.58	75.5	12.37	62.65	106.63	38.95	92.18	40.46	88.96	79.76	113.37	43.05	63.63	52.47	40.31	80.65	37.85	46.17	98.03	85.21	31.91	67.74	77.08	39.82	44.15	77.18	74.46	41.3	45.28	52.4	71.85	23.54	38.59	36.01	82.0	53.49	89.47	0.0	75.61	45.35	53.81	55.36	68.1	12.17	84.85	56.14	43.97	85.02	58.31	51.79	52.39	52.39	66.53	51.66	44.2	87.98	49.5	82.54	35.47	54.71	40.0	70.77	103.45	40.61	51.26	78.64	38.01	51.04	82.28	42.45	32.02
64	84.96	36.88	64.29	32.2	63.41	33.84	76.48	15.65	42.06	30.02	21.1	29.41	50.92	4.24	57.28	53.16	5.0	18.6	82.33	21.47	58.42	26.93	47.27	35.23	27.51	48.1	65.19	41.11	63.32	50.22	69.35	37.66	53.14	40.0	59.23	17.0	41.11	58.82	48.6	26.87	36.5	50.36	48.08	48.26	22.56	24.08	54.01	16.49	33.62	73.25	32.25	14.87	45.01	43.14	32.14	38.28	44.6	66.07	51.48	70.71	12.04	22.14	17.89	75.61	0.0	62.64	32.57	20.25	61.19	78.77	35.74	73.41	60.17	31.3	21.38	26.25	52.33	52.33	29.07	62.77	64.07	20.4	68.01	53.46	71.51	47.85	47.38	54.33	31.4	39.01	49.65	17.46	54.59	34.41	6.71	42.3	84.96
65	75.06	52.8	35.06	93.62	57.87	50.96	18.79	53.15	20.62	75.43	42.15	41.87	12.04	66.41	62.3	101.91	61.1	75.33	81.3	83.82	92.66	50.49	26.42	89.02	86.47	76.28	13.93	86.31	41.01	21.95	120.34	33.97	103.48	26.91	104.69	75.58	87.97	70.94	23.71	55.23	33.94	94.76	58.14	66.73	83.02	58.31	18.03	65.51	44.38	76.3	46.69	55.15	87.69	57.45	35.0	24.52	33.54	21.84	14.21	12.81	73.74	46.32	68.03	45.35	62.64	0.0	30.08	48.02	91.59	56.72	51.55	13.89	2.83	87.13	41.44	53.15	74.79	74.79	38.01	6.32	74.95	64.03	6.4	97.62	72.01	17.26	17.69	90.0	79.31	28.32	72.2	75.13	11.66	60.96	67.68	22.2	75.06
66	74.25	34.13	41.11	63.95	52.55	29.73	44.65	24.33	9.49	48.7	12.81	19.24	18.38	36.4	51.79	76.4	31.3	46.01	76.24	53.85	72.11	25.81	21.93	60.83	57.01	56.75	34.37	61.29	43.28	21.47	94.49	18.03	77.47	13.45	80.45	46.32	61.68	58.08	20.62	31.38	16.76	70.49	44.1	50.16	53.24	32.2	24.7	37.48	23.6	68.66	26.17	26.31	63.63	41.01	13.04	5.83	23.02	37.34	20.22	39.0	43.86	19.72	39.46	53.81	32.57	30.08	0.0	20.81	72.53	61.22	31.24	41.18	27.66	58.9	11.66	29.15	57.56	57.56	12.73	30.41	63.2	36.4	35.47	73.57	65.25	16.28	16.49	68.71	52.2	13.6	54.59	46.04	23.09	39.56	37.66	12.08	74.25
67	66.6	19.24	44.15	46.57	44.55	39.81	64.54	24.19	29.0	47.38	9.22	9.22	37.64	22.36	39.96	55.61	16.28	38.47	65.51	38.12	52.39	33.24	28.07	55.07	47.76	38.05	47.54	40.5	43.08	42.19	73.76	18.0	56.73	22.14	59.68	28.16	59.67	43.66	41.18	12.0	17.03	49.74	30.89	33.96	42.72	35.36	35.9	17.49	36.06	56.82	12.73	25.24	42.94	26.4	13.6	26.25	41.48	47.17	34.93	53.76	28.02	2.0	35.47	55.36	20.25	48.02	20.81	0.0	53.46	58.83	41.77	60.61	45.28	39.12	11.18	10.05	40.2	40.2	26.17	49.82	49.04	35.47	54.08	52.84	54.38	36.88	30.87	48.76	49.68	20.88	37.22	27.51	38.08	21.02	26.93	25.94	66.6
68	51.09	39.4	65.95	55.9	43.42	92.01	110.28	74.17	78.19	90.14	62.65	53.45	85.0	58.94	33.84	28.46	56.72	75.96	41.11	58.83	5.39	85.02	65.19	89.89	78.77	15.81	83.87	24.21	59.82	93.61	41.11	58.6	31.62	66.21	24.08	49.24	99.01	25.06	93.01	41.59	59.09	20.59	34.06	25.0	73.36	84.59	74.06	44.72	89.14	34.13	46.82	74.33	19.85	34.13	60.41	76.84	94.73	78.52	77.52	90.91	56.08	53.76	78.59	68.1	61.19	91.59	72.53	53.46	0.0	61.1	94.01	105.48	88.84	41.23	64.63	43.74	17.03	17.03	79.63	95.77	25.0	81.58	97.94	20.25	36.67	86.73	74.71	8.49	90.48	64.88	19.42	47.93	79.92	32.98	65.52	71.59	51.09
69	19.92	43.32	22.14	96.88	19.03	90.91	73.01	80.92	58.67	105.6	62.48	50.22	58.87	80.06	29.15	85.0	74.24	97.25	29.68	92.35	65.15	86.31	39.66	113.88	105.99	52.47	43.19	72.06	18.03	72.62	101.14	44.55	87.82	47.8	83.43	80.36	118.22	36.4	73.41	53.49	45.97	75.95	35.23	42.05	100.65	91.29	41.79	68.62	84.81	29.83	46.53	82.46	70.35	39.62	50.93	60.75	81.01	35.13	48.47	48.01	83.57	57.14	94.05	12.17	78.77	56.72	61.22	58.83	61.1	0.0	92.46	68.03	55.11	83.6	63.78	53.31	46.87	46.87	73.88	62.97	36.25	93.24	61.2	77.47	25.81	64.47	49.19	65.0	108.23	47.63	46.39	79.12	48.38	50.01	85.48	50.77	19.92
70	104.81	60.44	72.12	64.64	82.76	2.0	57.01	20.4	35.81	27.2	33.53	46.24	40.72	39.56	80.41	88.89	38.83	34.71	105.7	53.25	92.09	9.06	53.08	42.38	44.65	79.23	61.29	76.3	74.52	30.41	104.92	48.55	88.87	44.69	94.83	52.55	38.12	85.16	28.44	53.6	47.17	85.7	71.78	75.71	43.93	13.45	54.2	50.49	7.81	97.5	52.81	20.88	79.91	67.72	42.54	32.65	19.03	66.29	48.26	63.69	46.52	42.2	26.17	84.85	35.74	51.55	31.24	41.77	94.01	92.46	0.0	56.14	50.33	66.85	31.62	51.79	81.88	81.88	18.6	48.05	90.52	20.52	54.13	88.84	94.54	34.54	45.61	88.14	31.32	44.82	78.92	53.14	50.25	62.65	35.36	42.45	104.81
71	87.09	66.61	47.27	105.12	71.06	56.04	5.1	62.1	31.91	82.1	53.85	55.15	23.02	77.39	75.96	115.26	72.47	84.17	94.05	94.85	106.51	57.22	40.31	96.52	95.34	90.14	25.08	99.7	53.6	26.02	133.66	47.63	116.73	40.36	118.26	87.46	94.01	84.69	28.02	68.59	47.51	108.3	72.01	80.62	92.44	65.28	31.78	78.01	50.01	89.5	60.31	64.03	101.24	71.34	48.1	35.36	37.12	33.02	28.02	20.22	84.97	59.03	76.3	56.14	73.41	13.89	41.18	60.61	105.48	68.03	56.14	0.0	16.64	99.62	52.84	66.47	88.68	88.68	46.32	10.82	88.6	71.7	7.62	111.2	85.15	25.63	31.24	103.81	86.15	41.77	86.09	87.13	25.55	74.65	77.83	35.36	87.09
72	73.17	50.0	33.24	91.0	55.58	49.65	21.47	51.04	18.25	73.68	39.56	39.05	10.05	63.89	59.77	99.09	58.52	73.17	79.16	81.27	89.87	48.84	23.71	87.09	84.29	73.5	13.04	83.49	39.01	21.4	117.52	31.14	100.66	24.08	101.86	72.92	86.31	68.35	23.02	52.4	31.11	91.93	55.46	64.01	80.75	56.57	15.52	62.77	43.01	73.98	43.86	53.04	84.86	54.71	32.2	22.2	32.76	20.62	11.4	13.42	71.17	43.57	66.0	43.97	60.17	2.83	27.66	45.28	88.84	55.11	50.33	16.64	0.0	84.38	38.9	50.33	72.07	72.07	36.12	8.0	72.42	62.13	9.22	94.79	69.72	15.81	14.87	87.2	77.52	25.5	69.46	72.45	8.94	58.14	65.31	19.42	73.17
73	82.28	42.19	76.79	15.0	64.94	65.0	103.41	46.96	67.8	54.01	46.1	46.1	76.61	27.31	55.54	23.02	29.41	39.01	75.59	18.68	36.62	58.18	65.19	50.29	38.9	35.36	85.62	17.03	73.17	79.21	38.08	55.15	22.36	60.83	30.07	14.32	60.42	52.0	77.83	34.21	54.63	23.41	48.37	42.72	33.96	54.41	73.93	21.63	64.88	66.64	43.68	46.1	21.4	44.1	52.35	64.66	75.21	83.82	73.82	92.2	20.62	40.82	44.41	85.02	31.3	87.13	58.9	39.12	41.23	83.6	66.85	99.62	84.38	0.0	47.42	35.74	41.59	41.59	59.2	88.81	55.9	49.03	93.19	25.96	66.85	75.17	69.84	32.8	53.24	59.48	40.31	13.89	76.94	34.0	32.02	65.0	82.28
74	74.06	28.86	46.07	52.33	51.87	29.73	56.3	17.2	21.02	42.19	2.0	14.76	29.97	25.0	48.85	65.73	19.7	36.67	74.25	42.38	63.56	23.71	27.51	52.5	47.27	49.16	44.01	51.0	46.62	32.02	83.6	19.42	66.61	19.42	70.24	34.67	55.07	53.6	30.81	23.09	18.03	60.37	40.16	44.41	43.01	27.59	33.14	26.25	25.32	65.92	21.19	18.87	53.71	36.14	13.04	17.49	30.36	45.54	30.15	49.37	32.31	11.0	31.38	58.31	21.38	41.44	11.66	11.18	64.63	63.78	31.62	52.84	38.9	47.42	0.0	21.02	51.04	51.04	15.03	42.06	58.94	29.68	47.01	63.51	63.07	27.8	26.08	59.91	45.18	18.68	48.04	34.41	33.24	32.02	27.02	21.02	74.06
75	58.73	10.63	42.0	46.04	37.2	49.82	70.77	33.62	36.06	55.44	19.03	11.31	44.05	26.93	31.24	48.8	21.4	44.82	56.61	39.62	43.01	43.17	29.55	61.4	52.84	28.16	50.09	33.24	39.46	50.57	67.21	19.72	50.33	26.25	52.01	28.07	67.18	34.01	49.77	2.24	19.42	42.01	22.02	24.04	47.41	44.78	38.47	16.03	46.1	47.71	8.06	34.44	35.0	17.2	18.44	34.0	50.99	48.08	39.2	56.82	30.36	10.05	43.28	51.79	26.25	53.15	29.15	10.05	43.74	53.31	51.79	66.47	50.33	35.74	21.02	0.0	30.15	30.15	36.06	55.9	39.4	44.1	59.46	45.0	45.61	44.42	35.47	39.56	57.31	24.84	27.17	27.02	42.2	11.0	32.8	31.11	58.73
76	41.23	23.54	49.2	56.44	28.16	79.91	93.54	63.06	62.36	82.3	49.04	38.33	68.71	51.11	18.03	38.21	47.42	69.34	34.0	55.97	19.42	73.16	48.37	84.81	74.41	6.32	66.84	26.68	43.27	78.1	54.41	42.38	41.11	49.98	36.69	44.55	92.65	11.05	77.67	28.28	43.01	29.15	17.03	8.06	68.77	74.04	57.14	36.36	76.24	25.08	31.4	63.6	24.08	17.46	44.91	61.39	80.31	61.52	60.83	73.88	50.45	40.05	70.21	52.39	52.33	74.79	57.56	40.2	17.03	46.87	81.88	88.68	72.07	41.59	51.04	30.15	0.0	0.0	66.01	79.16	14.32	72.24	81.12	30.59	25.71	70.88	58.18	18.38	83.35	48.7	3.0	43.14	63.13	19.24	57.8	55.36	41.23
77	41.23	23.54	49.2	56.44	28.16	79.91	93.54	63.06	62.36	82.3	49.04	38.33	68.71	51.11	18.03	38.21	47.42	69.34	34.0	55.97	19.42	73.16	48.37	84.81	74.41	6.32	66.84	26.68	43.27	78.1	54.41	42.38	41.11	49.98	36.69	44.55	92.65	11.05	77.67	28.28	43.01	29.15	17.03	8.06	68.77	74.04	57.14	36.36	76.24	25.08	31.4	63.6	24.08	17.46	44.91	61.39	80.31	61.52	60.83	73.88	50.45	40.05	70.21	52.39	52.33	74.79	57.56	40.2	17.03	46.87	81.88	88.68	72.07	41.59	51.04	30.15	0.0	0.0	66.01	79.16	14.32	72.24	81.12	30.59	25.71	70.88	58.18	18.38	83.35	48.7	3.0	43.14	63.13	19.24	57.8	55.36	41.23
78	86.35	43.42	53.81	61.22	64.4	17.03	48.7	15.81	18.97	37.66	17.03	28.64	26.08	33.3	62.64	79.18	29.83	37.85	87.66	50.22	78.45	13.42	34.66	51.01	49.03	64.2	45.22	65.0	55.97	21.47	96.57	30.02	79.76	26.17	84.17	45.34	50.45	68.07	19.72	38.12	28.65	74.46	54.34	59.21	46.17	20.62	36.72	39.36	11.18	79.7	35.51	17.72	68.01	50.64	24.17	15.23	16.12	49.19	31.38	48.84	41.11	26.02	30.15	66.53	29.07	38.01	12.73	26.17	79.63	73.88	18.6	46.32	36.12	59.2	15.03	36.06	66.01	66.01	0.0	36.35	73.35	26.02	42.19	77.62	76.55	21.1	28.18	74.73	41.44	26.25	63.01	45.45	33.84	47.04	32.25	24.41	86.35
79	81.15	56.6	41.19	94.37	63.51	47.68	14.87	51.97	21.1	73.03	43.05	44.6	12.21	66.71	67.45	104.66	61.72	74.15	87.14	84.17	96.57	48.01	31.02	87.09	85.33	80.26	20.25	89.14	47.01	17.72	123.04	37.44	106.08	30.0	107.81	76.66	85.29	75.89	19.65	58.05	37.2	97.84	62.77	71.11	82.23	56.0	23.35	67.2	41.3	81.88	50.0	53.94	90.79	61.72	37.48	24.6	29.41	28.16	18.38	18.44	74.25	48.27	66.48	51.66	62.77	6.32	30.41	49.82	95.77	62.97	48.05	10.82	8.0	88.81	42.06	55.9	79.16	79.16	36.35	0.0	80.08	62.13	6.08	100.77	77.65	15.3	21.1	93.74	77.01	31.4	76.48	76.32	16.49	64.4	67.36	24.84	81.15
80	27.29	30.08	44.41	70.71	19.8	88.6	93.64	73.01	66.12	94.03	57.01	44.72	71.02	63.41	12.65	51.04	59.08	81.84	19.72	69.81	29.43	82.22	49.24	97.74	87.68	20.62	64.85	40.8	37.8	82.15	65.76	46.01	54.08	53.15	48.26	58.14	105.0	5.39	82.05	38.01	47.0	42.11	19.1	15.81	82.02	84.17	56.92	48.92	84.17	10.77	37.85	73.82	37.85	22.8	50.16	66.0	86.21	58.31	61.85	71.59	63.64	48.38	81.84	44.2	64.07	74.95	63.2	49.04	25.0	36.25	90.52	88.6	72.42	55.9	58.94	39.4	14.32	14.32	73.35	80.08	0.0	83.24	80.99	43.0	12.0	74.33	60.02	30.02	95.44	52.09	15.81	56.73	63.6	29.68	70.0	58.31	27.29
81	102.07	54.41	75.66	44.78	79.98	19.21	73.55	12.53	44.55	12.53	30.81	43.19	52.09	23.02	75.21	71.85	25.0	14.21	100.69	33.54	78.77	14.87	56.8	25.0	24.6	68.31	70.61	61.01	76.28	45.89	86.68	49.09	71.39	48.33	78.41	35.23	25.5	77.9	43.93	45.28	47.71	70.03	66.03	67.54	23.43	7.21	61.03	36.88	22.85	91.81	48.17	10.82	65.07	61.29	42.72	40.61	36.4	73.68	56.52	74.67	28.44	36.8	5.66	87.98	20.4	64.03	36.4	35.47	81.58	93.24	20.52	71.7	62.13	49.03	29.68	44.1	72.24	72.24	26.02	62.13	83.24	0.0	68.07	73.06	89.63	47.01	52.89	74.67	15.81	47.85	69.46	36.12	59.23	53.67	17.12	48.38	102.07
82	80.01	59.2	40.05	99.32	63.56	53.76	12.65	57.71	26.0	79.06	47.85	48.17	17.09	71.87	68.35	108.25	66.71	79.91	86.7	89.32	99.05	54.04	32.76	93.05	91.08	82.66	18.03	92.66	46.27	23.77	126.67	40.36	109.79	33.24	111.07	81.41	91.35	77.08	25.71	61.55	40.31	101.14	64.41	73.06	87.86	62.01	24.17	71.56	47.38	82.0	53.08	59.68	94.07	63.81	41.23	29.73	35.44	26.08	20.62	14.32	79.31	52.43	72.34	49.5	68.01	6.4	35.47	54.08	97.94	61.2	54.13	7.62	9.22	93.19	47.01	59.46	81.12	81.12	42.19	6.08	80.99	68.07	0.0	104.0	77.67	21.1	24.04	96.4	83.02	34.66	78.55	81.01	18.03	67.36	72.8	28.43	80.01
83	70.11	45.45	77.83	38.95	58.69	86.88	115.62	68.45	81.02	79.4	61.72	56.22	89.02	50.16	48.51	8.25	50.01	64.5	60.83	44.64	14.87	79.83	72.25	76.24	64.85	25.3	92.46	12.65	72.5	95.02	24.17	63.66	11.4	70.84	7.07	38.01	86.35	41.3	94.02	42.8	63.7	3.16	45.19	36.4	59.91	77.52	81.47	38.6	85.44	53.15	50.93	68.07	10.0	43.05	63.41	78.77	93.62	88.48	83.45	99.49	45.04	53.85	69.01	82.54	53.46	97.62	73.57	52.84	20.25	77.47	88.84	111.2	94.79	25.96	63.51	45.0	30.59	30.59	77.62	100.77	43.0	73.06	104.0	0.0	55.0	89.31	79.98	13.04	78.92	69.43	31.32	37.0	86.27	36.8	56.01	75.93	70.11
84	15.52	35.23	38.63	81.44	14.14	92.7	90.24	78.55	66.48	101.04	61.27	48.33	70.0	71.42	14.42	63.03	66.53	89.81	11.18	79.61	41.3	86.76	48.01	106.1	96.54	32.02	60.44	52.39	31.95	82.3	77.65	47.3	66.07	53.6	60.21	67.68	112.61	14.87	82.49	44.69	48.51	54.08	23.6	24.7	90.91	89.69	54.33	57.49	87.66	4.47	42.06	79.61	49.65	28.43	52.5	67.08	87.86	53.14	60.07	66.73	72.62	53.34	88.87	35.47	71.51	72.01	65.25	54.38	36.67	25.81	94.54	85.15	69.72	66.85	63.07	45.61	25.71	25.71	76.55	77.65	12.0	89.63	77.67	55.0	0.0	74.17	59.01	42.01	102.83	52.77	26.57	66.29	61.29	37.54	77.79	58.31	15.52
85	80.52	47.43	42.49	79.76	60.41	33.84	28.65	36.67	8.54	58.22	29.07	33.54	6.4	51.88	62.07	92.46	47.17	58.86	84.59	69.32	86.82	33.24	26.31	72.01	70.04	70.94	27.2	77.2	46.82	8.25	110.63	28.64	93.61	21.21	96.26	62.43	70.71	69.58	8.94	46.65	27.89	86.27	55.73	63.06	66.94	41.11	22.83	53.76	27.2	78.06	39.92	38.64	79.32	53.6	26.4	10.63	17.69	33.24	16.12	29.15	59.54	35.61	51.24	54.71	47.85	17.26	16.28	36.88	86.73	64.47	34.54	25.63	15.81	75.17	27.8	44.42	70.88	70.88	21.1	15.3	74.33	47.01	21.1	89.31	74.17	0.0	15.52	83.63	62.13	22.36	68.01	62.2	17.03	54.13	52.2	16.03	80.52
86	65.0	35.51	27.46	77.16	45.1	44.41	35.81	40.79	9.9	65.15	26.31	24.21	11.05	50.8	47.52	84.22	45.12	62.2	69.26	67.91	75.47	41.59	11.0	77.28	73.06	59.17	18.03	68.62	31.38	23.77	102.65	16.4	85.8	9.22	87.05	58.87	78.11	55.54	24.35	37.54	16.28	77.1	42.06	50.16	69.01	48.47	8.6	48.3	37.8	63.01	29.07	42.76	70.04	40.72	17.49	13.04	31.91	21.02	4.12	23.35	57.72	29.07	55.9	40.0	47.38	17.69	16.49	30.87	74.71	49.19	45.61	31.24	14.87	69.84	26.08	35.47	58.18	58.18	28.18	21.1	60.02	52.89	24.04	79.98	59.01	15.52	0.0	72.67	68.68	10.63	55.46	58.31	7.28	43.42	53.08	5.1	65.0
87	57.08	37.2	67.12	47.42	46.49	86.15	108.47	68.01	75.13	82.71	57.97	50.09	82.49	51.79	36.4	21.21	50.09	68.31	47.85	50.61	4.12	79.1	63.89	81.86	70.66	14.21	83.44	15.81	61.4	90.08	36.14	56.3	24.33	63.81	18.44	41.44	91.18	28.64	89.32	37.34	56.6	12.65	34.41	25.24	65.31	78.1	73.0	38.05	83.73	40.11	43.91	68.01	11.4	33.24	57.25	73.41	90.25	78.75	75.8	90.51	48.38	49.34	71.39	70.77	54.33	90.0	68.71	48.76	8.49	65.0	88.14	103.81	87.2	32.8	59.91	39.56	18.38	18.38	74.73	93.74	30.02	74.67	96.4	13.04	42.01	83.63	72.67	0.0	82.86	62.43	19.72	40.16	78.41	29.53	58.25	69.12	57.08
88	115.97	67.9	91.24	44.55	94.11	30.81	87.57	28.23	60.21	4.12	46.14	58.01	67.48	32.25	88.53	76.11	36.4	14.56	113.7	35.0	86.98	29.0	72.5	11.18	17.46	78.71	86.35	67.91	91.59	60.13	88.57	64.5	75.01	64.08	83.29	41.48	10.0	90.21	58.14	58.14	63.13	76.12	79.31	79.63	20.22	21.02	76.84	47.01	36.22	104.64	62.37	26.4	72.28	74.41	58.18	56.29	49.65	89.49	72.28	90.26	34.48	51.22	14.21	103.45	31.4	79.31	52.2	49.68	90.48	108.23	31.32	86.15	77.52	53.24	45.18	57.31	83.35	83.35	41.44	77.01	95.44	15.81	83.02	78.92	102.83	62.13	68.68	82.86	0.0	63.56	80.78	42.72	74.95	65.8	25.55	64.2	115.97
89	60.93	25.5	28.02	67.45	39.56	43.28	46.23	35.34	14.04	60.37	18.25	13.6	20.12	42.05	40.01	73.59	36.12	55.32	63.56	58.69	65.37	38.95	8.94	71.17	65.76	49.19	26.68	58.0	29.73	30.07	92.02	6.32	75.17	1.41	76.49	49.04	73.35	47.27	30.0	26.91	5.83	66.53	33.38	40.8	61.29	44.65	15.13	38.08	37.2	56.44	18.6	37.16	59.46	31.32	7.28	14.32	35.17	27.07	14.42	32.89	48.51	18.97	49.98	40.61	39.01	28.32	13.6	20.88	64.88	47.63	44.82	41.77	25.5	59.48	18.68	24.84	48.7	48.7	26.25	31.4	52.09	47.85	34.66	69.43	52.77	22.36	10.63	62.43	63.56	0.0	45.88	48.38	17.49	33.02	45.18	6.71	60.93
90	42.06	20.62	47.43	55.01	27.46	76.94	90.92	60.17	59.48	79.65	46.04	35.36	65.92	48.55	17.26	38.64	44.72	66.85	35.51	54.04	21.26	70.21	45.79	82.46	72.18	6.08	64.54	26.17	41.68	75.19	55.36	39.56	41.44	47.17	37.7	42.45	90.14	11.7	74.73	25.32	40.16	29.61	14.87	5.66	66.53	71.17	54.64	33.84	73.25	26.42	28.44	60.73	24.02	14.76	41.98	58.46	77.32	59.41	58.18	71.59	48.17	37.05	67.54	51.26	49.65	72.2	54.59	37.22	19.42	46.39	78.92	86.09	69.46	40.31	48.04	27.17	3.0	3.0	63.01	76.48	15.81	69.46	78.55	31.32	26.57	68.01	55.46	19.72	80.78	45.88	0.0	41.04	60.54	16.28	55.23	52.55	42.06
91	81.12	35.9	69.01	19.24	61.47	51.26	90.7	33.11	55.23	42.76	33.29	35.69	64.14	13.6	53.24	35.9	15.62	28.16	76.22	13.42	44.27	44.38	55.11	42.19	31.4	37.64	75.0	25.32	66.37	65.8	51.89	44.91	35.74	49.65	42.3	1.41	51.08	52.01	64.35	26.17	44.15	34.01	44.78	41.62	25.81	41.0	63.32	11.0	51.0	67.01	35.0	32.31	29.61	39.92	41.11	51.87	61.4	74.15	62.39	81.27	8.25	29.41	32.02	78.64	17.46	75.13	46.04	27.51	47.93	79.12	53.14	87.13	72.45	13.89	34.41	27.02	43.14	43.14	45.45	76.32	56.73	36.12	81.01	37.0	66.29	62.2	58.31	40.16	42.72	48.38	41.04	0.0	65.55	29.55	19.03	53.31	81.12
92	65.62	41.23	26.25	84.43	47.17	49.24	30.41	47.38	14.87	71.31	33.54	31.06	10.82	58.05	50.96	90.79	52.39	69.07	71.01	75.19	81.02	47.17	14.76	83.86	80.01	64.64	11.4	75.17	31.4	24.7	109.22	22.67	92.46	16.12	93.34	66.13	84.2	59.46	25.81	44.2	22.8	83.45	46.52	55.07	76.06	54.41	7.0	55.46	42.54	65.49	35.38	49.37	76.38	45.79	24.6	18.68	34.66	16.28	3.16	16.12	65.0	36.25	62.51	38.01	54.59	11.66	23.09	38.08	79.92	48.38	50.25	25.55	8.94	76.94	33.24	42.2	63.13	63.13	33.84	16.49	63.6	59.23	18.03	86.27	61.29	17.03	7.28	78.41	74.95	17.49	60.54	65.55	0.0	49.52	60.21	12.37	65.62
93	51.87	8.94	43.42	46.87	31.95	60.67	79.2	43.97	45.62	64.35	30.02	20.62	53.0	33.97	23.85	41.88	29.41	52.4	48.1	42.95	32.7	53.94	35.47	68.59	59.03	17.26	55.8	26.42	39.32	60.75	60.22	27.02	43.91	34.41	43.86	30.87	75.43	24.41	60.08	9.06	27.2	34.06	15.23	13.89	53.41	55.03	44.69	20.0	57.08	38.95	14.42	44.6	27.02	10.44	27.73	44.01	61.81	52.35	46.75	62.8	35.23	21.02	52.15	51.04	34.41	60.96	39.56	21.02	32.98	50.01	62.65	74.65	58.14	34.0	32.02	11.0	19.24	19.24	47.04	64.4	29.68	53.67	67.36	36.8	37.54	54.13	43.42	29.53	65.8	33.02	16.28	29.55	49.52	0.0	40.46	39.66	51.87
94	91.44	43.42	70.88	29.73	70.0	33.62	80.62	17.03	47.07	24.7	27.02	36.06	55.79	6.71	63.66	54.74	11.4	12.04	88.53	18.38	62.37	27.2	53.6	28.6	20.88	53.23	71.03	44.1	70.01	53.71	69.89	44.15	54.34	46.1	61.29	18.11	35.0	64.82	51.97	33.3	42.95	53.0	54.49	54.2	16.12	22.47	60.03	21.47	34.71	79.4	38.95	15.56	48.26	49.52	38.47	43.17	46.86	72.25	57.14	76.32	11.4	28.79	13.15	82.28	6.71	67.68	37.66	26.93	65.52	85.48	35.36	77.83	65.31	32.02	27.02	32.8	57.8	57.8	32.25	67.36	70.0	17.12	72.8	56.01	77.79	52.2	53.08	58.25	25.55	45.18	55.23	19.03	60.21	40.46	0.0	48.04	91.44
95	65.46	32.2	29.73	72.11	44.72	41.11	39.7	36.14	8.25	60.75	21.21	19.8	13.42	45.71	46.04	79.91	40.02	57.31	68.88	62.82	72.07	37.74	11.18	72.57	68.12	55.9	23.0	64.35	32.76	24.02	98.31	13.0	81.39	5.39	82.98	53.85	73.74	53.6	24.19	33.24	12.53	73.0	39.81	47.43	64.0	44.28	12.65	43.42	34.66	62.13	25.24	38.08	65.95	37.95	12.81	10.0	30.46	25.3	9.22	28.44	52.63	24.19	51.2	42.45	42.3	22.2	12.08	25.94	71.59	50.77	42.45	35.36	19.42	65.0	21.02	31.11	55.36	55.36	24.41	24.84	58.31	48.38	28.43	75.93	58.31	16.03	5.1	69.12	64.2	6.71	52.55	53.31	12.37	39.66	48.04	0.0	65.46
;
