vehicles
vehicle_idx, capacity, cost_per_unit_distance
1,100,3
2,100,3
3,100,3
4,100,3
depot
node_idx,x,y
0,92,92
home delivery customers
node_idx,x,y,service_time,demand
1,61,38,10,11
2,79,74,10,12
3,40,3,10,6
4,46,80,10,5
5,52,82,10,5
self pickup customers
node_idx,x,y,service_time,demand,locker_idxs
6,52,82,10,11,17
7,41,95,10,23,17
8,36,93,10,7,17
9,56,75,10,13,17
flexible customers
node_idx,x,y,service_time,demand,locker_idxs
10,63,83,10,12,14
11,60,25,10,9,19-16
12,65,22,10,23,19-16
13,59,2,10,9,19-16
lockers
node_idx,x,y,service_time,capacity,cost_per_unit_good
14,65,88,10,96
15,25,15,10,95
16,73,29,10,74
17,52,82,10,80
18,15,33,10,82
19,90,13,10,90
mrt lines
start_node_idx,end_node_idx,freight_capacity,cost_per_unit_good
14,15,96,0.1
15,14,96,0.1
distance matrix
,0,1,2,3,4,5,6,7,8,9,10,11,12,13,14,15,16,17,18,19,
0,0.0,62.27,22.2,103.08,47.54,41.23,41.23,51.09,56.01,39.81,30.36,74.25,75.03,95.86,27.29,102.07,65.8,41.23,97.01,79.03
1,62.27,0.0,40.25,40.82,44.6,44.91,44.91,60.41,60.42,37.34,45.04,13.04,16.49,36.06,50.16,42.72,15.0,44.91,46.27,38.29
2,22.2,40.25,0.0,81.01,33.54,28.16,28.16,43.42,47.01,23.02,18.36,52.55,53.85,74.73,19.8,79.98,45.4,28.16,76.01,61.98
3,103.08,40.82,81.01,0.0,77.23,79.91,79.91,92.01,90.09,73.76,83.24,29.73,31.4,19.03,88.6,19.21,42.01,79.91,39.05,50.99
4,47.54,44.6,33.54,77.23,0.0,6.32,6.32,15.81,16.4,11.18,17.26,56.75,61.03,79.08,20.62,68.31,57.71,6.32,56.3,80.16
5,41.23,44.91,28.16,79.91,6.32,0.0,0.0,17.03,19.42,8.06,11.05,57.56,61.39,80.31,14.32,72.24,57.01,0.0,61.4,78.77
6,41.23,44.91,28.16,79.91,6.32,0.0,0.0,17.03,19.42,8.06,11.05,57.56,61.39,80.31,14.32,72.24,57.01,0.0,61.4,78.77
7,51.09,60.41,43.42,92.01,15.81,17.03,17.03,0.0,5.39,25.0,25.06,72.53,76.84,94.73,25.0,81.58,73.35,17.03,67.23,95.52
8,56.01,60.42,47.01,90.09,16.4,19.42,19.42,5.39,0.0,26.91,28.79,72.11,76.69,93.86,29.43,78.77,73.93,19.42,63.57,96.52
9,39.81,37.34,23.02,73.76,11.18,8.06,8.06,25.0,26.91,0.0,10.63,50.16,53.76,73.06,15.81,67.54,49.04,8.06,58.69,70.71
10,30.36,45.04,18.36,83.24,17.26,11.05,11.05,25.06,28.79,10.63,0.0,58.08,61.03,81.1,5.39,77.9,54.92,11.05,69.31,75.03
11,74.25,13.04,52.55,29.73,56.75,57.56,57.56,72.53,72.11,50.16,58.08,0.0,5.83,23.02,63.2,36.4,13.6,57.56,45.71,32.31
12,75.03,16.49,53.85,31.4,61.03,61.39,61.39,76.84,76.69,53.76,61.03,5.83,0.0,20.88,66.0,40.61,10.63,61.39,51.2,26.57
13,95.86,36.06,74.73,19.03,79.08,80.31,80.31,94.73,93.86,73.06,81.1,23.02,20.88,0.0,86.21,36.4,30.41,80.31,53.82,32.89
14,27.29,50.16,19.8,88.6,20.62,14.32,14.32,25.0,29.43,15.81,5.39,63.2,66.0,86.21,0.0,83.24,59.54,14.32,74.33,79.06
15,102.07,42.72,79.98,19.21,68.31,72.24,72.24,81.58,78.77,67.54,77.9,36.4,40.61,36.4,83.24,0.0,50.0,72.24,20.59,65.03
16,65.8,15.0,45.4,42.01,57.71,57.01,57.01,73.35,73.93,49.04,54.92,13.6,10.63,30.41,59.54,50.0,0.0,57.01,58.14,23.35
17,41.23,44.91,28.16,79.91,6.32,0.0,0.0,17.03,19.42,8.06,11.05,57.56,61.39,80.31,14.32,72.24,57.01,0.0,61.4,78.77
18,97.01,46.27,76.01,39.05,56.3,61.4,61.4,67.23,63.57,58.69,69.31,45.71,51.2,53.82,74.33,20.59,58.14,61.4,0.0,77.62
19,79.03,38.29,61.98,50.99,80.16,78.77,78.77,95.52,96.52,70.71,75.03,32.31,26.57,32.89,79.06,65.03,23.35,78.77,77.62,0.0
