set K:= 1	2	3;
set C_H:= 1	2	3	4	5	6	7;
set C_S:= 8	9	10;
set C_F:= 11;
set M:= 12	13;
set L_B:= 14	15	16;
set A1:=
(0,*) 1 2 3 4 5 6 7 11 12 13 14 15 16
(1,*) 0 2 3 4 5 6 7 11 12 13 14 15 16
(2,*) 0 1 3 4 5 6 7 11 12 13 14 15 16
(3,*) 0 1 2 4 5 6 7 11 12 13 14 15 16
(4,*) 0 1 2 3 5 6 7 11 12 13 14 15 16
(5,*) 0 1 2 3 4 6 7 11 12 13 14 15 16
(6,*) 0 1 2 3 4 5 7 11 12 13 14 15 16
(7,*) 0 1 2 3 4 5 6 11 12 13 14 15 16
(11,*) 0 1 2 3 4 5 6 7 12 13 14 15 16
(12,*) 0 1 2 3 4 5 6 7 11 13 14 15 16
(13,*) 0 1 2 3 4 5 6 7 11 12 14 15 16
(14,*) 0 1 2 3 4 5 6 7 11 12 13 15 16
(15,*) 0 1 2 3 4 5 6 7 11 12 13 14 16
(16,*) 0 1 2 3 4 5 6 7 11 12 13 14 15
;
set A2:=
(12,*) 13
(13,*) 12
;
param BigM:=99999;
param n:= 3;
param d:=
1	12
2	20
3	14
4	15
5	6
6	19
7	24
8	24
9	22
10	16
11	16
;
param Q:=100;
param w:=
[12,*] 13 1
[13,*] 12 1
;
param V:=
[12,*] 13 92
[13,*] 12 92
;
param f:=
12	100
13	100
14	100
15	100
16	100
;
param e:
	12	13	14	15	16:=
8	0	0	1	1	1	
9	0	1	0	0	0	
10	1	0	1	0	1	
11	0	0	1	0	0	
;
param p:=
1	1
2	1
3	1
;
param G:=
12	92
13	89
14	98
15	81
16	95
;
param s:=
0	0
1	15
2	15
3	15
4	15
5	15
6	15
7	15
11	15
12	10
13	10
14	10
15	10
16	10
;
param t:
	0	1	2	3	4	5	6	7	8	9	10	11	12	13	14	15	16:=
0	0.0	64.03	25.96	16.28	84.86	85.6	74.55	75.96	25.24	81.74	37.05	88.14	64.94	61.19	49.5	45.88	44.55
1	64.03	0.0	68.6	47.8	75.01	84.59	13.89	121.7	60.61	109.59	28.65	99.2	5.39	106.08	57.71	96.05	57.14
2	25.96	68.6	0.0	29.41	63.81	62.24	75.13	55.57	8.06	56.14	40.36	62.65	67.42	39.82	29.73	27.59	25.0
3	16.28	47.8	29.41	0.0	76.61	79.61	58.31	84.53	24.08	84.15	21.02	85.62	48.66	68.94	42.49	55.23	38.08
4	84.86	75.01	63.81	76.61	0.0	12.73	69.23	83.19	60.44	54.63	65.55	31.89	70.06	73.01	35.38	75.5	40.36
5	85.6	84.59	62.24	79.61	12.73	0.0	80.08	73.17	60.44	43.01	71.59	19.21	79.91	64.5	37.12	69.29	41.68
6	74.55	13.89	75.13	58.31	69.23	80.08	0.0	125.5	67.08	109.86	37.66	96.38	10.2	110.26	58.8	101.87	59.41
7	75.96	121.7	55.57	84.53	83.19	73.17	125.5	0.0	62.68	32.98	94.81	58.42	119.5	15.81	67.68	30.08	66.22
8	25.24	60.61	8.06	24.08	60.44	60.44	67.08	62.68	0.0	60.07	32.53	63.32	59.36	46.87	25.24	35.47	20.25
9	81.74	109.59	56.14	84.15	54.63	43.01	109.86	32.98	60.07	0.0	86.98	26.02	106.17	31.14	51.88	44.1	52.92
10	37.05	28.65	40.36	21.02	65.55	71.59	37.66	94.81	32.53	86.98	0.0	82.0	28.46	79.03	37.05	67.94	34.53
11	88.14	99.2	62.65	85.62	31.89	19.21	96.38	58.42	63.32	26.02	82.0	0.0	94.92	52.92	45.04	61.61	48.37
12	64.94	5.39	67.42	48.66	70.06	79.91	10.2	119.5	59.36	106.17	28.46	94.92	0.0	104.0	54.38	94.63	54.2
13	61.19	106.08	39.82	68.94	73.01	64.5	110.26	15.81	46.87	31.14	79.03	52.92	104.0	0.0	53.24	16.03	51.31
14	49.5	57.71	29.73	42.49	35.38	37.12	58.8	67.68	25.24	51.88	37.05	45.04	54.38	53.24	0.0	48.84	5.0
15	45.88	96.05	27.59	55.23	75.5	69.29	101.87	30.08	35.47	44.1	67.94	61.61	94.63	16.03	48.84	0.0	45.61
16	44.55	57.14	25.0	38.08	40.36	41.68	59.41	66.22	20.25	52.92	34.53	48.37	54.2	51.31	5.0	45.61	0.0
;
