vehicles
vehicle_idx, capacity, cost_per_unit_distance
1,100,3
2,100,3
3,100,3
depot
node_idx,x,y
0,82,76
home delivery customers
node_idx,x,y,service_time,demand
1,23,15,15,15
2,29,89,15,7
3,91,2,15,19
4,98,14,15,12
5,50,93,15,8
self pickup customers
node_idx,x,y,service_time,demand,locker_idxs
6,57,69,15,20,15
7,93,3,15,24,15
8,58,30,15,12,16
9,19,32,15,1,14
flexible customers
node_idx,x,y,service_time,demand,locker_idxs
10,98,5,15,9,15
11,9,97,15,24,15
12,84,25,15,16,14
13,14,24,15,6,14
lockers
node_idx,x,y,service_time,capacity,cost_per_unit_good
0,93,12,10,80
1,22,88,10,84
2,65,88,10,76
3,25,15,10,87
4,77,88,10,91
5,72,14,10,74
20,53,49,10,97
21,48,60,10,79
22,49,52,10,73
mrt lines
start_node_idx,end_node_idx,freight_capacity,cost_per_unit_good
distance matrix
,0,1,2,3,4,5,6,7,8,9,10,11,12,13,14,15,16,17,18,19,20,21,22,
0,0.0,84.86,54.57,74.55,64.03,36.24,25.96,73.82,51.88,76.84,72.78,75.96,51.04,85.6,64.94,61.19,20.81,83.49,13.0,62.8,39.62,37.58,40.8
1,84.86,0.0,74.24,69.23,75.01,82.54,63.81,71.02,38.08,17.46,75.66,83.19,61.81,12.73,70.06,73.01,84.22,2.0,90.8,49.01,45.34,51.48,45.22
2,54.57,74.24,0.0,106.83,101.91,21.38,34.41,107.2,65.74,57.87,108.71,21.54,84.39,66.71,100.12,7.07,36.01,74.11,48.01,86.45,46.65,34.67,42.06
3,74.55,69.23,106.83,0.0,13.89,99.81,75.13,2.24,43.28,78.0,7.62,125.5,24.04,80.08,10.2,110.26,89.84,67.27,87.13,22.47,60.44,72.2,65.3
4,64.03,75.01,101.91,13.89,0.0,92.44,68.6,12.08,43.08,81.02,9.0,121.7,17.8,84.59,5.39,106.08,81.02,73.01,76.92,26.0,57.01,67.94,62.01
5,36.24,82.54,21.38,99.81,92.44,0.0,25.0,99.74,63.51,68.43,100.24,41.19,76.03,77.83,91.71,28.44,15.81,81.91,27.46,82.01,44.1,33.06,41.01
6,25.96,63.81,34.41,75.13,68.6,25.0,0.0,75.18,39.01,53.04,76.01,55.57,51.62,62.24,67.42,39.82,20.62,62.77,27.59,57.01,20.4,12.73,18.79
7,73.82,71.02,107.2,2.24,12.08,99.74,75.18,0.0,44.2,79.48,5.39,126.06,23.77,81.74,9.0,110.75,89.49,69.05,86.49,23.71,60.96,72.62,65.86
8,51.88,38.08,65.74,43.28,43.08,63.51,39.01,44.2,0.0,39.05,47.17,83.01,26.48,44.41,39.36,68.26,58.42,36.25,61.03,21.26,19.65,31.62,23.77
9,76.84,17.46,57.87,78.0,81.02,68.43,53.04,79.48,39.05,0.0,83.49,65.76,65.38,9.43,76.66,56.08,72.47,18.03,80.62,55.97,38.01,40.31,36.06
10,72.78,75.66,108.71,7.62,9.0,100.24,76.01,5.39,47.17,83.49,0.0,128.0,24.41,86.12,8.6,112.54,89.32,73.68,85.62,27.51,62.94,74.33,67.9
11,75.96,83.19,21.54,125.5,121.7,41.19,55.57,126.06,83.01,65.76,128.0,0.0,103.97,73.17,119.5,15.81,56.72,83.55,68.59,104.2,65.12,53.76,60.21
12,51.04,61.81,84.39,24.04,17.8,76.03,51.62,23.77,26.48,65.38,24.41,103.97,0.0,70.01,15.81,88.39,65.8,59.84,63.39,16.28,39.2,50.21,44.2
13,85.6,12.73,66.71,80.08,84.59,77.83,62.24,81.74,44.41,9.43,86.12,73.17,70.01,0.0,79.91,64.5,81.84,14.21,89.81,58.86,46.32,49.52,44.82
14,64.94,70.06,100.12,10.2,5.39,91.71,67.42,9.0,39.36,76.66,8.6,119.5,15.81,79.91,0.0,104.0,80.99,68.07,77.67,21.1,54.49,65.8,59.46
15,61.19,73.01,7.07,110.26,106.08,28.44,39.82,110.75,68.26,56.08,112.54,15.81,88.39,64.5,104.0,0.0,43.0,73.06,55.0,89.31,49.82,38.21,45.0
16,20.81,84.22,36.01,89.84,81.02,15.81,20.62,89.49,58.42,72.47,89.32,56.72,65.8,81.84,80.99,43.0,0.0,83.24,12.0,74.33,40.8,32.76,39.4
17,83.49,2.0,74.11,67.27,73.01,81.91,62.77,69.05,36.25,18.03,73.68,83.55,59.84,14.21,68.07,73.06,83.24,0.0,89.63,47.01,44.05,50.54,44.1
18,13.0,90.8,48.01,87.13,76.92,27.46,27.59,86.49,61.03,80.62,85.62,68.59,63.39,89.81,77.67,55.0,12.0,89.63,0.0,74.17,45.79,40.31,45.61
19,62.8,49.01,86.45,22.47,26.0,82.01,57.01,23.71,21.26,55.97,27.51,104.2,16.28,58.86,21.1,89.31,74.33,47.01,74.17,0.0,39.82,51.88,44.42
20,39.62,45.34,46.65,60.44,57.01,44.1,20.4,60.96,19.65,38.01,62.94,65.12,39.2,46.32,54.49,49.82,40.8,44.05,45.79,39.82,0.0,12.08,5.0
21,37.58,51.48,34.67,72.2,67.94,33.06,12.73,72.62,31.62,40.31,74.33,53.76,50.21,49.52,65.8,38.21,32.76,50.54,40.31,51.88,12.08,0.0,8.06
22,40.8,45.22,42.06,65.3,62.01,41.01,18.79,65.86,23.77,36.06,67.9,60.21,44.2,44.82,59.46,45.0,39.4,44.1,45.61,44.42,5.0,8.06,0.0
