set K:= 1	2	3	4;
set C_H:= 1	2	3	4;
set C_S:= 5	6	7;
set C_F:= 8	9	10;
set M:= 11	12	13	14	15	16;
set L_B:= 17	18	19	20;
set A1:=
(0,*) 1 2 3 4 8 9 10 11 12 13 14 15 16 17 18 19 20
(1,*) 0 2 3 4 8 9 10 11 12 13 14 15 16 17 18 19 20
(2,*) 0 1 3 4 8 9 10 11 12 13 14 15 16 17 18 19 20
(3,*) 0 1 2 4 8 9 10 11 12 13 14 15 16 17 18 19 20
(4,*) 0 1 2 3 8 9 10 11 12 13 14 15 16 17 18 19 20
(8,*) 0 1 2 3 4 9 10 11 12 13 14 15 16 17 18 19 20
(9,*) 0 1 2 3 4 8 10 11 12 13 14 15 16 17 18 19 20
(10,*) 0 1 2 3 4 8 9 11 12 13 14 15 16 17 18 19 20
(11,*) 0 1 2 3 4 8 9 10 12 13 14 15 16 17 18 19 20
(12,*) 0 1 2 3 4 8 9 10 11 13 14 15 16 17 18 19 20
(13,*) 0 1 2 3 4 8 9 10 11 12 14 15 16 17 18 19 20
(14,*) 0 1 2 3 4 8 9 10 11 12 13 15 16 17 18 19 20
(15,*) 0 1 2 3 4 8 9 10 11 12 13 14 16 17 18 19 20
(16,*) 0 1 2 3 4 8 9 10 11 12 13 14 15 17 18 19 20
(17,*) 0 1 2 3 4 8 9 10 11 12 13 14 15 16 18 19 20
(18,*) 0 1 2 3 4 8 9 10 11 12 13 14 15 16 17 19 20
(19,*) 0 1 2 3 4 8 9 10 11 12 13 14 15 16 17 18 20
(20,*) 0 1 2 3 4 8 9 10 11 12 13 14 15 16 17 18 19
;
param BigM:=99999;
param n:= 4;
param d:=
1	24
2	14
3	19
4	7
5	4
6	19
7	14
8	21
9	18
10	16
;
param Q:=100;
param e:
	11	12	13	14	15	16	17	18	19	20:=
5		0		1		0		0		0		0		0		0		0		0	
6		0		1		0		0		0		0		0		0		0		0	
7		0		0		0		0		1		0		0		0		1		0	
8		0		0		1		0		0		0		0		0		0		0	
9		0		0		0		0		0		0		0		0		1		0	
10		0		0		0		0		0		1		0		0		0		0	
;
param p:=
1	3
2	3
3	3
4	3
;
param G:=
11	80
12	92
13	100
14	79
15	83
16	74
17	83
18	91
19	97
20	94
;
param s:=
0	0
1	10
2	10
3	10
4	10
8	10
9	10
10	10
11	10
12	10
13	10
14	10
15	10
16	10
17	10
18	10
19	10
20	10
;
param t:
	0	1	2	3	4	5	6	7	8	9	10	11	12	13	14	15	16	17	18	19	20:=
0	0.0	25.24	101.41	34.93	54.57	84.17	97.58	16.28	28.84	25.71	37.05	20.81	83.49	64.94	61.19	13.0	62.8	43.14	60.41	14.42	51.88
1	25.24	0.0	76.42	39.36	41.87	59.46	73.0	24.08	38.33	29.15	32.53	26.31	59.2	59.36	46.87	30.53	49.24	19.24	39.62	13.15	26.93
2	101.41	76.42	0.0	97.14	82.57	32.0	8.54	94.34	102.04	92.57	84.15	98.41	20.62	88.02	79.83	106.15	67.12	58.6	61.4	87.62	52.2
3	34.93	39.36	97.14	0.0	80.71	91.02	90.87	19.42	8.25	10.63	13.0	53.82	76.69	32.14	86.09	47.93	38.42	44.01	78.11	29.73	60.53
4	54.57	41.87	82.57	80.71	0.0	52.77	83.55	63.06	78.29	70.18	74.33	36.01	74.11	100.12	7.07	48.01	86.45	49.65	21.19	51.48	37.66
5	84.17	59.46	32.0	91.02	52.77	0.0	35.9	82.0	93.54	83.49	79.06	75.6	33.6	92.97	49.04	85.44	72.62	47.1	31.91	72.42	32.57
6	97.58	73.0	8.54	90.87	83.55	35.9	0.0	89.4	96.18	86.95	77.88	96.25	14.42	80.16	81.5	103.23	59.41	54.45	62.65	83.49	50.54
7	16.28	24.08	94.34	19.42	63.06	82.0	89.4	0.0	15.26	9.49	21.02	34.41	75.0	48.66	68.94	29.12	47.8	36.25	63.64	11.7	49.65
8	28.84	38.33	102.04	8.25	78.29	93.54	96.18	15.26	0.0	10.05	19.1	48.84	81.84	40.31	84.1	41.68	46.04	46.53	77.88	26.83	62.0
9	25.71	29.15	92.57	10.63	70.18	83.49	86.95	9.49	10.05	0.0	12.65	43.57	72.56	39.32	75.66	38.6	40.31	36.5	68.41	19.1	52.01
10	37.05	32.53	84.15	13.0	74.33	79.06	77.88	21.02	19.1	12.65	0.0	52.55	63.69	28.46	79.03	49.5	27.73	32.56	68.88	26.93	49.73
11	20.81	26.31	98.41	53.82	36.01	75.6	96.25	34.41	48.84	43.57	52.55	0.0	83.24	80.99	43.0	12.0	74.33	44.92	47.01	25.63	46.23
12	83.49	59.2	20.62	76.69	74.11	33.6	14.42	75.0	81.84	72.56	63.69	83.24	0.0	68.07	73.06	89.63	47.01	40.36	54.08	69.3	38.6
13	64.94	59.36	88.02	32.14	100.12	92.97	80.16	48.66	40.31	39.32	28.46	80.99	68.07	0.0	104.0	77.67	21.1	52.63	91.05	55.36	69.63
14	61.19	46.87	79.83	86.09	7.07	49.04	81.5	68.94	84.1	75.66	79.03	43.0	73.06	104.0	0.0	55.0	89.31	52.43	19.0	57.27	38.63
15	13.0	30.53	106.15	47.93	48.01	85.44	103.23	29.12	41.68	38.6	49.5	12.0	89.63	77.67	55.0	0.0	74.17	49.74	58.19	24.19	54.56
16	62.8	49.24	67.12	38.42	86.45	72.62	59.41	47.8	46.04	40.31	27.73	74.33	47.01	21.1	89.31	74.17	0.0	36.89	74.33	50.04	52.35
17	43.14	19.24	58.6	44.01	49.65	47.1	54.45	36.25	46.53	36.5	32.56	44.92	40.36	52.63	52.43	49.74	36.89	0.0	38.42	29.07	17.46
18	60.41	39.62	61.4	78.11	21.19	31.91	62.65	63.64	77.88	68.41	68.88	47.01	54.08	91.05	19.0	58.19	74.33	38.42	0.0	52.24	22.02
19	14.42	13.15	87.62	29.73	51.48	72.42	83.49	11.7	26.83	19.1	26.93	25.63	69.3	55.36	57.27	24.19	50.04	29.07	52.24	0.0	39.85
20	51.88	26.93	52.2	60.53	37.66	32.57	50.54	49.65	62.0	52.01	49.73	46.23	38.6	69.63	38.63	54.56	52.35	17.46	22.02	39.85	0.0
;
