set K:= 1	2	3;
set C_H:= 1	2	3	4	5;
set C_S:= 6	7	8;
set C_F:= 9	10	11;
set M:= 12	13	14	15	16	17;
set L_B:= 18	19	20;
set A1:=
(0,*) 1 2 3 4 5 9 10 11 12 13 14 15 16 17 18 19 20
(1,*) 0 2 3 4 5 9 10 11 12 13 14 15 16 17 18 19 20
(2,*) 0 1 3 4 5 9 10 11 12 13 14 15 16 17 18 19 20
(3,*) 0 1 2 4 5 9 10 11 12 13 14 15 16 17 18 19 20
(4,*) 0 1 2 3 5 9 10 11 12 13 14 15 16 17 18 19 20
(5,*) 0 1 2 3 4 9 10 11 12 13 14 15 16 17 18 19 20
(9,*) 0 1 2 3 4 5 10 11 12 13 14 15 16 17 18 19 20
(10,*) 0 1 2 3 4 5 9 11 12 13 14 15 16 17 18 19 20
(11,*) 0 1 2 3 4 5 9 10 12 13 14 15 16 17 18 19 20
(12,*) 0 1 2 3 4 5 9 10 11 14 15 16 17 18 19 20
(13,*) 0 1 2 3 4 5 9 10 11 14 15 16 17 18 19 20
(14,*) 0 1 2 3 4 5 9 10 11 12 13 16 17 18 19 20
(15,*) 0 1 2 3 4 5 9 10 11 12 13 16 17 18 19 20
(16,*) 0 1 2 3 4 5 9 10 11 12 13 14 15 18 19 20
(17,*) 0 1 2 3 4 5 9 10 11 12 13 14 15 18 19 20
(18,*) 0 1 2 3 4 5 9 10 11 12 13 14 15 16 17 19 20
(19,*) 0 1 2 3 4 5 9 10 11 12 13 14 15 16 17 18 20
(20,*) 0 1 2 3 4 5 9 10 11 12 13 14 15 16 17 18 19
;
set A2:=
(12,*) 13
(13,*) 12
(14,*) 15
(15,*) 14
(16,*) 17
(17,*) 16
;
param BigM:=99999;
param n:= 3;
param d:=
1	19
2	8
3	14
4	22
5	21
6	16
7	12
8	16
9	15
10	24
11	24
;
param Q:=100;
param w:=
[12,*] 13 0.5
[13,*] 12 0.5
[14,*] 15 0.5
[15,*] 14 0.5
[16,*] 17 0.5
[17,*] 16 0.5
;
param V:=
[12,*] 13 100
[13,*] 12 100
[14,*] 15 89
[15,*] 14 89
[16,*] 17 96
[17,*] 16 96
;
param e:
	12	13	14	15	16	17	18	19	20:=
6	1	0	0	0	0	1	0	1	0	
7	0	0	0	1	0	1	1	1	0	
8	1	0	0	0	0	1	0	1	0	
9	0	0	0	1	0	1	0	0	1	
10	0	0	1	0	0	0	1	1	1	
11	0	1	1	0	0	0	0	1	0	
;
param p:=
1	3
2	3
3	3
;
param G:=
12	100
13	97
14	89
15	88
16	96
17	75
18	96
19	83
20	81
;
param s:=
0	0
1	10
2	10
3	10
4	10
5	10
9	10
10	10
11	10
12	10
13	10
14	10
15	10
16	10
17	10
18	10
19	10
20	10
;
param t:
	0	1	2	3	4	5	6	7	8	9	10	11	12	13	14	15	16	17	18	19	20:=
0	0.0	97.58	36.24	16.28	81.74	28.84	37.05	51.88	51.04	84.86	25.24	75.96	64.94	61.19	20.81	83.49	13.0	62.8	37.01	31.24	48.02
1	97.58	0.0	93.62	89.4	59.23	96.18	77.88	50.54	73.25	12.81	73.0	90.09	80.16	81.5	96.25	14.42	103.23	59.41	60.96	66.53	52.15
2	36.24	93.62	0.0	48.1	56.44	63.13	63.81	63.51	76.03	82.54	32.89	41.19	91.71	28.44	15.81	81.91	27.46	82.01	40.11	42.72	42.95
3	16.28	89.4	48.1	0.0	84.15	15.26	21.02	40.36	35.01	76.61	24.08	84.53	48.66	68.94	34.41	75.0	29.12	47.8	32.76	24.35	44.91
4	81.74	59.23	56.44	84.15	0.0	97.87	86.98	66.89	92.14	54.63	60.07	32.98	106.17	31.14	68.01	55.46	79.4	87.42	53.37	62.37	42.38
5	28.84	96.18	63.13	15.26	97.87	0.0	19.1	45.65	30.41	83.63	38.33	99.73	40.31	84.1	48.84	81.84	41.68	46.04	45.01	36.0	57.01
6	37.05	77.88	63.81	21.02	86.98	19.1	0.0	27.51	14.0	65.55	32.53	94.81	28.46	79.03	52.55	63.69	49.5	27.73	34.01	25.55	44.64
7	51.88	50.54	63.51	40.36	66.89	45.65	27.51	0.0	26.48	38.08	32.14	83.01	39.36	68.26	58.42	36.25	61.03	21.26	23.54	22.36	27.02
8	51.04	73.25	76.03	35.01	92.14	30.41	14.0	26.48	0.0	61.81	43.57	103.97	15.81	88.39	65.8	59.84	63.39	16.28	41.77	34.83	50.25
9	84.86	12.81	82.54	76.61	54.63	83.63	65.55	38.08	61.81	0.0	60.44	83.19	70.06	73.01	84.22	2.0	90.8	49.01	48.41	53.76	40.25
10	25.24	73.0	32.89	24.08	60.07	38.33	32.53	32.14	43.57	60.44	0.0	62.68	59.36	46.87	26.31	59.2	30.53	49.24	12.04	10.05	22.83
11	75.96	90.09	41.19	84.53	32.98	99.73	94.81	83.01	103.97	83.19	62.68	0.0	119.5	15.81	56.72	83.55	68.59	104.2	62.23	69.53	56.04
12	64.94	80.16	91.71	48.66	106.17	40.31	28.46	39.36	15.81	70.06	59.36	119.5	0.0	104.0	80.99	68.07	77.67	21.1	57.28	50.61	65.0
13	61.19	81.5	28.44	68.94	31.14	84.1	79.03	68.26	88.39	73.01	46.87	15.81	104.0	0.0	43.0	73.06	55.0	89.31	46.75	53.81	41.59
14	20.81	96.25	15.81	34.41	68.01	48.84	52.55	58.42	65.8	84.22	26.31	56.72	80.99	43.0	0.0	83.24	12.0	74.33	37.0	36.12	44.1
15	83.49	14.42	81.91	75.0	55.46	81.84	63.69	36.25	59.84	2.0	59.2	83.55	68.07	73.06	83.24	0.0	89.63	47.01	47.2	52.33	39.4
16	13.0	103.23	27.46	29.12	79.4	41.68	49.5	61.03	63.39	90.8	30.53	68.59	77.67	55.0	12.0	89.63	0.0	74.17	42.44	39.0	51.62
17	62.8	59.41	82.01	47.8	87.42	46.04	27.73	21.26	16.28	49.01	49.24	104.2	21.1	89.31	74.33	47.01	74.17	0.0	43.38	39.29	48.27
18	37.01	60.96	40.11	32.76	53.37	45.01	34.01	23.54	41.77	48.41	12.04	62.23	57.28	46.75	37.0	47.2	42.44	43.38	0.0	9.06	12.17
19	31.24	66.53	42.72	24.35	62.37	36.0	25.55	22.36	34.83	53.76	10.05	69.53	50.61	53.81	36.12	52.33	39.0	39.29	9.06	0.0	21.02
20	48.02	52.15	42.95	44.91	42.38	57.01	44.64	27.02	50.25	40.25	22.83	56.04	65.0	41.59	44.1	39.4	51.62	48.27	12.17	21.02	0.0
;
