vehicles
vehicle_idx, capacity, cost_per_unit_distance
1,100,1
2,100,1
3,100,1
depot
node_idx,x,y
0,82,76
home delivery customers
node_idx,x,y,service_time,demand
1,3,82,15,8
2,93,3,15,24
3,88,51,15,18
4,19,32,15,1
5,5,10,15,14
6,98,5,15,9
7,14,24,15,6
8,13,7,15,19
9,84,39,15,16
self pickup customers
node_idx,x,y,service_time,demand,locker_idxs
10,91,2,15,19,15
11,1,65,15,22,16-21
12,50,5,15,21,18
13,80,55,15,2,17-20-19
flexible customers
node_idx,x,y,service_time,demand,locker_idxs
14,85,60,15,14,17-20
lockers
node_idx,x,y,service_time,capacity,cost_per_unit_good
15,93,12,10,75,100
16,22,88,10,83,100
17,65,88,10,96,100
18,25,15,10,87,100
19,49,44,10,73,100
20,59,61,10,87,100
21,31,54,10,99,100
mrt lines
start_node_idx,end_node_idx,freight_capacity,cost_per_unit_good
15,16,83,1
16,15,83,1
17,18,96,1
18,17,96,1
distance matrix
,0,1,2,3,4,5,6,7,8,9,10,11,12,13,14,15,16,17,18,19,20,21,
0,0.0,79.23,73.82,25.71,76.84,101.41,72.78,85.6,97.58,37.05,74.55,81.74,77.88,21.1,16.28,64.94,61.19,20.81,83.49,45.97,27.46,55.54
1,79.23,0.0,119.75,90.48,52.5,72.03,122.29,59.03,75.66,91.71,118.93,17.12,90.21,81.6,84.9,114.02,19.92,62.29,70.52,59.67,59.81,39.6
2,73.82,119.75,0.0,48.26,79.48,88.28,5.39,81.74,80.1,37.11,2.24,110.94,43.05,53.6,57.56,9.0,110.75,89.49,69.05,60.14,67.23,80.28
3,25.71,90.48,48.26,0.0,71.57,92.57,47.07,78.77,86.95,12.65,49.09,88.12,59.67,8.94,9.49,39.32,75.66,43.57,72.56,39.62,30.68,57.08
4,76.84,52.5,79.48,71.57,0.0,26.08,83.49,9.43,25.71,65.38,78.0,37.59,41.11,65.19,71.69,76.66,56.08,72.47,18.03,32.31,49.41,25.06
5,101.41,72.03,88.28,92.57,26.08,0.0,93.13,16.64,8.54,84.15,86.37,55.15,45.28,87.46,94.34,88.02,79.83,98.41,20.62,55.61,74.28,51.11
6,72.78,122.29,5.39,47.07,83.49,93.13,0.0,86.12,85.02,36.77,7.62,114.06,48.0,53.14,56.52,8.6,112.54,89.32,73.68,62.63,68.24,83.01
7,85.6,59.03,81.74,78.77,9.43,16.64,86.12,0.0,17.03,71.59,80.08,43.01,40.71,72.92,79.61,79.91,64.5,81.84,14.21,40.31,58.26,34.48
8,97.58,75.66,80.1,86.95,25.71,8.54,85.02,17.03,0.0,77.88,78.16,59.23,37.05,82.42,89.4,80.16,81.5,96.25,14.42,51.62,70.94,50.33
9,37.05,91.71,37.11,12.65,65.38,84.15,36.77,71.59,77.88,0.0,37.66,86.98,48.08,16.49,21.02,28.46,79.03,52.55,63.69,35.36,33.3,55.08
10,74.55,118.93,2.24,49.09,78.0,86.37,7.62,80.08,78.16,37.66,0.0,109.86,41.11,54.13,58.31,10.2,110.26,89.84,67.27,59.4,67.12,79.4
11,81.74,17.12,110.94,88.12,37.59,55.15,114.06,43.01,59.23,86.98,109.86,0.0,77.47,79.63,84.15,106.17,31.14,68.01,55.46,52.39,58.14,31.95
12,77.88,90.21,43.05,59.67,41.11,45.28,48.0,40.71,37.05,48.08,41.11,77.47,0.0,58.31,65.19,43.57,87.6,84.34,26.93,39.01,56.72,52.55
13,21.1,81.6,53.6,8.94,65.19,87.46,53.14,72.92,82.42,16.49,54.13,79.63,58.31,0.0,7.07,44.92,66.73,36.25,68.01,32.89,21.84,49.01
14,16.28,84.9,57.56,9.49,71.69,94.34,56.52,79.61,89.4,21.02,58.31,84.15,65.19,7.07,0.0,48.66,68.94,34.41,75.0,39.4,26.02,54.33
15,64.94,114.02,9.0,39.32,76.66,88.02,8.6,79.91,80.16,28.46,10.2,106.17,43.57,44.92,48.66,0.0,104.0,80.99,68.07,54.41,59.64,74.89
16,61.19,19.92,110.75,75.66,56.08,79.83,112.54,64.5,81.5,79.03,110.26,31.14,87.6,66.73,68.94,104.0,0.0,43.0,73.06,51.62,45.8,35.17
17,20.81,62.29,89.49,43.57,72.47,98.41,89.32,81.84,96.25,52.55,89.84,68.01,84.34,36.25,34.41,80.99,43.0,0.0,83.24,46.82,27.66,48.08
18,83.49,70.52,69.05,72.56,18.03,20.62,73.68,14.21,14.42,63.69,67.27,55.46,26.93,68.01,75.0,68.07,73.06,83.24,0.0,37.64,57.2,39.46
19,45.97,59.67,60.14,39.62,32.31,55.61,62.63,40.31,51.62,35.36,59.4,52.39,39.01,32.89,39.4,54.41,51.62,46.82,37.64,0.0,19.72,20.59
20,27.46,59.81,67.23,30.68,49.41,74.28,68.24,58.26,70.94,33.3,67.12,58.14,56.72,21.84,26.02,59.64,45.8,27.66,57.2,19.72,0.0,28.86
21,55.54,39.6,80.28,57.08,25.06,51.11,83.01,34.48,50.33,55.08,79.4,31.95,52.55,49.01,54.33,74.89,35.17,48.08,39.46,20.59,28.86,0.0
