vehicles
vehicle_idx, capacity, cost_per_unit_distance
1,100,1
2,100,1
3,100,1
4,100,1
depot
node_idx,x,y
0,92,92
home delivery customers
node_idx,x,y,service_time,demand
1,82,98,10,13
2,75,92,10,12
3,98,73,10,13
self pickup customers
node_idx,x,y,service_time,demand,locker_idxs
4,63,83,10,12,14-18
5,89,17,10,20,16-19
6,23,85,10,10,17
7,56,75,10,13,14-18
8,21,19,10,12,15
flexible customers
node_idx,x,y,service_time,demand,locker_idxs
9,87,19,10,6,16-19
10,99,25,10,2,16-19
11,10,45,10,14,15-20-17
12,87,11,10,24,16-19
13,17,93,10,9,17
lockers
node_idx,x,y,service_time,capacity,cost_per_unit_good
14,65,88,10,74
15,25,15,10,98
16,93,12,10,84
17,22,88,10,82
18,77,88,10,93
19,72,14,10,73
20,19.454545454545453,82.54545454545453,10,71
mrt lines
start_node_idx,end_node_idx,freight_capacity,cost_per_unit_good
14,15,98,1
15,14,98,1
16,17,84,1
17,16,84,1
18,19,93,1
19,18,93,1
distance matrix
,0,1,2,3,4,5,6,7,8,9,10,11,12,13,14,15,16,17,18,19,20,
0,0.0,11.66,17.0,19.92,30.36,75.06,69.35,39.81,101.83,73.17,67.36,94.51,81.15,75.01,27.29,102.07,80.01,70.11,15.52,80.52,73.16
1,11.66,0.0,9.22,29.68,24.21,81.3,60.42,34.71,99.81,79.16,74.95,89.4,87.14,65.19,19.72,100.69,86.7,60.83,11.18,84.59,64.43
2,17.0,9.22,0.0,29.83,15.0,76.3,52.47,25.5,90.8,73.98,71.17,80.21,81.88,58.01,10.77,91.81,82.0,53.15,4.47,78.06,56.34
3,19.92,29.68,29.83,0.0,36.4,56.72,75.95,42.05,94.05,55.11,48.01,92.35,62.97,83.43,36.25,93.24,61.2,77.47,25.81,64.47,79.12
4,30.36,24.21,15.0,36.4,0.0,70.94,40.05,10.63,76.55,68.35,68.26,65.22,75.89,47.07,5.39,77.9,77.08,41.3,14.87,69.58,43.55
5,75.06,81.3,76.3,56.72,70.94,0.0,94.76,66.73,68.03,2.83,12.81,83.82,6.32,104.69,74.95,64.03,6.4,97.62,72.01,17.26,95.57
6,69.35,60.42,52.47,75.95,40.05,94.76,0.0,34.48,66.03,91.93,96.83,42.06,97.84,10.0,42.11,70.03,101.14,3.16,54.08,86.27,4.31
7,39.81,34.71,25.5,42.05,10.63,66.73,34.48,0.0,66.04,64.01,65.95,54.92,71.11,42.95,15.81,67.54,73.06,36.4,24.7,63.06,37.32
8,101.83,99.81,90.8,94.05,76.55,68.03,66.03,66.04,0.0,66.0,78.23,28.23,66.48,74.11,81.84,5.66,72.34,69.01,88.87,51.24,63.56
9,73.17,79.16,73.98,55.11,68.35,2.83,91.93,64.01,66.0,0.0,13.42,81.27,8.0,101.86,72.42,62.13,9.22,94.79,69.72,15.81,92.74
10,67.36,74.95,71.17,48.01,68.26,12.81,96.83,65.95,78.23,13.42,0.0,91.22,18.44,106.53,71.59,74.67,14.32,99.49,66.73,29.15,98.18
11,94.51,89.4,80.21,92.35,65.22,83.82,42.06,54.92,28.23,81.27,91.22,0.0,84.17,48.51,69.81,33.54,89.32,44.64,79.61,69.32,38.72
12,81.15,87.14,81.88,62.97,75.89,6.32,97.84,71.11,66.48,8.0,18.44,84.17,0.0,107.81,80.08,62.13,6.08,100.77,77.65,15.3,98.39
13,75.01,65.19,58.01,83.43,47.07,104.69,10.0,42.95,74.11,101.86,106.53,48.51,107.81,0.0,48.26,78.41,111.07,7.07,60.21,96.26,10.74
14,27.29,19.72,10.77,36.25,5.39,74.95,42.11,15.81,81.84,72.42,71.59,69.81,80.08,48.26,0.0,83.24,80.99,43.0,12.0,74.33,45.87
15,102.07,100.69,91.81,93.24,77.9,64.03,70.03,67.54,5.66,62.13,74.67,33.54,62.13,78.41,83.24,0.0,68.07,73.06,89.63,47.01,67.77
16,80.01,86.7,82.0,61.2,77.08,6.4,101.14,73.06,72.34,9.22,14.32,89.32,6.08,111.07,80.99,68.07,0.0,104.0,77.67,21.1,101.91
17,70.11,60.83,53.15,77.47,41.3,97.62,3.16,36.4,69.01,94.79,99.49,44.64,100.77,7.07,43.0,73.06,104.0,0.0,55.0,89.31,6.02
18,15.52,11.18,4.47,25.81,14.87,72.01,54.08,24.7,88.87,69.72,66.73,79.61,77.65,60.21,12.0,89.63,77.67,55.0,0.0,74.17,57.8
19,80.52,84.59,78.06,64.47,69.58,17.26,86.27,63.06,51.24,15.81,29.15,69.32,15.3,96.26,74.33,47.01,21.1,89.31,74.17,0.0,86.37
20,73.16,64.43,56.34,79.12,43.55,95.57,4.31,37.32,63.56,92.74,98.18,38.72,98.39,10.74,45.87,67.77,101.91,6.02,57.8,86.37,0.0
