vehicles
vehicle_idx, capacity, cost_per_unit_distance
1,100,1
2,100,1
3,100,1
4,100,1
depot
node_idx,x,y
0,92,92
home delivery customers
node_idx,x,y,service_time,demand
1,82,98,10,13
2,98,73,10,13
3,75,92,10,12
self pickup customers
node_idx,x,y,service_time,demand,locker_idxs
4,77,18,10,2,17-14-13
5,87,11,10,24,14
6,96,5,10,7,14-17
7,69,35,10,17,17-14
flexible customers
node_idx,x,y,service_time,demand,locker_idxs
8,14,86,10,23,18
9,23,85,10,10,15
10,21,19,10,12,13
11,89,17,10,20,14-17
lockers
node_idx,x,y,service_time,capacity,cost_per_unit_good
12,65,88,10,81
13,25,15,10,83
14,93,12,10,100
15,22,88,10,99
16,77,88,10,94
17,72,14,10,86
18,19.454545454545453,82.54545454545453,10,79
mrt lines
start_node_idx,end_node_idx,freight_capacity,cost_per_unit_good
12,13,83,2
13,12,83,2
14,15,100,2
15,14,100,2
distance matrix
,0,1,2,3,4,5,6,7,8,9,10,11,12,13,14,15,16,17,18,
0,0.0,11.66,19.92,17.0,75.5,81.15,87.09,61.47,78.23,69.35,101.83,75.06,27.29,102.07,80.01,70.11,15.52,80.52,73.16
1,11.66,0.0,29.68,9.22,80.16,87.14,94.05,64.33,69.05,60.42,99.81,81.3,19.72,100.69,86.7,60.83,11.18,84.59,64.43
2,19.92,29.68,0.0,29.83,58.87,62.97,68.03,47.8,85.0,75.95,94.05,56.72,36.25,93.24,61.2,77.47,25.81,64.47,79.12
3,17.0,9.22,29.83,0.0,74.03,81.88,89.5,57.31,61.29,52.47,90.8,76.3,10.77,91.81,82.0,53.15,4.47,78.06,56.34
4,75.5,80.16,58.87,74.03,0.0,12.21,23.02,18.79,92.7,86.05,56.01,12.04,71.02,52.09,17.09,89.02,70.0,6.4,86.47
5,81.15,87.14,62.97,81.88,12.21,0.0,10.82,30.0,104.66,97.84,66.48,6.32,80.08,62.13,6.08,100.77,77.65,15.3,98.39
6,87.09,94.05,68.03,89.5,23.02,10.82,0.0,40.36,115.26,108.3,76.3,13.89,88.6,71.7,7.62,111.2,85.15,25.63,108.96
7,61.47,64.33,47.8,57.31,18.79,30.0,40.36,0.0,75.01,67.94,50.6,26.91,53.15,48.33,33.24,70.84,53.6,21.21,68.67
8,78.23,69.05,85.0,61.29,92.7,104.66,115.26,75.01,0.0,9.06,67.36,101.91,51.04,71.85,108.25,8.25,63.03,92.46,6.46
9,69.35,60.42,75.95,52.47,86.05,97.84,108.3,67.94,9.06,0.0,66.03,94.76,42.11,70.03,101.14,3.16,54.08,86.27,4.31
10,101.83,99.81,94.05,90.8,56.01,66.48,76.3,50.6,67.36,66.03,0.0,68.03,81.84,5.66,72.34,69.01,88.87,51.24,63.56
11,75.06,81.3,56.72,76.3,12.04,6.32,13.89,26.91,101.91,94.76,68.03,0.0,74.95,64.03,6.4,97.62,72.01,17.26,95.57
12,27.29,19.72,36.25,10.77,71.02,80.08,88.6,53.15,51.04,42.11,81.84,74.95,0.0,83.24,80.99,43.0,12.0,74.33,45.87
13,102.07,100.69,93.24,91.81,52.09,62.13,71.7,48.33,71.85,70.03,5.66,64.03,83.24,0.0,68.07,73.06,89.63,47.01,67.77
14,80.01,86.7,61.2,82.0,17.09,6.08,7.62,33.24,108.25,101.14,72.34,6.4,80.99,68.07,0.0,104.0,77.67,21.1,101.91
15,70.11,60.83,77.47,53.15,89.02,100.77,111.2,70.84,8.25,3.16,69.01,97.62,43.0,73.06,104.0,0.0,55.0,89.31,6.02
16,15.52,11.18,25.81,4.47,70.0,77.65,85.15,53.6,63.03,54.08,88.87,72.01,12.0,89.63,77.67,55.0,0.0,74.17,57.8
17,80.52,84.59,64.47,78.06,6.4,15.3,25.63,21.21,92.46,86.27,51.24,17.26,74.33,47.01,21.1,89.31,74.17,0.0,86.37
18,73.16,64.43,79.12,56.34,86.47,98.39,108.96,68.67,6.46,4.31,63.56,95.57,45.87,67.77,101.91,6.02,57.8,86.37,0.0
