set K:= 1	2	3;
set C_H:= 1	2	3	4	5	6	7	8	9;
set C_S:= 10	11	12;
set C_F:= 13;
set M:= 14	15	16	17	18	19;
set L_B:= 20	21	22;
set A1:=
(0,*) 1 2 3 4 5 6 7 8 9 13 14 15 16 17 18 19 20 21 22
(1,*) 0 2 3 4 5 6 7 8 9 13 14 15 16 17 18 19 20 21 22
(2,*) 0 1 3 4 5 6 7 8 9 13 14 15 16 17 18 19 20 21 22
(3,*) 0 1 2 4 5 6 7 8 9 13 14 15 16 17 18 19 20 21 22
(4,*) 0 1 2 3 5 6 7 8 9 13 14 15 16 17 18 19 20 21 22
(5,*) 0 1 2 3 4 6 7 8 9 13 14 15 16 17 18 19 20 21 22
(6,*) 0 1 2 3 4 5 7 8 9 13 14 15 16 17 18 19 20 21 22
(7,*) 0 1 2 3 4 5 6 8 9 13 14 15 16 17 18 19 20 21 22
(8,*) 0 1 2 3 4 5 6 7 9 13 14 15 16 17 18 19 20 21 22
(9,*) 0 1 2 3 4 5 6 7 8 13 14 15 16 17 18 19 20 21 22
(13,*) 0 1 2 3 4 5 6 7 8 9 14 15 16 17 18 19 20 21 22
(14,*) 0 1 2 3 4 5 6 7 8 9 13 15 16 17 18 19 20 21 22
(15,*) 0 1 2 3 4 5 6 7 8 9 13 14 16 17 18 19 20 21 22
(16,*) 0 1 2 3 4 5 6 7 8 9 13 14 15 17 18 19 20 21 22
(17,*) 0 1 2 3 4 5 6 7 8 9 13 14 15 16 18 19 20 21 22
(18,*) 0 1 2 3 4 5 6 7 8 9 13 14 15 16 17 19 20 21 22
(19,*) 0 1 2 3 4 5 6 7 8 9 13 14 15 16 17 18 20 21 22
(20,*) 0 1 2 3 4 5 6 7 8 9 13 14 15 16 17 18 19 21 22
(21,*) 0 1 2 3 4 5 6 7 8 9 13 14 15 16 17 18 19 20 22
(22,*) 0 1 2 3 4 5 6 7 8 9 13 14 15 16 17 18 19 20 21
;
set A2:=
(14,*) 15
(15,*) 14
(16,*) 17
(17,*) 16
(18,*) 19
(19,*) 18
;
param BigM:=99999;
param n:= 3;
param d:=
1	16
2	14
3	16
4	9
5	3
6	6
7	16
8	22
9	15
10	2
11	6
12	7
13	19
;
param Q:=100;
param w:=
[14,*] 15 1
[15,*] 14 1
[16,*] 17 1
[17,*] 16 1
[18,*] 19 1
[19,*] 18 1
;
param V:=
[14,*] 15 97
[15,*] 14 97
[16,*] 17 92
[17,*] 16 92
[18,*] 19 85
[19,*] 18 85
;
param f:=
14	100
15	100
16	100
17	100
18	100
19	100
20	100
21	100
22	100
;
param e:
	14	15	16	17	18	19	20	21	22:=
10	0	0	1	0	1	0	1	1	1	
11	0	0	0	1	0	0	0	0	0	
12	0	1	1	0	0	0	0	0	0	
13	0	0	0	1	0	0	0	0	0	
;
param p:=
1	1
2	1
3	1
;
param G:=
14	97
15	84
16	71
17	92
18	85
19	81
20	73
21	78
22	87
;
param s:=
0	0
1	15
2	15
3	15
4	15
5	15
6	15
7	15
8	15
9	15
13	15
14	10
15	10
16	10
17	10
18	10
19	10
20	10
21	10
22	10
;
param t:
	0	1	2	3	4	5	6	7	8	9	10	11	12	13	14	15	16	17	18	19	20	21	22:=
0	0.0	51.04	16.28	37.05	72.78	27.02	75.58	88.14	81.74	84.86	21.1	85.6	54.57	97.58	64.94	61.19	20.81	83.49	13.0	62.8	38.29	46.86	44.41
1	51.04	0.0	35.01	14.0	24.41	41.05	38.91	83.19	92.14	61.81	30.27	70.01	84.39	73.25	15.81	88.39	65.8	59.84	63.39	16.28	40.46	43.42	45.49
2	16.28	35.01	0.0	21.02	56.52	24.02	63.25	85.62	84.15	76.61	7.07	79.61	63.06	89.4	48.66	68.94	34.41	75.0	29.12	47.8	33.24	41.44	40.26
3	37.05	14.0	21.02	0.0	36.77	30.48	46.75	82.0	86.98	65.55	16.49	71.59	74.33	77.88	28.46	79.03	52.55	63.69	49.5	27.73	33.24	38.64	39.56
4	72.78	24.41	56.52	36.77	0.0	65.46	49.09	101.84	114.06	75.66	53.14	86.12	108.71	85.02	8.6	112.54	89.32	73.68	85.62	27.51	64.35	66.22	68.77
5	27.02	41.05	24.02	30.48	65.46	0.0	52.39	62.3	60.3	58.14	19.42	58.6	43.86	70.77	56.86	48.6	29.27	56.85	33.12	46.32	11.31	19.85	17.49
6	75.58	38.91	63.25	46.75	49.09	52.39	0.0	56.3	74.52	26.93	56.3	38.48	83.43	36.01	44.18	84.43	81.58	25.0	84.76	23.77	43.19	38.12	42.11
7	88.14	83.19	85.62	82.0	101.84	62.3	56.3	0.0	26.02	31.89	79.62	19.21	56.82	33.84	94.92	52.92	79.81	33.24	89.59	74.33	52.39	44.55	45.35
8	81.74	92.14	84.15	86.98	114.06	60.3	74.52	26.02	0.0	54.63	79.63	43.01	36.88	59.23	106.17	31.14	68.01	55.46	79.4	87.42	53.85	48.85	47.43
9	84.86	61.81	76.61	65.55	75.66	58.14	26.93	31.89	54.63	0.0	69.63	12.73	74.24	12.81	70.06	73.01	84.22	2.0	90.8	49.01	46.86	38.6	41.88
10	21.1	30.27	7.07	16.49	53.14	19.42	56.3	79.62	79.63	69.63	0.0	72.92	61.29	82.42	44.92	66.73	36.25	68.01	33.14	41.77	27.29	35.17	34.37
11	85.6	70.01	79.61	71.59	86.12	58.6	38.48	19.21	43.01	12.73	72.92	0.0	66.71	17.03	79.91	64.5	81.84	14.21	89.81	58.86	47.43	38.83	41.23
12	54.57	84.39	63.06	74.33	108.71	43.86	83.43	56.82	36.88	74.24	61.29	66.71	0.0	83.55	100.12	7.07	36.01	74.11	48.01	86.45	44.94	46.24	42.54
13	97.58	73.25	89.4	77.88	85.02	70.77	36.01	33.84	59.23	12.81	82.42	17.03	83.55	0.0	80.16	81.5	96.25	14.42	103.23	59.41	59.46	51.09	54.2
14	64.94	15.81	48.66	28.46	8.6	56.86	44.18	94.92	106.17	70.06	44.92	79.91	100.12	80.16	0.0	104.0	80.99	68.07	77.67	21.1	55.87	58.01	60.44
15	61.19	88.39	68.94	79.03	112.54	48.6	84.43	52.92	31.14	73.01	66.73	64.5	7.07	81.5	104.0	0.0	43.0	73.06	55.0	89.31	48.27	48.37	44.94
16	20.81	65.8	34.41	52.55	89.32	29.27	81.58	79.81	68.01	84.22	36.25	81.84	36.01	96.25	80.99	43.0	0.0	83.24	12.0	74.33	38.9	46.1	42.49
17	83.49	59.84	75.0	63.69	73.68	56.85	25.0	33.24	55.46	2.0	68.01	14.21	74.11	14.42	68.07	73.06	83.24	0.0	89.63	47.01	45.61	37.44	40.82
18	13.0	63.39	29.12	49.5	85.62	33.12	84.76	89.59	79.4	90.8	33.14	89.81	48.01	103.23	77.67	55.0	12.0	89.63	0.0	74.17	44.1	52.2	49.04
19	62.8	16.28	47.8	27.73	27.51	46.32	23.77	74.33	87.42	49.01	41.77	58.86	86.45	59.41	21.1	89.31	74.33	47.01	74.17	0.0	41.59	41.23	44.41
20	38.29	40.46	33.24	33.24	64.35	11.31	43.19	52.39	53.85	46.86	27.29	47.43	44.94	59.46	55.87	48.27	38.9	45.61	44.1	41.59	0.0	8.6	7.07
21	46.86	43.42	41.44	38.64	66.22	19.85	38.12	44.55	48.85	38.6	35.17	38.83	46.24	51.09	58.01	48.37	46.1	37.44	52.2	41.23	8.6	0.0	4.0
22	44.41	45.49	40.26	39.56	68.77	17.49	42.11	45.35	47.43	41.88	34.37	41.23	42.54	54.2	60.44	44.94	42.49	40.82	49.04	44.41	7.07	4.0	0.0
;
