set K:= 1	2	3	4;
set C_H:= 1	2	3	4	5	6;
set C_S:= 7	8	9	10	11;
set C_F:= 12	13	14	15	16;
set M:= 17	18	19	20	21	22;
set L_B:= 23	24	25	26;
set A1:=
(0,*) 1 2 3 4 5 6 12 13 14 15 16 17 18 19 20 21 22 23 24 25 26
(1,*) 0 2 3 4 5 6 12 13 14 15 16 17 18 19 20 21 22 23 24 25 26
(2,*) 0 1 3 4 5 6 12 13 14 15 16 17 18 19 20 21 22 23 24 25 26
(3,*) 0 1 2 4 5 6 12 13 14 15 16 17 18 19 20 21 22 23 24 25 26
(4,*) 0 1 2 3 5 6 12 13 14 15 16 17 18 19 20 21 22 23 24 25 26
(5,*) 0 1 2 3 4 6 12 13 14 15 16 17 18 19 20 21 22 23 24 25 26
(6,*) 0 1 2 3 4 5 12 13 14 15 16 17 18 19 20 21 22 23 24 25 26
(12,*) 0 1 2 3 4 5 6 13 14 15 16 17 18 19 20 21 22 23 24 25 26
(13,*) 0 1 2 3 4 5 6 12 14 15 16 17 18 19 20 21 22 23 24 25 26
(14,*) 0 1 2 3 4 5 6 12 13 15 16 17 18 19 20 21 22 23 24 25 26
(15,*) 0 1 2 3 4 5 6 12 13 14 16 17 18 19 20 21 22 23 24 25 26
(16,*) 0 1 2 3 4 5 6 12 13 14 15 17 18 19 20 21 22 23 24 25 26
(17,*) 0 1 2 3 4 5 6 12 13 14 15 16 18 19 20 21 22 23 24 25 26
(18,*) 0 1 2 3 4 5 6 12 13 14 15 16 17 19 20 21 22 23 24 25 26
(19,*) 0 1 2 3 4 5 6 12 13 14 15 16 17 18 20 21 22 23 24 25 26
(20,*) 0 1 2 3 4 5 6 12 13 14 15 16 17 18 19 21 22 23 24 25 26
(21,*) 0 1 2 3 4 5 6 12 13 14 15 16 17 18 19 20 22 23 24 25 26
(22,*) 0 1 2 3 4 5 6 12 13 14 15 16 17 18 19 20 21 23 24 25 26
(23,*) 0 1 2 3 4 5 6 12 13 14 15 16 17 18 19 20 21 22 24 25 26
(24,*) 0 1 2 3 4 5 6 12 13 14 15 16 17 18 19 20 21 22 23 25 26
(25,*) 0 1 2 3 4 5 6 12 13 14 15 16 17 18 19 20 21 22 23 24 26
(26,*) 0 1 2 3 4 5 6 12 13 14 15 16 17 18 19 20 21 22 23 24 25
;
set A2:=
(17,*) 18
(18,*) 17
(19,*) 20
(20,*) 19
;
param BigM:=99999;
param n:= 4;
param d:=
1	2
2	21
3	16
4	22
5	20
6	12
7	9
8	4
9	8
10	8
11	18
12	19
13	19
14	1
15	14
16	12
;
param Q:=100;
param w:=
[17,*] 18 0.1
[18,*] 17 0.1
[19,*] 20 0.1
[20,*] 19 0.1
;
param V:=
[17,*] 18 87
[18,*] 17 87
[19,*] 20 74
[20,*] 19 74
;
param e:
	17	18	19	20	21	22	23	24	25	26:=
7		0		0		1		0		0		0		0		0		0		0	
8		0		1		0		0		0		0		0		0		1		0	
9		0		1		0		0		0		0		0		0		0		0	
10		1		0		0		0		0		0		0		0		0		0	
11		0		0		0		0		1		0		0		1		0		0	
12		0		0		1		0		0		1		0		0		0		0	
13		0		1		0		0		0		1		0		0		0		0	
14		0		1		0		0		0		0		0		0		0		0	
15		0		1		0		0		0		0		0		0		0		0	
16		0		0		1		0		0		1		0		0		0		0	
;
param p:=
1	3
2	3
3	3
4	3
;
param G:=
17	87
18	78
19	74
20	74
21	92
22	91
23	87
24	80
25	94
26	88
;
param s:=
0	0
1	10
2	10
3	10
4	10
5	10
6	10
12	10
13	10
14	10
15	10
16	10
17	10
18	10
19	10
20	10
21	10
22	10
23	10
24	10
25	10
26	10
;
param t:
	0	1	2	3	4	5	6	7	8	9	10	11	12	13	14	15	16	17	18	19	20	21	22	23	24	25	26:=
0	0.0	62.29	77.88	37.05	81.74	25.96	51.88	72.78	84.17	78.03	36.24	25.71	74.55	97.58	76.84	101.41	64.03	20.81	83.49	64.94	61.19	13.0	62.8	50.61	41.44	53.76	36.07
1	62.29	0.0	71.59	71.11	19.65	37.01	55.17	101.53	31.76	64.85	37.8	70.6	98.31	63.39	38.01	61.85	96.02	48.47	55.23	93.24	18.11	59.77	76.42	26.17	58.25	41.4	40.71
2	77.88	71.59	0.0	48.08	77.47	64.38	26.25	48.0	58.26	8.94	88.0	59.67	41.11	37.05	41.11	45.28	48.84	84.34	26.93	43.57	87.6	87.28	23.77	47.54	36.72	32.39	46.39
3	37.05	71.11	48.08	0.0	86.98	40.36	27.51	36.77	79.06	51.61	63.81	12.65	37.66	77.88	65.38	84.15	28.65	52.55	63.69	28.46	79.03	49.5	27.73	47.54	16.12	39.05	30.46
4	81.74	19.65	77.47	86.98	0.0	56.14	66.89	114.06	23.35	69.4	56.44	88.12	109.86	59.23	37.59	55.15	109.59	68.01	55.46	106.17	31.14	79.4	87.42	39.56	72.62	52.15	56.75
5	25.96	37.01	64.38	40.36	56.14	0.0	39.01	76.01	58.59	61.85	25.0	35.85	75.13	76.03	53.04	78.64	68.6	20.62	62.77	67.42	39.82	27.59	57.01	26.17	33.84	34.18	18.03
6	51.88	55.17	26.25	27.51	66.89	39.01	0.0	47.17	54.34	26.4	63.51	36.62	43.28	50.54	39.05	56.65	43.08	58.42	36.25	39.36	68.26	61.03	21.26	29.0	12.21	14.76	21.1
7	72.78	101.53	48.0	36.77	114.06	76.01	47.17	0.0	100.09	56.14	100.24	47.07	7.62	85.02	83.49	93.13	9.0	89.32	73.68	8.6	112.54	85.62	27.51	75.6	43.86	61.91	62.29
8	84.17	31.76	58.26	79.06	23.35	58.59	54.34	100.09	0.0	49.58	68.01	83.49	94.85	35.9	17.2	32.0	97.12	75.6	33.6	92.97	49.04	85.44	72.62	34.21	63.2	40.31	51.79
9	78.03	64.85	8.94	51.61	69.4	61.85	26.4	56.14	49.58	0.0	84.38	62.29	49.5	29.07	32.53	37.01	56.22	82.28	18.03	51.09	81.49	86.41	30.41	42.19	38.21	28.16	44.27
10	36.24	37.8	88.0	63.81	56.44	25.0	63.51	100.24	68.01	84.38	0.0	56.64	99.81	93.62	68.43	94.41	92.44	15.81	81.91	91.71	28.44	27.46	82.01	43.68	58.82	56.22	42.43
11	25.71	70.6	59.67	12.65	88.12	35.85	36.62	47.07	83.49	62.29	56.64	0.0	49.09	86.95	71.57	92.57	38.33	43.57	72.56	39.32	75.66	38.6	40.31	50.0	24.41	45.22	32.0
12	74.55	98.31	41.11	37.66	109.86	75.13	43.28	7.62	94.85	49.5	99.81	49.09	0.0	78.16	78.0	86.37	13.89	89.84	67.27	10.2	110.26	87.13	22.47	72.18	41.88	57.8	60.22
13	97.58	63.39	37.05	77.88	59.23	76.03	50.54	85.02	35.9	29.07	93.62	86.95	78.16	0.0	25.71	8.54	85.29	96.25	14.42	80.16	81.5	103.23	59.41	50.61	62.65	43.86	61.52
14	76.84	38.01	41.11	65.38	37.59	53.04	39.05	83.49	17.2	32.53	68.43	71.57	78.0	25.71	0.0	26.08	81.02	72.47	18.03	76.66	56.08	80.62	55.97	26.87	49.25	26.48	41.59
15	101.41	61.85	45.28	84.15	55.15	78.64	56.65	93.13	32.0	37.01	94.41	92.57	86.37	8.54	26.08	0.0	93.09	98.41	20.62	88.02	79.83	106.15	67.12	52.63	68.54	48.26	65.44
16	64.03	96.02	48.84	28.65	109.59	68.6	43.08	9.0	97.12	56.22	92.44	38.33	13.89	85.29	81.02	93.09	0.0	81.02	73.01	5.39	106.08	76.92	26.0	70.49	37.8	57.78	55.97
17	20.81	48.47	84.34	52.55	68.01	20.62	58.42	89.32	75.6	82.28	15.81	43.57	89.84	96.25	72.47	98.41	81.02	0.0	83.24	80.99	43.0	12.0	74.33	45.8	51.09	54.78	38.08
18	83.49	55.23	26.93	63.69	55.46	62.77	36.25	73.68	33.6	18.03	81.91	72.56	67.27	14.42	18.03	20.62	73.01	83.24	0.0	68.07	73.06	89.63	47.01	38.28	48.3	29.73	47.51
19	64.94	93.24	43.57	28.46	106.17	67.42	39.36	8.6	92.97	51.09	91.71	39.32	10.2	80.16	76.66	88.02	5.39	80.99	68.07	0.0	104.0	77.67	21.1	67.42	35.36	54.12	53.76
20	61.19	18.11	87.6	79.03	31.14	39.82	68.26	112.54	49.04	81.49	28.44	75.66	110.26	81.5	56.08	79.83	106.08	43.0	73.06	104.0	0.0	55.0	89.31	40.31	68.68	55.95	50.25
21	13.0	59.77	87.28	49.5	79.4	27.59	61.03	85.62	85.44	86.41	27.46	38.6	87.13	103.23	80.62	106.15	76.92	12.0	89.63	77.67	55.0	0.0	74.17	53.76	51.79	60.21	42.54
22	62.8	76.42	23.77	27.73	87.42	57.01	21.26	27.51	72.62	30.41	82.01	40.31	22.47	59.41	55.97	67.12	26.0	74.33	47.01	21.1	89.31	74.17	0.0	50.25	23.35	35.47	40.31
23	50.61	26.17	47.54	47.54	39.56	26.17	29.0	75.6	34.21	42.19	43.68	50.0	72.18	50.61	26.87	52.63	70.49	45.8	38.28	67.42	40.31	53.76	50.25	0.0	33.11	15.65	18.0
24	41.44	58.25	36.72	16.12	72.62	33.84	12.21	43.86	63.2	38.21	58.82	24.41	41.88	62.65	49.25	68.54	37.8	51.09	48.3	35.36	68.68	51.79	23.35	33.11	0.0	23.0	18.44
25	53.76	41.4	32.39	39.05	52.15	34.18	14.76	61.91	40.31	28.16	56.22	45.22	57.8	43.86	26.48	48.26	57.78	54.78	29.73	54.12	55.95	60.21	35.47	15.65	23.0	0.0	17.8
26	36.07	40.71	46.39	30.46	56.75	18.03	21.1	62.29	51.79	44.27	42.43	32.0	60.22	61.52	41.59	65.44	55.97	38.08	47.51	53.76	50.25	42.54	40.31	18.0	18.44	17.8	0.0
;
