set K:= 1	2	3	4;
set C_H:= 1	2	3	4	5	6	7;
set C_S:= 8	9	10	11	12;
set C_F:= 13	14	15	16	17;
set M:= 18	19	20	21	22	23;
set L_B:= 24	25	26	27;
set A1:=
(0,*) 1 2 3 4 5 6 7 13 14 15 16 17 18 19 20 21 22 23 24 25 26 27 28
(1,*) 0 2 3 4 5 6 7 13 14 15 16 17 18 19 20 21 22 23 24 25 26 27 28
(2,*) 0 1 3 4 5 6 7 13 14 15 16 17 18 19 20 21 22 23 24 25 26 27 28
(3,*) 0 1 2 4 5 6 7 13 14 15 16 17 18 19 20 21 22 23 24 25 26 27 28
(4,*) 0 1 2 3 5 6 7 13 14 15 16 17 18 19 20 21 22 23 24 25 26 27 28
(5,*) 0 1 2 3 4 6 7 13 14 15 16 17 18 19 20 21 22 23 24 25 26 27 28
(6,*) 0 1 2 3 4 5 7 13 14 15 16 17 18 19 20 21 22 23 24 25 26 27 28
(7,*) 0 1 2 3 4 5 6 13 14 15 16 17 18 19 20 21 22 23 24 25 26 27 28
(13,*) 0 1 2 3 4 5 6 7 14 15 16 17 18 19 20 21 22 23 24 25 26 27 28
(14,*) 0 1 2 3 4 5 6 7 13 15 16 17 18 19 20 21 22 23 24 25 26 27 28
(15,*) 0 1 2 3 4 5 6 7 13 14 16 17 18 19 20 21 22 23 24 25 26 27 28
(16,*) 0 1 2 3 4 5 6 7 13 14 15 17 18 19 20 21 22 23 24 25 26 27 28
(17,*) 0 1 2 3 4 5 6 7 13 14 15 16 18 19 20 21 22 23 24 25 26 27 28
(18,*) 0 1 2 3 4 5 6 7 13 14 15 16 17 19 20 21 22 23 24 25 26 27 28
(19,*) 0 1 2 3 4 5 6 7 13 14 15 16 17 18 20 21 22 23 24 25 26 27 28
(20,*) 0 1 2 3 4 5 6 7 13 14 15 16 17 18 19 21 22 23 24 25 26 27 28
(21,*) 0 1 2 3 4 5 6 7 13 14 15 16 17 18 19 20 22 23 24 25 26 27 28
(22,*) 0 1 2 3 4 5 6 7 13 14 15 16 17 18 19 20 21 23 24 25 26 27 28
(23,*) 0 1 2 3 4 5 6 7 13 14 15 16 17 18 19 20 21 22 24 25 26 27 28
(24,*) 0 1 2 3 4 5 6 7 13 14 15 16 17 18 19 20 21 22 23 25 26 27 28
(25,*) 0 1 2 3 4 5 6 7 13 14 15 16 17 18 19 20 21 22 23 24 26 27 28
(26,*) 0 1 2 3 4 5 6 7 13 14 15 16 17 18 19 20 21 22 23 24 25 27 28
(27,*) 0 1 2 3 4 5 6 7 13 14 15 16 17 18 19 20 21 22 23 24 25 26 28
(28,*) 0 1 2 3 4 5 6 7 13 14 15 16 17 18 19 20 21 22 23 24 25 26 27
;
set A2:=
(18,*) 19
(19,*) 18
;
param BigM:=99999;
param n:= 4;
param d:=
1	8
2	16
3	2
4	14
5	20
6	19
7	4
8	22
9	21
10	24
11	6
12	24
13	7
14	3
15	24
16	16
17	6
;
param Q:=100;
param w:=
[18,*] 19 0.1
[19,*] 18 0.1
;
param V:=
[18,*] 19 86
[19,*] 18 86
;
param e:
	18	19	20	21	22	23	24	25	26	27:=
8		0		0		0		1		0		0		0		0		0		0	
9		0		0		0		0		0		1		0		0		0		0	
10		1		0		0		1		0		0		0		0		0		0	
11		0		1		0		0		0		1		0		0		0		0	
12		0		0		1		0		0		1		0		0		0		0	
13		0		0		0		1		0		0		0		0		0		0	
14		0		0		0		0		0		0		0		1		1		0	
15		0		0		0		0		0		0		0		1		1		0	
16		0		0		0		0		0		0		0		0		0		1	
17		0		1		0		0		0		0		0		0		0		0	
;
param p:=
1	3
2	3
3	3
4	3
;
param G:=
18	74
19	86
20	77
21	71
22	72
23	97
24	94
25	80
26	81
27	79
;
param s:=
0	0
1	10
2	10
3	10
4	10
5	10
6	10
7	10
13	10
14	10
15	10
16	10
17	10
18	10
19	10
20	10
21	10
22	10
23	10
24	10
25	10
26	10
27	10
;
param t:
	0	1	2	3	4	5	6	7	8	9	10	11	12	13	14	15	16	17	18	19	20	21	22	23	24	25	26	27	28:=
0	0.0	79.23	88.14	21.1	101.41	25.96	34.93	84.17	81.74	77.88	75.96	75.58	73.82	54.57	27.02	25.24	37.05	85.6	20.81	83.49	64.94	61.19	13.0	62.8	54.04	36.62	41.68	48.76	0.0
1	79.23	0.0	43.01	81.6	72.03	55.54	100.46	40.05	17.12	90.21	16.16	87.13	119.75	26.93	62.39	61.35	91.71	59.03	62.29	70.52	114.02	19.92	74.24	96.88	54.49	55.95	50.77	84.65	79.23
2	88.14	43.01	0.0	79.62	29.15	62.65	94.13	4.24	26.02	58.82	58.42	56.3	97.86	56.82	62.3	63.32	82.0	19.21	79.81	33.24	94.92	52.92	89.59	74.33	38.12	52.5	46.82	67.74	88.14
3	21.1	81.6	79.62	0.0	87.46	26.93	19.42	76.12	79.63	58.31	82.49	56.3	53.6	61.29	19.42	20.25	16.49	72.92	36.25	68.01	44.92	66.73	33.14	41.77	42.06	28.0	34.0	28.23	21.1
4	101.41	72.03	29.15	87.46	0.0	78.64	97.14	32.0	55.15	45.28	87.09	44.05	88.28	82.57	74.41	76.42	84.15	16.64	98.41	20.62	88.02	79.83	106.15	67.12	47.42	65.07	60.88	66.76	101.41
5	25.96	55.54	62.65	26.93	78.64	0.0	46.32	58.59	56.14	64.38	55.57	61.52	75.18	34.41	10.77	8.06	40.36	62.24	20.62	62.77	67.42	39.82	27.59	57.01	31.91	14.87	17.8	41.76	25.96
6	34.93	100.46	94.13	19.42	97.14	46.32	0.0	91.02	97.29	60.31	101.87	59.2	41.11	80.71	38.08	39.36	13.0	84.4	53.82	76.69	32.14	86.09	47.93	38.42	56.04	45.35	51.2	30.89	34.93
7	84.17	40.05	4.24	76.12	32.0	58.59	91.02	0.0	23.35	58.26	55.15	55.61	96.25	52.77	58.52	59.46	79.06	20.12	75.6	33.6	92.97	49.04	85.44	72.62	35.0	48.76	43.01	65.31	84.17
8	81.74	17.12	26.02	79.63	55.15	56.14	97.29	23.35	0.0	77.47	32.98	74.52	110.94	36.88	60.3	60.07	86.98	43.01	68.01	55.46	106.17	31.14	79.4	87.42	45.28	51.97	46.1	76.94	81.74
9	77.88	90.21	58.82	58.31	45.28	64.38	60.31	58.26	77.47	0.0	100.72	3.16	43.05	86.59	55.11	58.05	48.08	40.71	84.34	26.93	43.57	87.6	87.28	23.77	38.33	50.04	50.16	30.61	77.88
10	75.96	16.16	58.42	82.49	87.09	55.57	101.87	55.15	32.98	100.72	0.0	97.58	126.06	21.54	64.4	62.68	94.81	73.17	56.72	83.55	119.5	15.81	68.59	104.2	63.13	60.11	55.97	90.69	75.96
11	75.58	87.13	56.3	56.3	44.05	61.52	59.2	55.61	74.52	3.16	97.58	0.0	44.28	83.43	52.39	55.32	46.75	38.48	81.58	25.0	44.18	84.43	84.76	23.77	35.17	47.1	47.1	29.0	75.58
12	73.82	119.75	97.86	53.6	88.28	75.18	41.11	96.25	110.94	43.05	126.06	44.28	0.0	107.2	64.5	67.12	37.11	81.74	89.49	69.05	9.0	110.75	86.49	23.71	65.8	66.22	70.09	35.38	73.82
13	54.57	26.93	56.82	61.29	82.57	34.41	80.71	52.77	36.88	86.59	21.54	83.43	107.2	0.0	43.86	41.87	74.33	66.71	36.01	74.11	100.12	7.07	48.01	86.45	48.27	41.05	38.01	72.11	54.57
14	27.02	62.39	62.3	19.42	74.41	10.77	38.08	58.52	60.3	55.11	64.4	52.39	64.5	43.86	0.0	3.0	30.48	58.6	29.27	56.85	56.86	48.6	33.12	46.32	27.02	9.85	15.52	31.05	27.02
15	25.24	61.35	63.32	20.25	76.42	8.06	39.36	59.46	60.07	58.05	62.68	55.32	67.12	41.87	3.0	0.0	32.53	60.44	26.31	59.2	59.36	46.87	30.53	49.24	29.0	11.4	16.55	33.96	25.24
16	37.05	91.71	82.0	16.49	84.15	40.36	13.0	79.06	86.98	48.08	94.81	46.75	37.11	74.33	30.48	32.53	0.0	71.59	52.55	63.69	28.46	79.03	49.5	27.73	44.1	35.78	41.23	18.03	37.05
17	85.6	59.03	19.21	72.92	16.64	62.24	84.4	20.12	43.01	40.71	73.17	38.48	81.74	66.71	58.6	60.44	71.59	0.0	81.84	14.21	79.91	64.5	89.81	58.86	31.62	49.04	44.55	55.23	85.6
18	20.81	62.29	79.81	36.25	98.41	20.62	53.82	75.6	68.01	84.34	56.72	81.58	89.49	36.01	29.27	26.31	52.55	81.84	0.0	83.24	80.99	43.0	12.0	74.33	52.35	35.47	38.08	59.14	20.81
19	83.49	70.52	33.24	68.01	20.62	62.77	76.69	33.6	55.46	26.93	83.55	25.0	69.05	74.11	56.85	59.2	63.69	14.21	83.24	0.0	68.07	73.06	89.63	47.01	30.89	48.26	45.18	46.17	83.49
20	64.94	114.02	94.92	44.92	88.02	67.42	32.14	92.97	106.17	43.57	119.5	44.18	9.0	100.12	56.86	59.36	28.46	79.91	80.99	68.07	0.0	104.0	77.67	21.1	60.9	59.41	63.7	29.41	64.94
21	61.19	19.92	52.92	66.73	79.83	39.82	86.09	49.04	31.14	87.6	15.81	84.43	110.75	7.07	48.6	46.87	79.03	64.5	43.0	73.06	104.0	0.0	55.0	89.31	49.4	44.6	40.8	75.43	61.19
22	13.0	74.24	89.59	33.14	106.15	27.59	47.93	85.44	79.4	87.28	68.59	84.76	86.49	48.01	33.12	30.53	49.5	89.81	12.0	89.63	77.67	55.0	0.0	74.17	59.03	41.4	45.28	59.54	13.0
23	62.8	96.88	74.33	41.77	67.12	57.01	38.42	72.62	87.42	23.77	104.2	23.77	23.71	86.45	46.32	49.24	27.73	58.86	74.33	47.01	21.1	89.31	74.17	0.0	42.52	45.62	48.55	15.3	62.8
24	54.04	54.49	38.12	42.06	47.42	31.91	56.04	35.0	45.28	38.33	63.13	35.17	65.8	48.27	27.02	29.0	44.1	31.62	52.35	30.89	60.9	49.4	59.03	42.52	0.0	17.69	14.32	31.78	54.04
25	36.62	55.95	52.5	28.0	65.07	14.87	45.35	48.76	51.97	50.04	60.11	47.1	66.22	41.05	9.85	11.4	35.78	49.04	35.47	48.26	59.41	44.6	41.4	45.62	17.69	0.0	6.0	31.06	36.62
26	41.68	50.77	46.82	34.0	60.88	17.8	51.2	43.01	46.1	50.16	55.97	47.1	70.09	38.01	15.52	16.55	41.23	44.55	38.08	45.18	63.7	40.8	45.28	48.55	14.32	6.0	0.0	34.71	41.68
27	48.76	84.65	67.74	28.23	66.76	41.76	30.89	65.31	76.94	30.61	90.69	29.0	35.38	72.11	31.05	33.96	18.03	55.23	59.14	46.17	29.41	75.43	59.54	15.3	31.78	31.06	34.71	0.0	48.76
;
