vehicles
vehicle_idx, capacity, cost_per_unit_distance
1,100,3
2,100,3
3,100,3
4,100,3
depot
node_idx,x,y
0,82,76
home delivery customers
node_idx,x,y,service_time,demand
1,9,97,10,24
2,29,89,10,7
3,93,3,10,24
4,19,32,10,1
5,58,30,10,12
6,5,10,10,14
self pickup customers
node_idx,x,y,service_time,demand,locker_idxs
7,20,70,10,2,20
8,80,55,10,2,23
9,84,39,10,16,23
10,49,8,10,6,22-18
11,23,15,10,15,18
flexible customers
node_idx,x,y,service_time,demand,locker_idxs
12,50,5,10,21,22
13,96,44,10,19,19
14,84,25,10,16,19-22
15,50,93,10,8,17
16,3,82,10,8,20
lockers
node_idx,x,y,service_time,capacity,cost_per_unit_good
17,65,88,10,78
18,25,15,10,88
19,93,12,10,94
20,22,88,10,83
21,77,88,10,99
22,72,14,10,81
23,59,45,10,78
24,47,43,10,100
25,50,43,10,72
26,47,59,10,79
mrt lines
start_node_idx,end_node_idx,freight_capacity,cost_per_unit_good
17,18,88,0.1
18,17,88,0.1
distance matrix
,0,1,2,3,4,5,6,7,8,9,10,11,12,13,14,15,16,17,18,19,20,21,22,23,24,25,26,
0,0.0,75.96,54.57,73.82,76.84,51.88,101.41,62.29,21.1,37.05,75.58,84.86,77.88,34.93,51.04,36.24,79.23,20.81,83.49,64.94,61.19,13.0,62.8,38.6,48.1,45.97,38.91
1,75.96,0.0,21.54,126.06,65.76,83.01,87.09,29.15,82.49,94.81,97.58,83.19,100.72,101.87,103.97,41.19,16.16,56.72,83.55,119.5,15.81,68.59,104.2,72.14,66.03,67.8,53.74
2,54.57,21.54,0.0,107.2,57.87,65.74,82.57,21.02,61.29,74.33,83.43,74.24,86.59,80.71,84.39,21.38,26.93,36.01,74.11,100.12,7.07,48.01,86.45,53.25,49.4,50.57,34.99
3,73.82,126.06,107.2,0.0,79.48,44.2,88.28,99.09,53.6,37.11,44.28,71.02,43.05,41.11,23.77,99.74,119.75,89.49,69.05,9.0,110.75,86.49,23.71,54.04,60.96,58.73,72.47
4,76.84,65.76,57.87,79.48,0.0,39.05,26.08,38.01,65.19,65.38,38.42,17.46,41.11,77.93,65.38,68.43,52.5,72.47,18.03,76.66,56.08,80.62,55.97,42.06,30.08,32.89,38.9
5,51.88,83.01,65.74,44.2,39.05,0.0,56.65,55.17,33.3,27.51,23.77,38.08,26.25,40.5,26.48,63.51,75.69,58.42,36.25,39.36,68.26,61.03,21.26,15.03,17.03,15.26,31.02
6,101.41,87.09,82.57,88.28,26.08,56.65,0.0,61.85,87.46,84.15,44.05,18.68,45.28,97.14,80.41,94.41,72.03,98.41,20.62,88.02,79.83,106.15,67.12,64.35,53.41,55.8,64.54
7,62.29,29.15,21.02,99.09,38.01,55.17,61.85,0.0,61.85,71.11,68.45,55.08,71.59,80.32,78.24,37.8,20.81,48.47,55.23,93.24,18.11,59.77,76.42,46.32,38.18,40.36,29.15
8,21.1,82.49,61.29,53.6,65.19,33.3,87.46,61.85,0.0,16.49,56.3,69.63,58.31,19.42,30.27,48.41,81.6,36.25,68.01,44.92,66.73,33.14,41.77,23.26,35.11,32.31,33.24
9,37.05,94.81,74.33,37.11,65.38,27.51,84.15,71.11,16.49,0.0,46.75,65.55,48.08,13.0,14.0,63.81,91.71,52.55,63.69,28.46,79.03,49.5,27.73,25.71,37.22,34.23,42.06
10,75.58,97.58,83.43,44.28,38.42,23.77,44.05,68.45,56.3,46.75,0.0,26.93,3.16,59.2,38.91,85.01,87.13,81.58,25.0,44.18,84.43,84.76,23.77,38.33,35.06,35.01,51.04
11,84.86,83.19,74.24,71.02,17.46,38.08,18.68,55.08,69.63,65.55,26.93,0.0,28.79,78.55,61.81,82.54,69.92,84.22,2.0,70.06,73.01,90.8,49.01,46.86,36.88,38.9,50.12
12,77.88,100.72,86.59,43.05,41.11,26.25,45.28,71.59,58.31,48.08,3.16,28.79,0.0,60.31,39.45,88.0,90.21,84.34,26.93,43.57,87.6,87.28,23.77,41.0,38.12,38.0,54.08
13,34.93,101.87,80.71,41.11,77.93,40.5,97.14,80.32,19.42,13.0,59.2,78.55,60.31,0.0,22.47,67.21,100.46,53.82,76.69,32.14,86.09,47.93,38.42,37.01,49.01,46.01,51.24
14,51.04,103.97,84.39,23.77,65.38,26.48,80.41,78.24,30.27,14.0,38.91,61.81,39.45,22.47,0.0,76.03,99.05,65.8,59.84,15.81,88.39,63.39,16.28,32.02,41.15,38.47,50.25
15,36.24,41.19,21.38,99.74,68.43,63.51,94.41,37.8,48.41,63.81,85.01,82.54,88.0,67.21,76.03,0.0,48.27,15.81,81.91,91.71,28.44,27.46,82.01,48.84,50.09,50.0,34.13
16,79.23,16.16,26.93,119.75,52.5,75.69,72.03,20.81,81.6,91.71,87.13,69.92,90.21,100.46,99.05,48.27,0.0,62.29,70.52,114.02,19.92,74.24,96.88,67.12,58.8,61.07,49.65
17,20.81,56.72,36.01,89.49,72.47,58.42,98.41,48.47,36.25,52.55,81.58,84.22,84.34,53.82,65.8,15.81,62.29,0.0,83.24,80.99,43.0,12.0,74.33,43.42,48.47,47.43,34.13
18,83.49,83.55,74.11,69.05,18.03,36.25,20.62,55.23,68.01,63.69,25.0,2.0,26.93,76.69,59.84,81.91,70.52,83.24,0.0,68.07,73.06,89.63,47.01,45.34,35.61,37.54,49.19
19,64.94,119.5,100.12,9.0,76.66,39.36,88.02,93.24,44.92,28.46,44.18,70.06,43.57,32.14,15.81,91.71,114.02,80.99,68.07,0.0,104.0,77.67,21.1,47.38,55.47,53.01,65.76
20,61.19,15.81,7.07,110.75,56.08,68.26,79.83,18.11,66.73,79.03,84.43,73.01,87.6,86.09,88.39,28.44,19.92,43.0,73.06,104.0,0.0,55.0,89.31,56.73,51.48,53.0,38.29
21,13.0,68.59,48.01,86.49,80.62,61.03,106.15,59.77,33.14,49.5,84.76,90.8,87.28,47.93,63.39,27.46,74.24,12.0,89.63,77.67,55.0,0.0,74.17,46.62,54.08,52.48,41.73
22,62.8,104.2,86.45,23.71,55.97,21.26,67.12,76.42,41.77,27.73,23.77,49.01,23.77,38.42,16.28,82.01,96.88,74.33,47.01,21.1,89.31,74.17,0.0,33.62,38.29,36.4,51.48
23,38.6,72.14,53.25,54.04,42.06,15.03,64.35,46.32,23.26,25.71,38.33,46.86,41.0,37.01,32.02,48.84,67.12,43.42,45.34,47.38,56.73,46.62,33.62,0.0,12.17,9.22,18.44
24,48.1,66.03,49.4,60.96,30.08,17.03,53.41,38.18,35.11,37.22,35.06,36.88,38.12,49.01,41.15,50.09,58.8,48.47,35.61,55.47,51.48,54.08,38.29,12.17,0.0,3.0,16.0
25,45.97,67.8,50.57,58.73,32.89,15.26,55.8,40.36,32.31,34.23,35.01,38.9,38.0,46.01,38.47,50.0,61.07,47.43,37.54,53.01,53.0,52.48,36.4,9.22,3.0,0.0,16.28
26,38.91,53.74,34.99,72.47,38.9,31.02,64.54,29.15,33.24,42.06,51.04,50.12,54.08,51.24,50.25,34.13,49.65,34.13,49.19,65.76,38.29,41.73,51.48,18.44,16.0,16.28,0.0
