vehicles
vehicle_idx, capacity, cost_per_unit_distance
1,100,3
2,100,3
3,100,3
4,100,3
depot
node_idx,x,y
0,82,76
home delivery customers
node_idx,x,y,service_time,demand
1,42,9,10,8
2,2,39,10,16
3,14,24,10,6
4,98,14,10,12
5,98,52,10,21
6,1,65,10,22
self pickup customers
node_idx,x,y,service_time,demand,locker_idxs
7,61,62,10,24,21
8,29,89,10,7,18
9,5,42,10,4,22-16
10,20,70,10,2,18
flexible customers
node_idx,x,y,service_time,demand,locker_idxs
11,91,2,10,19,17-20
12,50,93,10,8,15
13,84,39,10,16,21
14,80,55,10,2,21-23
lockers
node_idx,x,y,service_time,capacity,cost_per_unit_good
15,65,88,10,71
16,25,15,10,80
17,93,12,10,84
18,22,88,10,92
19,77,88,10,98
20,72,14,10,99
21,71,50,10,96
22,35,35,10,91
23,56,47,10,93
24,46,53,10,70
mrt lines
start_node_idx,end_node_idx,freight_capacity,cost_per_unit_good
15,16,80,0.1
16,15,80,0.1
17,18,92,0.1
18,17,92,0.1
19,20,99,0.1
20,19,99,0.1
distance matrix
,0,1,2,3,4,5,6,7,8,9,10,11,12,13,14,15,16,17,18,19,20,21,22,23,24,
0,0.0,78.03,88.14,85.6,64.03,28.84,81.74,25.24,54.57,84.17,62.29,74.55,36.24,37.05,21.1,20.81,83.49,64.94,61.19,13.0,62.8,28.23,62.37,38.95,42.72
1,78.03,0.0,50.0,31.76,56.22,70.6,69.4,56.3,81.05,49.58,64.85,49.5,84.38,51.61,59.67,82.28,18.03,51.09,81.49,86.41,30.41,50.22,26.93,40.5,44.18
2,88.14,50.0,0.0,19.21,99.2,96.88,26.02,63.32,56.82,4.24,35.85,96.38,72.25,82.0,79.62,79.81,33.24,94.92,52.92,89.59,74.33,69.87,33.24,54.59,46.17
3,85.6,31.76,19.21,0.0,84.59,88.54,43.01,60.44,66.71,20.12,46.39,80.08,77.83,71.59,72.92,81.84,14.21,79.91,64.5,89.81,58.86,62.65,23.71,47.89,43.19
4,64.03,56.22,99.2,84.59,0.0,38.0,109.59,60.61,101.91,97.12,96.02,13.89,92.44,28.65,44.78,81.02,73.01,5.39,106.08,76.92,26.0,45.0,66.41,53.41,65.0
5,28.84,70.6,96.88,88.54,38.0,0.0,97.87,38.33,78.29,93.54,80.05,50.49,63.13,19.1,18.25,48.84,81.84,40.31,84.1,41.68,46.04,27.07,65.25,42.3,52.01
6,81.74,69.4,26.02,43.01,109.59,97.87,0.0,60.07,36.88,23.35,19.65,109.86,56.44,86.98,79.63,68.01,55.46,106.17,31.14,79.4,87.42,71.59,45.34,57.87,46.57
7,25.24,56.3,63.32,60.44,60.61,38.33,60.07,0.0,41.87,59.46,41.77,67.08,32.89,32.53,20.25,26.31,59.2,59.36,46.87,30.53,49.24,15.62,37.48,15.81,17.49
8,54.57,81.05,56.82,66.71,101.91,78.29,36.88,41.87,0.0,52.77,21.02,106.83,21.38,74.33,61.29,36.01,74.11,100.12,7.07,48.01,86.45,57.31,54.33,49.93,39.81
9,84.17,49.58,4.24,20.12,97.12,93.54,23.35,59.46,52.77,0.0,31.76,94.85,68.01,79.06,76.12,75.6,33.6,92.97,49.04,85.44,72.62,66.48,30.81,51.24,42.45
10,62.29,64.85,35.85,46.39,96.02,80.05,19.65,41.77,21.02,31.76,0.0,98.31,37.8,71.11,61.85,48.47,55.23,93.24,18.11,59.77,76.42,54.78,38.08,42.72,31.06
11,74.55,49.5,96.38,80.08,13.89,50.49,109.86,67.08,106.83,94.85,98.31,0.0,99.81,37.66,54.13,89.84,67.27,10.2,110.26,87.13,22.47,52.0,65.0,57.01,68.01
12,36.24,84.38,72.25,77.83,92.44,63.13,56.44,32.89,21.38,68.01,37.8,99.81,0.0,63.81,48.41,15.81,81.91,91.71,28.44,27.46,82.01,47.85,59.91,46.39,40.2
13,37.05,51.61,82.0,71.59,28.65,19.1,86.98,32.53,74.33,79.06,71.11,37.66,63.81,0.0,16.49,52.55,63.69,28.46,79.03,49.5,27.73,17.03,49.16,29.12,40.5
14,21.1,59.67,79.62,72.92,44.78,18.25,79.63,20.25,61.29,76.12,61.85,54.13,48.41,16.49,0.0,36.25,68.01,44.92,66.73,33.14,41.77,10.3,49.24,25.3,34.06
15,20.81,82.28,79.81,81.84,81.02,48.84,68.01,26.31,36.01,75.6,48.47,89.84,15.81,52.55,36.25,0.0,83.24,80.99,43.0,12.0,74.33,38.47,60.9,41.98,39.82
16,83.49,18.03,33.24,14.21,73.01,81.84,55.46,59.2,74.11,33.6,55.23,67.27,81.91,63.69,68.01,83.24,0.0,68.07,73.06,89.63,47.01,57.8,22.36,44.55,43.42
17,64.94,51.09,94.92,79.91,5.39,40.31,106.17,59.36,100.12,92.97,93.24,10.2,91.71,28.46,44.92,80.99,68.07,0.0,104.0,77.67,21.1,43.91,62.39,50.93,62.37
18,61.19,81.49,52.92,64.5,106.08,84.1,31.14,46.87,7.07,49.04,18.11,110.26,28.44,79.03,66.73,43.0,73.06,104.0,0.0,55.0,89.31,62.01,54.57,53.26,42.44
19,13.0,86.41,89.59,89.81,76.92,41.68,79.4,30.53,48.01,85.44,59.77,87.13,27.46,49.5,33.14,12.0,89.63,77.67,55.0,0.0,74.17,38.47,67.62,46.07,46.75
20,62.8,30.41,74.33,58.86,26.0,46.04,87.42,49.24,86.45,72.62,76.42,22.47,82.01,27.73,41.77,74.33,47.01,21.1,89.31,74.17,0.0,36.01,42.54,36.67,46.87
21,28.23,50.22,69.87,62.65,45.0,27.07,71.59,15.62,57.31,66.48,54.78,52.0,47.85,17.03,10.3,38.47,57.8,43.91,62.01,38.47,36.01,0.0,39.0,15.3,25.18
22,62.37,26.93,33.24,23.71,66.41,65.25,45.34,37.48,54.33,30.81,38.08,65.0,59.91,49.16,49.24,60.9,22.36,62.39,54.57,67.62,42.54,39.0,0.0,24.19,21.1
23,38.95,40.5,54.59,47.89,53.41,42.3,57.87,15.81,49.93,51.24,42.72,57.01,46.39,29.12,25.3,41.98,44.55,50.93,53.26,46.07,36.67,15.3,24.19,0.0,11.66
24,42.72,44.18,46.17,43.19,65.0,52.01,46.57,17.49,39.81,42.45,31.06,68.01,40.2,40.5,34.06,39.82,43.42,62.37,42.44,46.75,46.87,25.18,21.1,11.66,0.0
