vehicles
vehicle_idx, capacity, cost_per_unit_distance
1,100,1
2,100,1
3,100,1
4,100,1
depot
node_idx,x,y
0,82,76
home delivery customers
node_idx,x,y,service_time,demand
1,20,70,10,2
2,85,60,10,14
3,14,24,10,6
4,50,93,10,8
5,84,25,10,16
6,29,89,10,7
self pickup customers
node_idx,x,y,service_time,demand,locker_idxs
7,93,3,10,24,21-24
8,98,5,10,9,21
9,3,82,10,8,22
10,57,69,10,20,19
11,96,44,10,19,21
12,42,9,10,8,20
flexible customers
node_idx,x,y,service_time,demand,locker_idxs
13,80,55,10,2,27
14,13,7,10,19,20
15,58,30,10,12,27-28-24
16,49,8,10,6,24-20
17,19,32,10,1,20
18,5,42,10,4,20
lockers
node_idx,x,y,service_time,capacity,cost_per_unit_good
19,65,88,10,78
20,25,15,10,97
21,93,12,10,100
22,22,88,10,74
23,77,88,10,91
24,72,14,10,84
25,44,50,10,79
26,43,57,10,80
27,56,45,10,97
28,49,39,10,88
mrt lines
start_node_idx,end_node_idx,freight_capacity,cost_per_unit_good
distance matrix
,0,1,2,3,4,5,6,7,8,9,10,11,12,13,14,15,16,17,18,19,20,21,22,23,24,25,26,27,28,
0,0.0,62.29,16.28,85.6,36.24,51.04,54.57,73.82,72.78,79.23,25.96,34.93,78.03,21.1,97.58,51.88,75.58,76.84,84.17,20.81,83.49,64.94,61.19,13.0,62.8,46.04,43.38,40.46,49.58
1,62.29,0.0,65.76,46.39,37.8,78.24,21.02,99.09,101.53,20.81,37.01,80.32,64.85,61.85,63.39,55.17,68.45,38.01,31.76,48.47,55.23,93.24,18.11,59.77,76.42,31.24,26.42,43.83,42.45
2,16.28,65.76,0.0,79.61,48.1,35.01,63.06,57.56,56.52,84.9,29.41,19.42,66.71,7.07,89.4,40.36,63.25,71.69,82.0,34.41,75.0,48.66,68.94,29.12,47.8,42.2,42.11,32.65,41.68
3,85.6,46.39,79.61,0.0,77.83,70.01,66.71,81.74,86.12,59.03,62.24,84.4,31.76,72.92,17.03,44.41,38.48,9.43,20.12,81.84,14.21,79.91,64.5,89.81,58.86,39.7,43.93,46.96,38.08
4,36.24,37.8,48.1,77.83,0.0,76.03,21.38,99.74,100.24,48.27,25.0,67.21,84.38,48.41,93.62,63.51,85.01,68.43,68.01,15.81,81.91,91.71,28.44,27.46,82.01,43.42,36.67,48.37,54.01
5,51.04,78.24,35.01,70.01,76.03,0.0,84.39,23.77,24.41,99.05,51.62,22.47,44.94,30.27,73.25,26.48,38.91,65.38,80.81,65.8,59.84,15.81,88.39,63.39,16.28,47.17,52.01,34.41,37.7
6,54.57,21.02,63.06,66.71,21.38,84.39,0.0,107.2,108.71,26.93,34.41,80.71,81.05,61.29,83.55,65.74,83.43,57.87,52.77,36.01,74.11,100.12,7.07,48.01,86.45,41.79,34.93,51.62,53.85
7,73.82,99.09,57.56,81.74,99.74,23.77,107.2,0.0,5.39,119.75,75.18,41.11,51.35,53.6,80.1,44.2,44.28,79.48,96.25,89.49,69.05,9.0,110.75,86.49,23.71,67.9,73.59,55.97,56.85
8,72.78,101.53,56.52,86.12,100.24,24.41,108.71,5.39,0.0,122.29,76.01,39.05,56.14,53.14,85.02,47.17,49.09,83.49,100.09,89.32,73.68,8.6,112.54,85.62,27.51,70.29,75.69,58.0,59.64
9,79.23,20.81,84.9,59.03,48.27,99.05,26.93,119.75,122.29,0.0,55.54,100.46,82.76,81.6,75.66,75.69,87.13,52.5,40.05,62.29,70.52,114.02,19.92,74.24,96.88,52.01,47.17,64.64,62.97
10,25.96,37.01,29.41,62.24,25.0,51.62,34.41,75.18,76.01,55.54,0.0,46.32,61.85,26.93,76.03,39.01,61.52,53.04,58.59,20.62,62.77,67.42,39.82,27.59,57.01,23.02,18.44,24.02,31.05
11,34.93,80.32,19.42,84.4,67.21,22.47,80.71,41.11,39.05,100.46,46.32,0.0,64.35,19.42,90.87,40.5,59.2,77.93,91.02,53.82,76.69,32.14,86.09,47.93,38.42,52.35,54.57,40.01,47.27
12,78.03,64.85,66.71,31.76,84.38,44.94,81.05,51.35,56.14,82.76,61.85,64.35,0.0,59.67,29.07,26.4,7.07,32.53,49.58,82.28,18.03,51.09,81.49,86.41,30.41,41.05,48.01,38.63,30.81
13,21.1,61.85,7.07,72.92,48.41,30.27,61.29,53.6,53.14,81.6,26.93,19.42,59.67,0.0,82.42,33.3,56.3,65.19,76.12,36.25,68.01,44.92,66.73,33.14,41.77,36.35,37.05,26.0,34.89
14,97.58,63.39,89.4,17.03,93.62,73.25,83.55,80.1,85.02,75.66,76.03,90.87,29.07,82.42,0.0,50.54,36.01,25.71,35.9,96.25,14.42,80.16,81.5,103.23,59.41,53.01,58.31,57.38,48.17
15,51.88,55.17,40.36,44.41,63.51,26.48,65.74,44.2,47.17,75.69,39.01,40.5,26.4,33.3,50.54,0.0,23.77,39.05,54.34,58.42,36.25,39.36,68.26,61.03,21.26,24.41,30.89,15.13,12.73
16,75.58,68.45,63.25,38.48,85.01,38.91,83.43,44.28,49.09,87.13,61.52,59.2,7.07,56.3,36.01,23.77,0.0,38.42,55.61,81.58,25.0,44.18,84.43,84.76,23.77,42.3,49.37,37.66,31.0
17,76.84,38.01,71.69,9.43,68.43,65.38,57.87,79.48,83.49,52.5,53.04,77.93,32.53,65.19,25.71,39.05,38.42,0.0,17.2,72.47,18.03,76.66,56.08,80.62,55.97,30.81,34.66,39.22,30.81
18,84.17,31.76,82.0,20.12,68.01,80.81,52.77,96.25,100.09,40.05,58.59,91.02,49.58,76.12,35.9,54.34,55.61,17.2,0.0,75.6,33.6,92.97,49.04,85.44,72.62,39.81,40.85,51.09,44.1
19,20.81,48.47,34.41,81.84,15.81,65.8,36.01,89.49,89.32,62.29,20.62,53.82,82.28,36.25,96.25,58.42,81.58,72.47,75.6,0.0,83.24,80.99,43.0,12.0,74.33,43.42,38.01,43.93,51.55
20,83.49,55.23,75.0,14.21,81.91,59.84,74.11,69.05,73.68,70.52,62.77,76.69,18.03,68.01,14.42,36.25,25.0,18.03,33.6,83.24,0.0,68.07,73.06,89.63,47.01,39.82,45.69,43.14,33.94
21,64.94,93.24,48.66,79.91,91.71,15.81,100.12,9.0,8.6,114.02,67.42,32.14,51.09,44.92,80.16,39.36,44.18,76.66,92.97,80.99,68.07,0.0,104.0,77.67,21.1,62.01,67.27,49.58,51.62
22,61.19,18.11,68.94,64.5,28.44,88.39,7.07,110.75,112.54,19.92,39.82,86.09,81.49,66.73,81.5,68.26,84.43,56.08,49.04,43.0,73.06,104.0,0.0,55.0,89.31,43.91,37.44,54.82,55.95
23,13.0,59.77,29.12,89.81,27.46,63.39,48.01,86.49,85.62,74.24,27.59,47.93,86.41,33.14,103.23,61.03,84.76,80.62,85.44,12.0,89.63,77.67,55.0,0.0,74.17,50.33,46.01,47.85,56.44
24,62.8,76.42,47.8,58.86,82.01,16.28,86.45,23.71,27.51,96.88,57.01,38.42,30.41,41.77,59.41,21.26,23.77,55.97,72.62,74.33,47.01,21.1,89.31,74.17,0.0,45.61,51.87,34.89,33.97
25,46.04,31.24,42.2,39.7,43.42,47.17,41.79,67.9,70.29,52.01,23.02,52.35,41.05,36.35,53.01,24.41,42.3,30.81,39.81,43.42,39.82,62.01,43.91,50.33,45.61,0.0,7.07,13.0,12.08
26,43.38,26.42,42.11,43.93,36.67,52.01,34.93,73.59,75.69,47.17,18.44,54.57,48.01,37.05,58.31,30.89,49.37,34.66,40.85,38.01,45.69,67.27,37.44,46.01,51.87,7.07,0.0,17.69,18.97
27,40.46,43.83,32.65,46.96,48.37,34.41,51.62,55.97,58.0,64.64,24.02,40.01,38.63,26.0,57.38,15.13,37.66,39.22,51.09,43.93,43.14,49.58,54.82,47.85,34.89,13.0,17.69,0.0,9.22
28,49.58,42.45,41.68,38.08,54.01,37.7,53.85,56.85,59.64,62.97,31.05,47.27,30.81,34.89,48.17,12.73,31.0,30.81,44.1,51.55,33.94,51.62,55.95,56.44,33.97,12.08,18.97,9.22,0.0
