set K:= 1	2	3	4;
set C_H:= 1	2	3	4	5	6	7	8;
set C_S:= 9	10	11	12	13	14	15;
set C_F:= 16	17	18	19	20	21	22;
set M:= 23	24	25	26	27	28;
set L_B:= 29	30	31	32;
set A1:=
(0,*) 1 2 3 4 5 6 7 8 16 17 18 19 20 21 22 23 24 25 26 27 28 29 30 31 32
(1,*) 0 2 3 4 5 6 7 8 16 17 18 19 20 21 22 23 24 25 26 27 28 29 30 31 32
(2,*) 0 1 3 4 5 6 7 8 16 17 18 19 20 21 22 23 24 25 26 27 28 29 30 31 32
(3,*) 0 1 2 4 5 6 7 8 16 17 18 19 20 21 22 23 24 25 26 27 28 29 30 31 32
(4,*) 0 1 2 3 5 6 7 8 16 17 18 19 20 21 22 23 24 25 26 27 28 29 30 31 32
(5,*) 0 1 2 3 4 6 7 8 16 17 18 19 20 21 22 23 24 25 26 27 28 29 30 31 32
(6,*) 0 1 2 3 4 5 7 8 16 17 18 19 20 21 22 23 24 25 26 27 28 29 30 31 32
(7,*) 0 1 2 3 4 5 6 8 16 17 18 19 20 21 22 23 24 25 26 27 28 29 30 31 32
(8,*) 0 1 2 3 4 5 6 7 16 17 18 19 20 21 22 23 24 25 26 27 28 29 30 31 32
(16,*) 0 1 2 3 4 5 6 7 8 17 18 19 20 21 22 23 24 25 26 27 28 29 30 31 32
(17,*) 0 1 2 3 4 5 6 7 8 16 18 19 20 21 22 23 24 25 26 27 28 29 30 31 32
(18,*) 0 1 2 3 4 5 6 7 8 16 17 19 20 21 22 23 24 25 26 27 28 29 30 31 32
(19,*) 0 1 2 3 4 5 6 7 8 16 17 18 20 21 22 23 24 25 26 27 28 29 30 31 32
(20,*) 0 1 2 3 4 5 6 7 8 16 17 18 19 21 22 23 24 25 26 27 28 29 30 31 32
(21,*) 0 1 2 3 4 5 6 7 8 16 17 18 19 20 22 23 24 25 26 27 28 29 30 31 32
(22,*) 0 1 2 3 4 5 6 7 8 16 17 18 19 20 21 23 24 25 26 27 28 29 30 31 32
(23,*) 0 1 2 3 4 5 6 7 8 16 17 18 19 20 21 22 24 25 26 27 28 29 30 31 32
(24,*) 0 1 2 3 4 5 6 7 8 16 17 18 19 20 21 22 23 25 26 27 28 29 30 31 32
(25,*) 0 1 2 3 4 5 6 7 8 16 17 18 19 20 21 22 23 24 26 27 28 29 30 31 32
(26,*) 0 1 2 3 4 5 6 7 8 16 17 18 19 20 21 22 23 24 25 27 28 29 30 31 32
(27,*) 0 1 2 3 4 5 6 7 8 16 17 18 19 20 21 22 23 24 25 26 28 29 30 31 32
(28,*) 0 1 2 3 4 5 6 7 8 16 17 18 19 20 21 22 23 24 25 26 27 29 30 31 32
(29,*) 0 1 2 3 4 5 6 7 8 16 17 18 19 20 21 22 23 24 25 26 27 28 30 31 32
(30,*) 0 1 2 3 4 5 6 7 8 16 17 18 19 20 21 22 23 24 25 26 27 28 29 31 32
(31,*) 0 1 2 3 4 5 6 7 8 16 17 18 19 20 21 22 23 24 25 26 27 28 29 30 32
(32,*) 0 1 2 3 4 5 6 7 8 16 17 18 19 20 21 22 23 24 25 26 27 28 29 30 31
;
set A2:=
(23,*) 24
(24,*) 23
(25,*) 26
(26,*) 25
(27,*) 28
(28,*) 27
;
param BigM:=99999;
param n:= 4;
param d:=
1	7
2	2
3	12
4	15
5	6
6	19
7	18
8	24
9	19
10	6
11	22
12	1
13	24
14	20
15	4
16	3
17	21
18	9
19	8
20	19
21	2
22	12
;
param Q:=100;
param w:=
[23,*] 24 0.5
[24,*] 23 0.5
[25,*] 26 0.5
[26,*] 25 0.5
[27,*] 28 0.5
[28,*] 27 0.5
;
param V:=
[23,*] 24 83
[24,*] 23 83
[25,*] 26 91
[26,*] 25 91
[27,*] 28 97
[28,*] 27 97
;
param e:
	23	24	25	26	27	28	29	30	31	32:=
9	1	0	0	0	0	1	0	0	0	1	
10	0	0	0	1	0	1	0	0	0	1	
11	0	1	0	1	0	0	1	0	0	0	
12	0	0	0	1	0	0	0	1	0	0	
13	0	1	1	0	0	0	0	1	0	0	
14	0	0	1	0	1	0	0	0	0	1	
15	0	1	0	1	0	0	0	0	0	1	
16	0	0	1	0	0	0	1	1	1	1	
17	1	0	0	0	1	0	1	0	0	0	
18	1	0	0	0	0	0	1	0	0	0	
19	0	0	1	0	1	0	0	1	0	0	
20	1	0	0	0	0	0	0	1	0	0	
21	0	1	1	0	0	0	0	1	0	0	
22	1	0	0	0	0	1	0	0	0	1	
;
param p:=
1	3
2	3
3	3
4	3
;
param G:=
23	82
24	83
25	91
26	80
27	97
28	71
29	80
30	80
31	70
32	77
;
param s:=
0	0
1	10
2	10
3	10
4	10
5	10
6	10
7	10
8	10
16	10
17	10
18	10
19	10
20	10
21	10
22	10
23	10
24	10
25	10
26	10
27	10
28	10
29	10
30	10
31	10
32	10
;
param t:
	0	1	2	3	4	5	6	7	8	9	10	11	12	13	14	15	16	17	18	19	20	21	22	23	24	25	26	27	28	29	30	31	32:=
0	0.0	54.57	21.1	51.88	84.86	85.6	97.58	25.71	25.24	74.55	75.58	81.74	76.84	75.96	25.96	84.17	27.02	28.84	72.78	36.24	34.93	62.29	64.03	64.94	61.19	20.81	83.49	13.0	62.8	43.93	46.62	39.41	33.29
1	54.57	0.0	61.29	65.74	74.24	66.71	83.55	70.18	41.87	106.83	83.43	36.88	57.87	21.54	34.41	52.77	43.86	78.29	108.71	21.38	80.71	21.02	101.91	100.12	7.07	36.01	74.11	48.01	86.45	46.52	42.72	41.68	39.82
2	21.1	61.29	0.0	33.3	69.63	72.92	82.42	8.94	20.25	54.13	56.3	79.63	65.19	82.49	26.93	76.12	19.42	18.25	53.14	48.41	19.42	61.85	44.78	44.92	66.73	36.25	68.01	33.14	41.77	32.02	36.5	30.07	26.17
3	51.88	65.74	33.3	0.0	38.08	44.41	50.54	36.62	32.14	43.28	23.77	66.89	39.05	83.01	39.01	54.34	29.15	45.65	47.17	63.51	40.5	55.17	43.08	39.36	68.26	58.42	36.25	61.03	21.26	19.24	23.6	24.35	28.28
4	84.86	74.24	69.63	38.08	0.0	12.73	12.81	74.3	60.44	69.23	26.93	54.63	17.46	83.19	63.81	32.45	58.14	83.63	75.66	82.54	78.55	55.08	75.01	70.06	73.01	84.22	2.0	90.8	49.01	41.23	39.96	46.62	53.01
5	85.6	66.71	72.92	44.41	12.73	0.0	17.03	78.77	60.44	80.08	38.48	43.01	9.43	73.17	62.24	20.12	58.6	88.54	86.12	77.83	84.4	46.39	84.59	79.91	64.5	81.84	14.21	89.81	58.86	41.88	39.05	46.23	52.5
6	97.58	83.55	82.42	50.54	12.81	17.03	0.0	86.95	73.0	78.16	36.01	59.23	25.71	90.09	76.03	35.9	70.77	96.18	85.02	93.62	90.87	63.39	85.29	80.16	81.5	96.25	14.42	103.23	59.41	53.81	52.2	59.03	65.44
7	25.71	70.18	8.94	36.62	74.3	78.77	86.95	0.0	29.15	49.09	58.05	88.12	71.57	91.42	35.85	83.49	28.16	10.05	47.07	56.64	10.63	70.6	38.33	39.32	75.66	43.57	72.56	38.6	40.31	39.2	44.05	38.05	34.71
8	25.24	41.87	20.25	32.14	60.44	60.44	73.0	29.15	0.0	67.08	55.32	60.07	51.61	62.68	8.06	59.46	3.0	38.33	67.96	32.89	39.36	41.77	60.61	59.36	46.87	26.31	59.2	30.53	49.24	19.21	21.4	14.21	8.06
9	74.55	106.83	54.13	43.28	69.23	80.08	78.16	49.09	67.08	0.0	42.43	109.86	78.0	125.5	75.13	94.85	64.41	50.49	7.62	99.81	42.3	98.31	13.89	10.2	110.26	89.84	67.27	87.13	22.47	61.55	66.47	65.44	67.12
10	75.58	83.43	56.3	23.77	26.93	38.48	36.01	58.05	55.32	42.43	0.0	74.52	38.42	97.58	61.52	55.61	52.39	65.86	49.09	85.01	59.2	68.45	49.37	44.18	84.43	81.58	25.0	84.76	23.77	39.0	41.3	45.01	50.25
11	81.74	36.88	79.63	66.89	54.63	43.01	59.23	88.12	60.07	109.86	74.52	0.0	37.59	32.98	56.14	23.35	60.3	97.87	114.06	56.44	97.29	19.65	109.59	106.17	31.14	68.01	55.46	79.4	87.42	51.26	45.88	50.45	53.46
12	76.84	57.87	65.19	39.05	17.46	9.43	25.71	71.57	51.61	78.0	38.42	37.59	0.0	65.76	53.04	17.2	49.93	81.49	83.49	68.43	77.93	38.01	81.02	76.66	56.08	72.47	18.03	80.62	55.97	33.54	30.23	37.44	43.6
13	75.96	21.54	82.49	83.01	83.19	73.17	90.09	91.42	62.68	125.5	97.58	32.98	65.76	0.0	55.57	55.15	64.4	99.73	128.0	41.19	101.87	29.15	121.7	119.5	15.81	56.72	83.55	68.59	104.2	64.03	59.41	60.14	59.55
14	25.96	34.41	26.93	39.01	63.81	62.24	76.03	35.85	8.06	75.13	61.52	56.14	53.04	55.57	0.0	58.59	10.77	44.38	76.01	25.0	46.32	37.01	68.6	67.42	39.82	20.62	62.77	27.59	57.01	23.41	23.85	17.46	11.4
15	84.17	52.77	76.12	54.34	32.45	20.12	35.9	83.49	59.46	94.85	55.61	23.35	17.2	55.15	58.59	0.0	58.52	93.54	100.09	68.01	91.02	31.76	97.12	92.97	49.04	75.6	33.6	85.44	72.62	44.28	39.62	46.32	51.55
16	27.02	43.86	19.42	29.15	58.14	58.6	70.77	28.16	3.0	64.41	52.39	60.3	49.93	64.4	10.77	58.52	0.0	37.66	65.46	35.74	38.08	42.45	58.26	56.86	48.6	29.27	56.85	33.12	46.32	16.97	19.72	12.53	7.07
17	28.84	78.29	18.25	45.65	83.63	88.54	96.18	10.05	38.33	50.49	65.86	97.87	81.49	99.73	44.38	93.54	37.66	0.0	47.0	63.13	8.25	80.05	38.0	40.31	84.1	48.84	81.84	41.68	46.04	49.25	54.08	48.01	44.41
18	72.78	108.71	53.14	47.17	75.66	86.12	85.02	47.07	67.96	7.62	49.09	114.06	83.49	128.0	76.01	100.09	65.46	47.0	0.0	100.24	39.05	101.53	9.0	8.6	112.54	89.32	73.68	85.62	27.51	64.54	69.66	67.88	68.88
19	36.24	21.38	48.41	63.51	82.54	77.83	93.62	56.64	32.89	99.81	85.01	56.44	68.43	41.19	25.0	68.01	35.74	63.13	100.24	0.0	67.21	37.8	92.44	91.71	28.44	15.81	81.91	27.46	82.01	46.01	44.41	40.0	35.23
20	34.93	80.71	19.42	40.5	78.55	84.4	90.87	10.63	39.36	42.3	59.2	97.29	77.93	101.87	46.32	91.02	38.08	8.25	39.05	67.21	0.0	80.32	30.07	32.14	86.09	53.82	76.69	47.93	38.42	47.1	52.24	46.87	44.27
21	62.29	21.02	61.85	55.17	55.08	46.39	63.39	70.6	41.77	98.31	68.45	19.65	38.01	29.15	37.01	31.76	42.45	80.05	101.53	37.8	80.32	0.0	96.02	93.24	18.11	48.47	55.23	59.77	76.42	37.01	31.89	34.48	36.06
22	64.03	101.91	44.78	43.08	75.01	84.59	85.29	38.33	60.61	13.89	49.37	109.59	81.02	121.7	68.6	97.12	58.26	38.0	9.0	92.44	30.07	96.02	0.0	5.39	106.08	81.02	73.01	76.92	26.0	59.08	64.35	61.85	62.23
23	64.94	100.12	44.92	39.36	70.06	79.91	80.16	39.32	59.36	10.2	44.18	106.17	76.66	119.5	67.42	92.97	56.86	40.31	8.6	91.71	32.14	93.24	5.39	0.0	104.0	80.99	68.07	77.67	21.1	56.22	61.4	59.41	60.31
24	61.19	7.07	66.73	68.26	73.01	64.5	81.5	75.66	46.87	110.26	84.43	31.14	56.08	15.81	39.82	49.04	48.6	84.1	112.54	28.44	86.09	18.11	106.08	104.0	0.0	43.0	73.06	55.0	89.31	49.09	44.78	44.82	43.86
25	20.81	36.01	36.25	58.42	84.22	81.84	96.25	43.57	26.31	89.84	81.58	68.01	72.47	56.72	20.62	75.6	29.27	48.84	89.32	15.81	53.82	48.47	81.02	80.99	43.0	0.0	83.24	12.0	74.33	44.01	44.29	38.08	31.95
26	83.49	74.11	68.01	36.25	2.0	14.21	14.42	72.56	59.2	67.27	25.0	55.46	18.03	83.55	62.77	33.6	56.85	81.84	73.68	81.91	76.69	55.23	73.01	68.07	73.06	83.24	0.0	89.63	47.01	40.0	38.95	45.49	51.87
27	13.0	48.01	33.14	61.03	90.8	89.81	103.23	38.6	30.53	87.13	84.76	79.4	80.62	68.59	27.59	85.44	33.12	41.68	85.62	27.46	47.93	59.77	76.92	77.67	55.0	12.0	89.63	0.0	74.17	49.65	51.09	44.2	37.8
28	62.8	86.45	41.77	21.26	49.01	58.86	59.41	40.31	49.24	22.47	23.77	87.42	55.97	104.2	57.01	72.62	46.32	46.04	27.51	82.01	38.42	76.42	26.0	21.1	89.31	74.33	47.01	74.17	0.0	40.22	44.82	44.78	47.54
29	43.93	46.52	32.02	19.24	41.23	41.88	53.81	39.2	19.21	61.55	39.0	51.26	33.54	64.03	23.41	44.28	16.97	49.25	64.54	46.01	47.1	37.01	59.08	56.22	49.09	44.01	40.0	49.65	40.22	0.0	5.39	6.08	12.08
30	46.62	42.72	36.5	23.6	39.96	39.05	52.2	44.05	21.4	66.47	41.3	45.88	30.23	59.41	23.85	39.62	19.72	54.08	69.66	44.41	52.24	31.89	64.35	61.4	44.78	44.29	38.95	51.09	44.82	5.39	0.0	7.21	13.45
31	39.41	41.68	30.07	24.35	46.62	46.23	59.03	38.05	14.21	65.44	45.01	50.45	37.44	60.14	17.46	46.32	12.53	48.01	67.88	40.0	46.87	34.48	61.85	59.41	44.82	38.08	45.49	44.2	44.78	6.08	7.21	0.0	6.4
32	33.29	39.82	26.17	28.28	53.01	52.5	65.44	34.71	8.06	67.12	50.25	53.46	43.6	59.55	11.4	51.55	7.07	44.41	68.88	35.23	44.27	36.06	62.23	60.31	43.86	31.95	51.87	37.8	47.54	12.08	13.45	6.4	0.0
;
