set K:= 1	2	3	4;
set C_H:= 1	2	3	4	5	6	7	8	9;
set C_S:= 10	11	12	13	14	15	16;
set C_F:= 17	18	19	20	21	22	23;
set M:= 24	25	26	27	28	29;
set L_B:= 30	31	32	33;
set A1:=
(0,*) 1 2 3 4 5 6 7 8 9 17 18 19 20 21 22 23 24 25 26 27 28 29 30 31 32 33
(1,*) 0 2 3 4 5 6 7 8 9 17 18 19 20 21 22 23 24 25 26 27 28 29 30 31 32 33
(2,*) 0 1 3 4 5 6 7 8 9 17 18 19 20 21 22 23 24 25 26 27 28 29 30 31 32 33
(3,*) 0 1 2 4 5 6 7 8 9 17 18 19 20 21 22 23 24 25 26 27 28 29 30 31 32 33
(4,*) 0 1 2 3 5 6 7 8 9 17 18 19 20 21 22 23 24 25 26 27 28 29 30 31 32 33
(5,*) 0 1 2 3 4 6 7 8 9 17 18 19 20 21 22 23 24 25 26 27 28 29 30 31 32 33
(6,*) 0 1 2 3 4 5 7 8 9 17 18 19 20 21 22 23 24 25 26 27 28 29 30 31 32 33
(7,*) 0 1 2 3 4 5 6 8 9 17 18 19 20 21 22 23 24 25 26 27 28 29 30 31 32 33
(8,*) 0 1 2 3 4 5 6 7 9 17 18 19 20 21 22 23 24 25 26 27 28 29 30 31 32 33
(9,*) 0 1 2 3 4 5 6 7 8 17 18 19 20 21 22 23 24 25 26 27 28 29 30 31 32 33
(17,*) 0 1 2 3 4 5 6 7 8 9 18 19 20 21 22 23 24 25 26 27 28 29 30 31 32 33
(18,*) 0 1 2 3 4 5 6 7 8 9 17 19 20 21 22 23 24 25 26 27 28 29 30 31 32 33
(19,*) 0 1 2 3 4 5 6 7 8 9 17 18 20 21 22 23 24 25 26 27 28 29 30 31 32 33
(20,*) 0 1 2 3 4 5 6 7 8 9 17 18 19 21 22 23 24 25 26 27 28 29 30 31 32 33
(21,*) 0 1 2 3 4 5 6 7 8 9 17 18 19 20 22 23 24 25 26 27 28 29 30 31 32 33
(22,*) 0 1 2 3 4 5 6 7 8 9 17 18 19 20 21 23 24 25 26 27 28 29 30 31 32 33
(23,*) 0 1 2 3 4 5 6 7 8 9 17 18 19 20 21 22 24 25 26 27 28 29 30 31 32 33
(24,*) 0 1 2 3 4 5 6 7 8 9 17 18 19 20 21 22 23 25 26 27 28 29 30 31 32 33
(25,*) 0 1 2 3 4 5 6 7 8 9 17 18 19 20 21 22 23 24 26 27 28 29 30 31 32 33
(26,*) 0 1 2 3 4 5 6 7 8 9 17 18 19 20 21 22 23 24 25 27 28 29 30 31 32 33
(27,*) 0 1 2 3 4 5 6 7 8 9 17 18 19 20 21 22 23 24 25 26 28 29 30 31 32 33
(28,*) 0 1 2 3 4 5 6 7 8 9 17 18 19 20 21 22 23 24 25 26 27 29 30 31 32 33
(29,*) 0 1 2 3 4 5 6 7 8 9 17 18 19 20 21 22 23 24 25 26 27 28 30 31 32 33
(30,*) 0 1 2 3 4 5 6 7 8 9 17 18 19 20 21 22 23 24 25 26 27 28 29 31 32 33
(31,*) 0 1 2 3 4 5 6 7 8 9 17 18 19 20 21 22 23 24 25 26 27 28 29 30 32 33
(32,*) 0 1 2 3 4 5 6 7 8 9 17 18 19 20 21 22 23 24 25 26 27 28 29 30 31 33
(33,*) 0 1 2 3 4 5 6 7 8 9 17 18 19 20 21 22 23 24 25 26 27 28 29 30 31 32
;
set A2:=
(24,*) 25
(25,*) 24
(26,*) 27
(27,*) 26
(28,*) 29
(29,*) 28
;
param BigM:=99999;
param n:= 4;
param d:=
1	2
2	20
3	21
4	6
5	7
6	2
7	22
8	19
9	8
10	4
11	21
12	9
13	16
14	14
15	16
16	24
17	18
18	8
19	19
20	14
21	24
22	15
23	3
;
param Q:=100;
param w:=
[24,*] 25 0.5
[25,*] 24 0.5
[26,*] 27 0.5
[27,*] 26 0.5
[28,*] 29 0.5
[29,*] 28 0.5
;
param V:=
[24,*] 25 79
[25,*] 24 79
[26,*] 27 100
[27,*] 26 100
[28,*] 29 94
[29,*] 28 94
;
param e:
	24	25	26	27	28	29	30	31	32	33:=
10	0	1	0	1	0	0	1	0	0	0	
11	0	0	0	1	0	1	0	0	1	0	
12	1	0	0	0	0	1	1	0	0	0	
13	0	0	0	0	0	1	1	0	0	0	
14	0	0	0	1	0	0	0	1	0	0	
15	0	1	0	1	0	0	0	1	0	0	
16	0	1	1	0	0	0	0	1	0	0	
17	1	0	0	0	1	0	1	0	0	0	
18	0	1	0	0	0	0	0	1	0	0	
19	1	0	0	0	0	0	0	1	0	0	
20	0	0	0	0	1	0	0	0	1	0	
21	1	0	0	0	0	1	1	0	0	0	
22	0	0	0	1	0	1	0	0	1	0	
23	0	0	1	0	0	0	1	0	0	1	
;
param p:=
1	3
2	3
3	3
4	3
;
param G:=
24	79
25	74
26	100
27	74
28	78
29	94
30	84
31	91
32	78
33	75
;
param s:=
0	0
1	10
2	10
3	10
4	10
5	10
6	10
7	10
8	10
9	10
17	10
18	10
19	10
20	10
21	10
22	10
23	10
24	10
25	10
26	10
27	10
28	10
29	10
30	10
31	10
32	10
33	10
;
param t:
	0	1	2	3	4	5	6	7	8	9	10	11	12	13	14	15	16	17	18	19	20	21	22	23	24	25	26	27	28	29	30	31	32	33:=
0	0.0	21.1	25.96	28.84	85.6	54.57	62.29	81.74	74.55	36.24	84.17	77.88	72.78	37.05	101.41	88.14	75.96	25.71	79.23	34.93	16.28	73.82	84.86	27.02	64.94	61.19	20.81	83.49	13.0	62.8	36.4	60.67	62.48	41.59
1	21.1	0.0	26.93	18.25	72.92	61.29	61.85	79.63	54.13	48.41	76.12	58.31	53.14	16.49	87.46	79.62	82.49	8.94	81.6	19.42	7.07	53.6	69.63	19.42	44.92	66.73	36.25	68.01	33.14	41.77	21.54	59.23	46.62	35.06
2	25.96	26.93	0.0	44.38	62.24	34.41	37.01	56.14	75.13	25.0	58.59	64.38	76.01	40.36	78.64	62.65	55.57	35.85	55.54	46.32	29.41	75.18	63.81	10.77	67.42	39.82	20.62	62.77	27.59	57.01	22.2	35.06	43.66	16.97
3	28.84	18.25	44.38	0.0	88.54	78.29	80.05	97.87	50.49	63.13	93.54	67.18	47.0	19.1	102.04	96.88	99.73	10.05	99.62	8.25	15.26	49.25	83.63	37.66	40.31	84.1	48.84	81.84	41.68	46.04	38.33	77.47	60.93	53.24
4	85.6	72.92	62.24	88.54	0.0	66.71	46.39	43.01	80.08	77.83	20.12	40.71	86.12	71.59	16.64	19.21	73.17	78.77	59.03	84.4	79.61	81.74	12.73	58.6	79.91	64.5	81.84	14.21	89.81	58.86	51.43	43.74	28.28	45.28
5	54.57	61.29	34.41	78.29	66.71	0.0	21.02	36.88	106.83	21.38	52.77	86.59	108.71	74.33	82.57	56.82	21.54	70.18	26.93	80.71	63.06	107.2	74.24	43.86	100.12	7.07	36.01	74.11	48.01	86.45	52.2	23.09	62.37	35.78
6	62.29	61.85	37.01	80.05	46.39	21.02	0.0	19.65	98.31	37.8	31.76	71.59	101.53	71.11	61.85	35.85	29.15	70.6	20.81	80.32	65.76	99.09	55.08	42.45	93.24	18.11	48.47	55.23	59.77	76.42	46.14	3.61	47.41	28.18
7	81.74	79.63	56.14	97.87	43.01	36.88	19.65	0.0	109.86	56.44	23.35	77.47	114.06	86.98	55.15	26.02	32.98	88.12	17.12	97.29	84.15	110.94	54.63	60.3	106.17	31.14	68.01	55.46	79.4	87.42	61.68	21.1	55.23	44.72
8	74.55	54.13	75.13	50.49	80.08	106.83	98.31	109.86	0.0	99.81	94.85	41.11	7.62	37.66	86.37	96.38	125.5	49.09	118.93	42.3	58.31	2.24	69.23	64.41	10.2	110.26	89.84	67.27	87.13	22.47	54.64	94.79	55.47	71.7
9	36.24	48.41	25.0	63.13	77.83	21.38	37.8	56.44	99.81	0.0	68.01	88.0	100.24	63.81	94.41	72.25	41.19	56.64	48.27	67.21	48.1	99.74	82.54	35.74	91.71	28.44	15.81	81.91	27.46	82.01	47.07	38.21	65.49	36.35
10	84.17	76.12	58.59	93.54	20.12	52.77	31.76	23.35	94.85	68.01	0.0	58.26	100.09	79.06	32.0	4.24	55.15	83.49	40.05	91.02	82.0	96.25	32.45	58.52	92.97	49.04	75.6	33.6	85.44	72.62	55.23	30.23	39.56	42.72
11	77.88	58.31	64.38	67.18	40.71	86.59	71.59	77.47	41.11	88.0	58.26	0.0	48.0	48.08	45.28	58.82	100.72	59.67	90.21	60.31	65.19	43.05	28.79	55.11	43.57	87.6	84.34	26.93	87.28	23.77	43.17	68.03	24.35	52.24
12	72.78	53.14	76.01	47.0	86.12	108.71	101.53	114.06	7.62	100.24	100.09	48.0	0.0	36.77	93.13	101.84	128.0	47.07	122.29	39.05	56.52	5.39	75.66	65.46	8.6	112.54	89.32	73.68	85.62	27.51	56.64	98.08	60.54	74.25
13	37.05	16.49	40.36	19.1	71.59	74.33	71.11	86.98	37.66	63.81	79.06	48.08	36.77	0.0	84.15	82.0	94.81	12.65	91.71	13.0	21.02	37.11	65.55	30.48	28.46	79.03	52.55	63.69	49.5	27.73	25.3	68.03	43.42	42.95
14	101.41	87.46	78.64	102.04	16.64	82.57	61.85	55.15	86.37	94.41	32.0	45.28	93.13	84.15	0.0	29.15	87.09	92.57	72.03	97.14	94.34	88.28	18.68	74.41	88.02	79.83	98.41	20.62	106.15	67.12	66.29	59.48	41.15	61.72
15	88.14	79.62	62.65	96.88	19.21	56.82	35.85	26.02	96.38	72.25	4.24	58.82	101.84	82.0	29.15	0.0	58.42	86.83	43.01	94.13	85.62	97.86	31.89	62.3	94.92	52.92	79.81	33.24	89.59	74.33	58.55	34.41	41.48	46.62
16	75.96	82.49	55.57	99.73	73.17	21.54	29.15	32.98	125.5	41.19	55.15	100.72	128.0	94.81	87.09	58.42	0.0	91.42	16.16	101.87	84.53	126.06	83.19	64.4	119.5	15.81	56.72	83.55	68.59	104.2	71.42	32.7	76.49	53.81
17	25.71	8.94	35.85	10.05	78.77	70.18	70.6	88.12	49.09	56.64	83.49	59.67	47.07	12.65	92.57	86.83	91.42	0.0	90.48	10.63	9.49	48.26	74.3	28.16	39.32	75.66	43.57	72.56	38.6	40.31	28.28	67.91	51.43	43.42
18	79.23	81.6	55.54	99.62	59.03	26.93	20.81	17.12	118.93	48.27	40.05	90.21	122.29	91.71	72.03	43.01	16.16	90.48	0.0	100.46	84.9	119.75	69.92	62.39	114.02	19.92	62.29	70.52	74.24	96.88	66.89	24.21	66.61	48.88
19	34.93	19.42	46.32	8.25	84.4	80.71	80.32	97.29	42.3	67.21	91.02	60.31	39.05	13.0	97.14	94.13	101.87	10.63	100.46	0.0	19.42	41.11	78.55	38.08	32.14	86.09	53.82	76.69	47.93	38.42	36.12	77.49	56.32	52.63
20	16.28	7.07	29.41	15.26	79.61	63.06	65.76	84.15	58.31	48.1	82.0	65.19	56.52	21.02	94.34	85.62	84.53	9.49	84.9	19.42	0.0	57.56	76.61	24.02	48.66	68.94	34.41	75.0	29.12	47.8	28.18	63.39	53.6	40.11
21	73.82	53.6	75.18	49.25	81.74	107.2	99.09	110.94	2.24	99.74	96.25	43.05	5.39	37.11	88.28	97.86	126.06	48.26	119.75	41.11	57.56	0.0	71.02	64.5	9.0	110.75	89.49	69.05	86.49	23.71	55.0	95.59	56.8	72.25
22	84.86	69.63	63.81	83.63	12.73	74.24	55.08	54.63	69.23	82.54	32.45	28.79	75.66	65.55	18.68	31.89	83.19	74.3	69.92	78.55	76.61	71.02	0.0	58.14	70.06	73.01	84.22	2.0	90.8	49.01	48.92	52.01	23.02	47.41
23	27.02	19.42	10.77	37.66	58.6	43.86	42.45	60.3	64.41	35.74	58.52	55.11	65.46	30.48	74.41	62.3	64.4	28.16	62.39	38.08	24.02	64.5	58.14	0.0	56.86	48.6	29.27	56.85	33.12	46.32	12.04	39.81	36.36	16.12
24	64.94	44.92	67.42	40.31	79.91	100.12	93.24	106.17	10.2	91.71	92.97	43.57	8.6	28.46	88.02	94.92	119.5	39.32	114.02	32.14	48.66	9.0	70.06	56.86	0.0	104.0	80.99	68.07	77.67	21.1	48.1	89.81	53.45	65.8
25	61.19	66.73	39.82	84.1	64.5	7.07	18.11	31.14	110.26	28.44	49.04	87.6	112.54	79.03	79.83	52.92	15.81	75.66	19.92	86.09	68.94	110.75	73.01	48.6	104.0	0.0	43.0	73.06	55.0	89.31	55.9	21.0	63.25	38.6
26	20.81	36.25	20.62	48.84	81.84	36.01	48.47	68.01	89.84	15.81	75.6	84.34	89.32	52.55	98.41	79.81	56.72	43.57	62.29	53.82	34.41	89.49	84.22	29.27	80.99	43.0	0.0	83.24	12.0	74.33	41.3	47.85	64.26	36.89
27	83.49	68.01	62.77	81.84	14.21	74.11	55.23	55.46	67.27	81.91	33.6	26.93	73.68	63.69	20.62	33.24	83.55	72.56	70.52	76.69	75.0	69.05	2.0	56.85	68.07	73.06	83.24	0.0	89.63	47.01	47.42	52.09	21.4	46.52
28	13.0	33.14	27.59	41.68	89.81	48.01	59.77	79.4	87.13	27.46	85.44	87.28	85.62	49.5	106.15	89.59	68.59	38.6	74.24	47.93	29.12	86.49	90.8	33.12	77.67	55.0	12.0	89.63	0.0	74.17	44.38	58.87	69.46	44.55
29	62.8	41.77	57.01	46.04	58.86	86.45	76.42	87.42	22.47	82.01	72.62	23.77	27.51	27.73	67.12	74.33	104.2	40.31	96.88	38.42	47.8	23.71	49.01	46.32	21.1	89.31	74.33	47.01	74.17	0.0	35.11	72.86	33.11	50.77
30	36.4	21.54	22.2	38.33	51.43	52.2	46.14	61.68	54.64	47.07	55.23	43.17	56.64	25.3	66.29	58.55	71.42	28.28	66.89	36.12	28.18	55.0	48.92	12.04	48.1	55.9	41.3	47.42	44.38	35.11	0.0	42.94	26.17	18.03
31	60.67	59.23	35.06	77.47	43.74	23.09	3.61	21.1	94.79	38.21	30.23	68.03	98.08	68.03	59.48	34.41	32.7	67.91	24.21	77.49	63.39	95.59	52.01	39.81	89.81	21.0	47.85	52.09	58.87	72.86	42.94	0.0	43.83	25.08
32	62.48	46.62	43.66	60.93	28.28	62.37	47.41	55.23	55.47	65.49	39.56	24.35	60.54	43.42	41.15	41.48	76.49	51.43	66.61	56.32	53.6	56.8	23.02	36.36	53.45	63.25	64.26	21.4	69.46	33.11	26.17	43.83	0.0	29.15
33	41.59	35.06	16.97	53.24	45.28	35.78	28.18	44.72	71.7	36.35	42.72	52.24	74.25	42.95	61.72	46.62	53.81	43.42	48.88	52.63	40.11	72.25	47.41	16.12	65.8	38.6	36.89	46.52	44.55	50.77	18.03	25.08	29.15	0.0
;
