vehicles
vehicle_idx, capacity, cost_per_unit_distance
1,100,1
2,100,1
3,100,1
4,100,1
depot
node_idx,x,y
0,82,76
home delivery customers
node_idx,x,y,service_time,demand
1,19,32,10,1
2,93,3,10,24
3,96,44,10,19
4,50,5,10,21
5,23,15,10,15
6,20,70,10,2
7,29,89,10,7
8,49,8,10,6
self pickup customers
node_idx,x,y,service_time,demand,locker_idxs
9,85,60,10,14,25
10,61,62,10,24,30-29
11,9,97,10,24,24
12,98,52,10,21,23
13,1,65,10,22,24
14,61,59,10,3,28-29-30
flexible customers
node_idx,x,y,service_time,demand,locker_idxs
15,5,10,10,14,22
16,14,24,10,6,22
17,91,2,10,19,23-26
18,58,30,10,12,27-26
19,80,55,10,2,28
20,98,14,10,12,23-26
lockers
node_idx,x,y,service_time,capacity,cost_per_unit_good
21,65,88,10,89
22,25,15,10,78
23,93,12,10,100
24,22,88,10,73
25,77,88,10,89
26,72,14,10,82
27,53,32,10,99
28,55,57,10,78
29,42,45,10,99
30,47,59,10,87
mrt lines
start_node_idx,end_node_idx,freight_capacity,cost_per_unit_good
21,22,89,0.5
22,21,89,0.5
23,24,100,0.5
24,23,100,0.5
25,26,89,0.5
26,25,89,0.5
distance matrix
,0,1,2,3,4,5,6,7,8,9,10,11,12,13,14,15,16,17,18,19,20,21,22,23,24,25,26,27,28,29,30,
0,0.0,76.84,73.82,34.93,77.88,84.86,62.29,54.57,75.58,16.28,25.24,75.96,28.84,81.74,27.02,101.41,85.6,74.55,51.88,21.1,64.03,20.81,83.49,64.94,61.19,13.0,62.8,52.7,33.02,50.61,38.91
1,76.84,0.0,79.48,77.93,41.11,17.46,38.01,57.87,38.42,71.69,51.61,65.76,81.49,37.59,49.93,26.08,9.43,78.0,39.05,65.19,81.02,72.47,18.03,76.66,56.08,80.62,55.97,34.0,43.83,26.42,38.9
2,73.82,79.48,0.0,41.11,43.05,71.02,99.09,107.2,44.28,57.56,67.12,126.06,49.25,110.94,64.5,88.28,81.74,2.24,44.2,53.6,12.08,89.49,69.05,9.0,110.75,86.49,23.71,49.41,66.03,66.07,72.47
3,34.93,77.93,41.11,0.0,60.31,78.55,80.32,80.71,59.2,19.42,39.36,101.87,8.25,97.29,38.08,97.14,84.4,42.3,40.5,19.42,30.07,53.82,76.69,32.14,86.09,47.93,38.42,44.64,43.01,54.01,51.24
4,77.88,41.11,43.05,60.31,0.0,28.79,71.59,86.59,3.16,65.19,58.05,100.72,67.18,77.47,55.11,45.28,40.71,41.11,26.25,58.31,48.84,84.34,26.93,43.57,87.6,87.28,23.77,27.17,52.24,40.79,54.08
5,84.86,17.46,71.02,78.55,28.79,0.0,55.08,74.24,26.93,76.61,60.44,83.19,83.63,54.63,58.14,18.68,12.73,69.23,38.08,69.63,75.01,84.22,2.0,70.06,73.01,90.8,49.01,34.48,52.8,35.51,50.12
6,62.29,38.01,99.09,80.32,71.59,55.08,0.0,21.02,68.45,65.76,41.77,29.15,80.05,19.65,42.45,61.85,46.39,98.31,55.17,61.85,96.02,48.47,55.23,93.24,18.11,59.77,76.42,50.33,37.34,33.3,29.15
7,54.57,57.87,107.2,80.71,86.59,74.24,21.02,0.0,83.43,63.06,41.87,21.54,78.29,36.88,43.86,82.57,66.71,106.83,65.74,61.29,101.91,36.01,74.11,100.12,7.07,48.01,86.45,61.85,41.23,45.88,34.99
8,75.58,38.42,44.28,59.2,3.16,26.93,68.45,83.43,0.0,63.25,55.32,97.58,65.86,74.52,52.39,44.05,38.48,42.43,23.77,56.3,49.37,81.58,25.0,44.18,84.43,84.76,23.77,24.33,49.37,37.66,51.04
9,16.28,71.69,57.56,19.42,65.19,76.61,65.76,63.06,63.25,0.0,24.08,84.53,15.26,84.15,24.02,94.34,79.61,58.31,40.36,7.07,47.8,34.41,75.0,48.66,68.94,29.12,47.8,42.52,30.15,45.54,38.01
10,25.24,51.61,67.12,39.36,58.05,60.44,41.77,41.87,55.32,24.08,0.0,62.68,38.33,60.07,3.0,76.42,60.44,67.08,32.14,20.25,60.61,26.31,59.2,59.36,46.87,30.53,49.24,31.05,7.81,25.5,14.32
11,75.96,65.76,126.06,101.87,100.72,83.19,29.15,21.54,97.58,84.53,62.68,0.0,99.73,32.98,64.4,87.09,73.17,125.5,83.01,82.49,121.7,56.72,83.55,119.5,15.81,68.59,104.2,78.49,60.96,61.59,53.74
12,28.84,81.49,49.25,8.25,67.18,83.63,80.05,78.29,65.86,15.26,38.33,99.73,0.0,97.87,37.66,102.04,88.54,50.49,45.65,18.25,38.0,48.84,81.84,40.31,84.1,41.68,46.04,49.24,43.29,56.44,51.48
13,81.74,37.59,110.94,97.29,77.47,54.63,19.65,36.88,74.52,84.15,60.07,32.98,97.87,0.0,60.3,55.15,43.01,109.86,66.89,79.63,109.59,68.01,55.46,106.17,31.14,79.4,87.42,61.59,54.59,45.62,46.39
14,27.02,49.93,64.5,38.08,55.11,58.14,42.45,43.86,52.39,24.02,3.0,64.4,37.66,60.3,0.0,74.41,58.6,64.41,29.15,19.42,58.26,29.27,56.85,56.86,48.6,33.12,46.32,28.16,6.32,23.6,14.0
15,101.41,26.08,88.28,97.14,45.28,18.68,61.85,82.57,44.05,94.34,76.42,87.09,102.04,55.15,74.41,0.0,16.64,86.37,56.65,87.46,93.09,98.41,20.62,88.02,79.83,106.15,67.12,52.8,68.62,50.93,64.54
16,85.6,9.43,81.74,84.4,40.71,12.73,46.39,66.71,38.48,79.61,60.44,73.17,88.54,43.01,58.6,16.64,0.0,80.08,44.41,72.92,84.59,81.84,14.21,79.91,64.5,89.81,58.86,39.81,52.63,35.0,48.1
17,74.55,78.0,2.24,42.3,41.11,69.23,98.31,106.83,42.43,58.31,67.08,125.5,50.49,109.86,64.41,86.37,80.08,0.0,43.28,54.13,13.89,89.84,67.27,10.2,110.26,87.13,22.47,48.41,65.73,65.19,72.01
18,51.88,39.05,44.2,40.5,26.25,38.08,55.17,65.74,23.77,40.36,32.14,83.01,45.65,66.89,29.15,56.65,44.41,43.28,0.0,33.3,43.08,58.42,36.25,39.36,68.26,61.03,21.26,5.39,27.17,21.93,31.02
19,21.1,65.19,53.6,19.42,58.31,69.63,61.85,61.29,56.3,7.07,20.25,82.49,18.25,79.63,19.42,87.46,72.92,54.13,33.3,0.0,44.78,36.25,68.01,44.92,66.73,33.14,41.77,35.47,25.08,39.29,33.24
20,64.03,81.02,12.08,30.07,48.84,75.01,96.02,101.91,49.37,47.8,60.61,121.7,38.0,109.59,58.26,93.09,84.59,13.89,43.08,44.78,0.0,81.02,73.01,5.39,106.08,76.92,26.0,48.47,60.81,64.01,68.01
21,20.81,72.47,89.49,53.82,84.34,84.22,48.47,36.01,81.58,34.41,26.31,56.72,48.84,68.01,29.27,98.41,81.84,89.84,58.42,36.25,81.02,0.0,83.24,80.99,43.0,12.0,74.33,57.27,32.57,48.76,34.13
22,83.49,18.03,69.05,76.69,26.93,2.0,55.23,74.11,25.0,75.0,59.2,83.55,81.84,55.46,56.85,20.62,14.21,67.27,36.25,68.01,73.01,83.24,0.0,68.07,73.06,89.63,47.01,32.76,51.61,34.48,49.19
23,64.94,76.66,9.0,32.14,43.57,70.06,93.24,100.12,44.18,48.66,59.36,119.5,40.31,106.17,56.86,88.02,79.91,10.2,39.36,44.92,5.39,80.99,68.07,0.0,104.0,77.67,21.1,44.72,58.9,60.75,65.76
24,61.19,56.08,110.75,86.09,87.6,73.01,18.11,7.07,84.43,68.94,46.87,15.81,84.1,31.14,48.6,79.83,64.5,110.26,68.26,66.73,106.08,43.0,73.06,104.0,0.0,55.0,89.31,64.01,45.28,47.42,38.29
25,13.0,80.62,86.49,47.93,87.28,90.8,59.77,48.01,84.76,29.12,30.53,68.59,41.68,79.4,33.12,106.15,89.81,87.13,61.03,33.14,76.92,12.0,89.63,77.67,55.0,0.0,74.17,60.93,38.01,55.44,41.73
26,62.8,55.97,23.71,38.42,23.77,49.01,76.42,86.45,23.77,47.8,49.24,104.2,46.04,87.42,46.32,67.12,58.86,22.47,21.26,41.77,26.0,74.33,47.01,21.1,89.31,74.17,0.0,26.17,46.24,43.14,51.48
27,52.7,34.0,49.41,44.64,27.17,34.48,50.33,61.85,24.33,42.52,31.05,78.49,49.24,61.59,28.16,52.8,39.81,48.41,5.39,35.47,48.47,57.27,32.76,44.72,64.01,60.93,26.17,0.0,25.08,17.03,27.66
28,33.02,43.83,66.03,43.01,52.24,52.8,37.34,41.23,49.37,30.15,7.81,60.96,43.29,54.59,6.32,68.62,52.63,65.73,27.17,25.08,60.81,32.57,51.61,58.9,45.28,38.01,46.24,25.08,0.0,17.69,8.25
29,50.61,26.42,66.07,54.01,40.79,35.51,33.3,45.88,37.66,45.54,25.5,61.59,56.44,45.62,23.6,50.93,35.0,65.19,21.93,39.29,64.01,48.76,34.48,60.75,47.42,55.44,43.14,17.03,17.69,0.0,14.87
30,38.91,38.9,72.47,51.24,54.08,50.12,29.15,34.99,51.04,38.01,14.32,53.74,51.48,46.39,14.0,64.54,48.1,72.01,31.02,33.24,68.01,34.13,49.19,65.76,38.29,41.73,51.48,27.66,8.25,14.87,0.0
