set K:= 1	2	3	4;
set C_H:= 1	2	3	4	5	6	7;
set C_S:= 8	9	10	11	12	13	14;
set C_F:= 15	16	17	18	19	20	21;
set M:= 0	1	2	3;
set L_B:= 4	5	28	29	30	31;
set A1:=
(0,*) 1 2 3 4 5 6 7 15 16 17 18 19 20 21 1 2 3 4 5 28 29 30 31
(1,*) 0 2 3 4 5 6 7 15 16 17 18 19 20 21 0 2 3 4 5 28 29 30 31
(2,*) 0 1 3 4 5 6 7 15 16 17 18 19 20 21 0 1 3 4 5 28 29 30 31
(3,*) 0 1 2 4 5 6 7 15 16 17 18 19 20 21 0 1 2 4 5 28 29 30 31
(4,*) 0 1 2 3 5 6 7 15 16 17 18 19 20 21 0 1 2 3 5 28 29 30 31
(5,*) 0 1 2 3 4 6 7 15 16 17 18 19 20 21 0 1 2 3 4 28 29 30 31
(6,*) 0 1 2 3 4 5 7 15 16 17 18 19 20 21 0 1 2 3 4 5 28 29 30 31
(7,*) 0 1 2 3 4 5 6 15 16 17 18 19 20 21 0 1 2 3 4 5 28 29 30 31
(15,*) 0 1 2 3 4 5 6 7 16 17 18 19 20 21 0 1 2 3 4 5 28 29 30 31
(16,*) 0 1 2 3 4 5 6 7 15 17 18 19 20 21 0 1 2 3 4 5 28 29 30 31
(17,*) 0 1 2 3 4 5 6 7 15 16 18 19 20 21 0 1 2 3 4 5 28 29 30 31
(18,*) 0 1 2 3 4 5 6 7 15 16 17 19 20 21 0 1 2 3 4 5 28 29 30 31
(19,*) 0 1 2 3 4 5 6 7 15 16 17 18 20 21 0 1 2 3 4 5 28 29 30 31
(20,*) 0 1 2 3 4 5 6 7 15 16 17 18 19 21 0 1 2 3 4 5 28 29 30 31
(21,*) 0 1 2 3 4 5 6 7 15 16 17 18 19 20 0 1 2 3 4 5 28 29 30 31
(0,*) 1 2 3 4 5 6 7 15 16 17 18 19 20 21 1 2 3 4 5 28 29 30 31
(1,*) 0 2 3 4 5 6 7 15 16 17 18 19 20 21 0 2 3 4 5 28 29 30 31
(2,*) 0 1 3 4 5 6 7 15 16 17 18 19 20 21 0 1 3 4 5 28 29 30 31
(3,*) 0 1 2 4 5 6 7 15 16 17 18 19 20 21 0 1 2 4 5 28 29 30 31
(4,*) 0 1 2 3 5 6 7 15 16 17 18 19 20 21 0 1 2 3 5 28 29 30 31
(5,*) 0 1 2 3 4 6 7 15 16 17 18 19 20 21 0 1 2 3 4 28 29 30 31
(28,*) 0 1 2 3 4 5 6 7 15 16 17 18 19 20 21 0 1 2 3 4 5 29 30 31
(29,*) 0 1 2 3 4 5 6 7 15 16 17 18 19 20 21 0 1 2 3 4 5 28 30 31
(30,*) 0 1 2 3 4 5 6 7 15 16 17 18 19 20 21 0 1 2 3 4 5 28 29 31
(31,*) 0 1 2 3 4 5 6 7 15 16 17 18 19 20 21 0 1 2 3 4 5 28 29 30
;
set A2:=
(0,*) 1
(1,*) 0
(2,*) 3
(3,*) 2
;
param BigM:=99999;
param n:= 4;
param d:=
1	8
2	21
3	8
4	14
5	24
6	2
7	4
8	21
9	12
10	16
11	3
12	12
13	20
14	19
15	2
16	6
17	24
18	9
19	7
20	6
21	22
;
param Q:=100;
param w:=
[0,*] 1 0.5
[1,*] 0 0.5
[2,*] 3 0.5
[3,*] 2 0.5
;
param V:=
[0,*] 1 79
[1,*] 0 79
[2,*] 3 82
[3,*] 2 82
;
param e:
	0	1	2	3	4	5	28	29	30	31:=
8	0	0	0	0	0	0	0	0	0	0	
9	0	0	0	0	0	0	0	0	0	0	
10	0	0	0	0	0	0	0	0	0	0	
11	0	0	0	0	0	0	0	0	0	0	
12	0	0	0	0	0	0	0	0	0	0	
13	0	0	0	0	0	0	0	0	0	0	
14	0	0	0	0	0	0	0	0	0	0	
15	0	0	0	0	0	0	0	0	0	0	
16	0	0	0	0	0	0	0	0	0	0	
17	0	0	0	0	0	0	0	0	0	0	
18	0	0	0	0	0	0	0	0	0	0	
19	0	0	0	0	0	0	0	0	0	0	
20	0	0	0	0	0	0	0	0	0	0	
21	0	0	0	0	0	0	0	0	0	0	
;
param p:=
1	3
2	3
3	3
4	3
;
param G:=
0	79
1	73
2	82
3	72
4	89
5	79
28	86
29	82
30	92
31	89
;
param s:=
0	0
1	15
2	15
3	15
4	15
5	15
6	15
7	15
15	15
16	15
17	15
18	15
19	15
20	15
21	15
0	10
1	10
2	10
3	10
4	10
5	10
28	10
29	10
30	10
31	10
;
param t:
	0	1	2	3	4	5	6	7	8	9	10	11	12	13	14	15	16	17	18	19	20	21	22	23	24	25	26	27	28	29	30	31:=
0	0.0	36.24	28.84	79.23	16.28	25.24	62.29	84.17	77.88	51.88	51.04	27.02	64.03	25.96	97.58	21.1	75.58	73.82	72.78	54.57	85.6	81.74	64.94	61.19	20.81	83.49	13.0	62.8	43.19	22.8	58.25	49.77
1	36.24	0.0	63.13	48.27	48.1	32.89	37.8	68.01	88.0	63.51	76.03	35.74	92.44	25.0	93.62	48.41	85.01	99.74	100.24	21.38	77.83	56.44	91.71	28.44	15.81	81.91	27.46	82.01	46.0	14.32	52.5	38.63
2	28.84	63.13	0.0	99.62	15.26	38.33	80.05	93.54	67.18	45.65	30.41	37.66	38.0	44.38	96.18	18.25	65.86	49.25	47.0	78.29	88.54	97.87	40.31	84.1	48.84	81.84	41.68	46.04	48.26	50.99	64.63	62.2
3	79.23	48.27	99.62	0.0	84.9	61.35	20.81	40.05	90.21	75.69	99.05	62.39	116.83	55.54	75.66	81.6	87.13	119.75	122.29	26.93	59.03	17.12	114.02	19.92	62.29	70.52	74.24	96.88	58.6	61.52	49.82	41.4
4	16.28	48.1	15.26	84.9	0.0	24.08	65.76	82.0	65.19	40.36	35.01	24.02	47.8	29.41	89.4	7.07	63.25	57.56	56.52	63.06	79.61	84.15	48.66	68.94	34.41	75.0	29.12	47.8	37.34	36.62	53.76	49.09
5	25.24	32.89	38.33	61.35	24.08	0.0	41.77	59.46	58.05	32.14	43.57	3.0	60.61	8.06	73.0	20.25	55.32	67.12	67.96	41.87	60.44	60.07	59.36	46.87	26.31	59.2	30.53	49.24	18.6	28.16	33.02	25.5
6	62.29	37.8	80.05	20.81	65.76	41.77	0.0	31.76	71.59	55.17	78.24	42.45	96.02	37.01	63.39	61.85	68.45	99.09	101.53	21.02	46.39	19.65	93.24	18.11	48.47	55.23	59.77	76.42	37.8	48.33	30.41	20.62
7	84.17	68.01	93.54	40.05	82.0	59.46	31.76	0.0	58.26	54.34	80.81	58.52	97.12	58.59	35.9	76.12	55.61	96.25	100.09	52.77	20.12	23.35	92.97	49.04	75.6	33.6	85.44	72.62	45.28	76.06	29.02	34.44
8	77.88	88.0	67.18	90.21	65.19	58.05	71.59	58.26	0.0	26.25	39.45	55.11	48.84	64.38	37.05	58.31	3.16	43.05	48.0	86.59	40.71	77.47	43.57	87.6	84.34	26.93	87.28	23.77	42.0	86.15	41.23	53.85
9	51.88	63.51	45.65	75.69	40.36	32.14	55.17	54.34	26.25	0.0	26.48	29.15	43.08	39.01	50.54	33.3	23.77	44.2	47.17	65.74	44.41	66.89	39.36	68.26	58.42	36.25	61.03	21.26	18.79	60.3	27.29	34.83
10	51.04	76.03	30.41	99.05	35.01	43.57	78.24	80.81	39.45	26.48	0.0	41.05	17.8	51.62	73.25	30.27	38.91	23.77	24.41	84.39	70.01	92.14	15.81	88.39	65.8	59.84	63.39	16.28	40.5	68.01	53.14	57.69
11	27.02	35.74	37.66	62.39	24.02	3.0	42.45	58.52	55.11	29.15	41.05	0.0	58.26	10.77	70.77	19.42	52.39	64.5	65.46	43.86	58.6	60.3	56.86	48.6	29.27	56.85	33.12	46.32	16.28	31.14	31.38	25.08
12	64.03	92.44	38.0	116.83	47.8	60.61	96.02	97.12	48.84	43.08	17.8	58.26	0.0	68.6	85.29	44.78	49.37	12.08	9.0	101.91	84.59	109.59	5.39	106.08	81.02	73.01	76.92	26.0	58.25	83.26	70.26	75.45
13	25.96	25.0	44.38	55.54	29.41	8.06	37.01	58.59	64.38	39.01	51.62	10.77	68.6	0.0	76.03	26.93	61.52	75.18	76.01	34.41	62.24	56.14	67.42	39.82	20.62	62.77	27.59	57.01	23.09	22.14	34.71	24.19
14	97.58	93.62	96.18	75.66	89.4	73.0	63.39	35.9	37.05	50.54	73.25	70.77	85.29	76.03	0.0	82.42	36.01	80.1	85.02	83.55	17.03	59.23	80.16	81.5	96.25	14.42	103.23	59.41	54.49	97.42	41.68	55.04
15	21.1	48.41	18.25	81.6	7.07	20.25	61.85	76.12	58.31	33.3	30.27	19.42	44.78	26.93	82.42	0.0	56.3	53.6	53.14	61.29	72.92	79.63	44.92	66.73	36.25	68.01	33.14	41.77	31.05	38.48	47.54	44.05
16	75.58	85.01	65.86	87.13	63.25	55.32	68.45	55.61	3.16	23.77	38.91	52.39	49.37	61.52	36.01	56.3	0.0	44.28	49.09	83.43	38.48	74.52	44.18	84.43	81.58	25.0	84.76	23.77	39.01	83.36	38.08	50.7
17	73.82	99.74	49.25	119.75	57.56	67.12	99.09	96.25	43.05	44.2	23.77	64.5	12.08	75.18	80.1	53.6	44.28	0.0	5.39	107.2	81.74	110.94	9.0	110.75	89.49	69.05	86.49	23.71	61.52	91.71	71.28	78.52
18	72.78	100.24	47.0	122.29	56.52	67.96	101.53	100.09	48.0	47.17	24.41	65.46	9.0	76.01	85.02	53.14	49.09	5.39	0.0	108.71	86.12	114.06	8.6	112.54	89.32	73.68	85.62	27.51	63.78	91.55	74.43	80.92
19	54.57	21.38	78.29	26.93	63.06	41.87	21.02	52.77	86.59	65.74	84.39	43.86	101.91	34.41	83.55	61.29	83.43	107.2	108.71	0.0	66.71	36.88	100.12	7.07	36.01	74.11	48.01	86.45	46.96	35.01	46.27	32.76
20	85.6	77.83	88.54	59.03	79.61	60.44	46.39	20.12	40.71	44.41	70.01	58.6	84.59	62.24	17.03	72.92	38.48	81.74	86.12	66.71	0.0	43.01	79.91	64.5	81.84	14.21	89.81	58.86	42.72	82.8	27.59	39.66
21	81.74	56.44	97.87	17.12	84.15	60.07	19.65	23.35	77.47	66.89	92.14	60.3	109.59	56.14	59.23	79.63	74.52	110.94	114.06	36.88	43.01	0.0	106.17	31.14	68.01	55.46	79.4	87.42	52.2	67.78	39.66	35.9
22	64.94	91.71	40.31	114.02	48.66	59.36	93.24	92.97	43.57	39.36	15.81	56.86	5.39	67.42	80.16	44.92	44.18	9.0	8.6	100.12	79.91	106.17	0.0	104.0	80.99	68.07	77.67	21.1	55.44	83.22	66.65	72.62
23	61.19	28.44	84.1	19.92	68.94	46.87	18.11	49.04	87.6	68.26	88.39	48.6	106.08	39.82	81.5	66.73	84.43	110.75	112.54	7.07	64.5	31.14	104.0	0.0	43.0	73.06	55.0	89.31	49.65	42.05	46.57	34.01
24	20.81	15.81	48.84	62.29	34.41	26.31	48.47	75.6	84.34	58.42	65.8	29.27	81.02	20.62	96.25	36.25	81.58	89.49	89.32	36.01	81.84	68.01	80.99	43.0	0.0	83.24	12.0	74.33	43.66	2.24	54.64	42.45
25	83.49	81.91	81.84	70.52	75.0	59.2	55.23	33.6	26.93	36.25	59.84	56.85	73.01	62.77	14.42	68.01	25.0	69.05	73.68	74.11	14.21	55.46	68.07	73.06	83.24	0.0	89.63	47.01	40.61	84.53	29.41	43.42
26	13.0	27.46	41.68	74.24	29.12	30.53	59.77	85.44	87.28	61.03	63.39	33.12	76.92	27.59	103.23	33.14	84.76	86.49	85.62	48.01	89.81	79.4	77.67	55.0	12.0	89.63	0.0	74.17	49.09	13.15	62.24	51.4
27	62.8	82.01	46.04	96.88	47.8	49.24	76.42	72.62	23.77	21.26	16.28	46.32	26.0	57.01	59.41	41.77	23.77	23.71	27.51	86.45	58.86	87.42	21.1	89.31	74.33	47.01	74.17	0.0	39.66	76.42	47.8	56.08
28	43.19	46.0	48.26	58.6	37.34	18.6	37.8	45.28	42.0	18.79	40.5	16.28	58.25	23.09	54.49	31.05	39.01	61.52	63.78	46.96	42.72	52.2	55.44	49.65	43.66	40.61	49.09	39.66	0.0	45.22	16.49	17.2
29	22.8	14.32	50.99	61.52	36.62	28.16	48.33	76.06	86.15	60.3	68.01	31.14	83.26	22.14	97.42	38.48	83.36	91.71	91.55	35.01	82.8	67.78	83.22	42.05	2.24	84.53	13.15	76.42	45.22	0.0	55.76	43.28
30	58.25	52.5	64.63	49.82	53.76	33.02	30.41	29.02	41.23	27.29	53.14	31.38	70.26	34.71	41.68	47.54	38.08	71.28	74.43	46.27	27.59	39.66	66.65	46.57	54.64	29.41	62.24	47.8	16.49	55.76	0.0	14.14
31	49.77	38.63	62.2	41.4	49.09	25.5	20.62	34.44	53.85	34.83	57.69	25.08	75.45	24.19	55.04	44.05	50.7	78.52	80.92	32.76	39.66	35.9	72.62	34.01	42.45	43.42	51.4	56.08	17.2	43.28	14.14	0.0
;
