set K:= 1	2	3	4;
set C_H:= 1	2	3	4	5	6	7;
set C_S:= 8	9	10	11	12	13	14;
set C_F:= 15	16	17	18	19	20	21;
set M:= 22	23;
set L_B:= 24	25	26	27	28	29	30	31;
set A1:=
(0,*) 1 2 3 4 5 6 7 15 16 17 18 19 20 21 22 23 24 25 26 27 28 29 30 31
(1,*) 0 2 3 4 5 6 7 15 16 17 18 19 20 21 22 23 24 25 26 27 28 29 30 31
(2,*) 0 1 3 4 5 6 7 15 16 17 18 19 20 21 22 23 24 25 26 27 28 29 30 31
(3,*) 0 1 2 4 5 6 7 15 16 17 18 19 20 21 22 23 24 25 26 27 28 29 30 31
(4,*) 0 1 2 3 5 6 7 15 16 17 18 19 20 21 22 23 24 25 26 27 28 29 30 31
(5,*) 0 1 2 3 4 6 7 15 16 17 18 19 20 21 22 23 24 25 26 27 28 29 30 31
(6,*) 0 1 2 3 4 5 7 15 16 17 18 19 20 21 22 23 24 25 26 27 28 29 30 31
(7,*) 0 1 2 3 4 5 6 15 16 17 18 19 20 21 22 23 24 25 26 27 28 29 30 31
(15,*) 0 1 2 3 4 5 6 7 16 17 18 19 20 21 22 23 24 25 26 27 28 29 30 31
(16,*) 0 1 2 3 4 5 6 7 15 17 18 19 20 21 22 23 24 25 26 27 28 29 30 31
(17,*) 0 1 2 3 4 5 6 7 15 16 18 19 20 21 22 23 24 25 26 27 28 29 30 31
(18,*) 0 1 2 3 4 5 6 7 15 16 17 19 20 21 22 23 24 25 26 27 28 29 30 31
(19,*) 0 1 2 3 4 5 6 7 15 16 17 18 20 21 22 23 24 25 26 27 28 29 30 31
(20,*) 0 1 2 3 4 5 6 7 15 16 17 18 19 21 22 23 24 25 26 27 28 29 30 31
(21,*) 0 1 2 3 4 5 6 7 15 16 17 18 19 20 22 23 24 25 26 27 28 29 30 31
(22,*) 0 1 2 3 4 5 6 7 15 16 17 18 19 20 21 23 24 25 26 27 28 29 30 31
(23,*) 0 1 2 3 4 5 6 7 15 16 17 18 19 20 21 22 24 25 26 27 28 29 30 31
(24,*) 0 1 2 3 4 5 6 7 15 16 17 18 19 20 21 22 23 25 26 27 28 29 30 31
(25,*) 0 1 2 3 4 5 6 7 15 16 17 18 19 20 21 22 23 24 26 27 28 29 30 31
(26,*) 0 1 2 3 4 5 6 7 15 16 17 18 19 20 21 22 23 24 25 27 28 29 30 31
(27,*) 0 1 2 3 4 5 6 7 15 16 17 18 19 20 21 22 23 24 25 26 28 29 30 31
(28,*) 0 1 2 3 4 5 6 7 15 16 17 18 19 20 21 22 23 24 25 26 27 29 30 31
(29,*) 0 1 2 3 4 5 6 7 15 16 17 18 19 20 21 22 23 24 25 26 27 28 30 31
(30,*) 0 1 2 3 4 5 6 7 15 16 17 18 19 20 21 22 23 24 25 26 27 28 29 31
(31,*) 0 1 2 3 4 5 6 7 15 16 17 18 19 20 21 22 23 24 25 26 27 28 29 30
;
set A2:=
(22,*) 23
(23,*) 22
;
param BigM:=99999;
param n:= 4;
param d:=
1	24
2	8
3	16
4	19
5	19
6	18
7	1
8	8
9	8
10	21
11	4
12	15
13	21
14	16
15	6
16	2
17	7
18	20
19	12
20	6
21	12
;
param Q:=100;
param w:=
[22,*] 23 0.5
[23,*] 22 0.5
;
param V:=
[22,*] 23 93
[23,*] 22 93
;
param e:
	22	23	24	25	26	27	28	29	30	31:=
8	0	0	0	1	0	0	0	0	0	0	
9	0	0	0	1	0	0	0	0	0	0	
10	1	0	0	0	0	0	0	0	0	0	
11	0	1	0	0	0	0	0	0	0	0	
12	1	0	0	0	0	0	0	0	0	0	
13	1	0	0	0	0	0	0	0	0	0	
14	0	1	0	0	0	0	0	0	0	0	
15	0	1	0	0	0	0	0	0	0	0	
16	0	1	0	1	0	0	0	0	0	0	
17	0	0	0	1	0	0	0	0	0	0	
18	1	0	1	1	0	0	0	0	0	0	
19	1	0	1	0	0	0	0	0	0	0	
20	1	0	0	0	0	0	0	0	0	0	
21	1	0	0	0	0	0	0	0	0	0	
;
param p:=
1	3
2	3
3	3
4	3
;
param G:=
22	85
23	93
24	76
25	82
26	91
27	98
28	70
29	76
30	89
31	89
;
param s:=
0	0
1	15
2	15
3	15
4	15
5	15
6	15
7	15
15	15
16	15
17	15
18	15
19	15
20	15
21	15
22	10
23	10
24	10
25	10
26	10
27	10
28	10
29	10
30	10
31	10
;
param t:
	0	1	2	3	4	5	6	7	8	9	10	11	12	13	14	15	16	17	18	19	20	21	22	23	24	25	26	27	28	29	30	31:=
0	0.0	75.96	36.24	51.04	34.93	74.55	25.71	76.84	79.23	78.03	77.88	84.17	84.86	28.84	37.05	85.6	62.29	54.57	25.96	51.88	75.58	64.03	64.94	61.19	20.81	83.49	13.0	62.8	36.07	64.4	45.34	41.23
1	75.96	0.0	41.19	103.97	101.87	125.5	91.42	65.76	16.16	93.98	100.72	55.15	83.19	99.73	94.81	73.17	29.15	21.54	55.57	83.01	97.58	121.7	119.5	15.81	56.72	83.55	68.59	104.2	65.76	51.24	64.2	45.28
2	36.24	41.19	0.0	76.03	67.21	99.81	56.64	68.43	48.27	84.38	88.0	68.01	82.54	63.13	63.81	77.83	37.8	21.38	25.0	63.51	85.01	92.44	91.71	28.44	15.81	81.91	27.46	82.01	42.43	51.97	47.04	28.16
3	51.04	103.97	76.03	0.0	22.47	24.04	26.31	65.38	99.05	44.94	39.45	80.81	61.81	30.41	14.0	70.01	78.24	84.39	51.62	26.48	38.91	17.8	15.81	88.39	65.8	59.84	63.39	16.28	38.21	64.26	41.68	58.69
4	34.93	101.87	67.21	22.47	0.0	42.3	10.63	77.93	100.46	64.35	60.31	91.02	78.55	8.25	13.0	84.4	80.32	80.71	46.32	40.5	59.2	30.07	32.14	86.09	53.82	76.69	47.93	38.42	40.61	72.11	48.04	58.31
5	74.55	125.5	99.81	24.04	42.3	0.0	49.09	78.0	118.93	49.5	41.11	94.85	69.23	50.49	37.66	80.08	98.31	106.83	75.13	43.28	42.43	13.89	10.2	110.26	89.84	67.27	87.13	22.47	60.22	81.27	61.52	80.6
6	25.71	91.42	56.64	26.31	10.63	49.09	0.0	71.57	90.48	62.29	59.67	83.49	74.3	10.05	12.65	78.77	70.6	70.18	35.85	36.62	58.05	38.33	39.32	75.66	43.57	72.56	38.6	40.31	32.0	64.07	40.31	48.38
7	76.84	65.76	68.43	65.38	77.93	78.0	71.57	0.0	52.5	32.53	41.11	17.2	17.46	81.49	65.38	9.43	38.01	57.87	53.04	39.05	38.42	81.02	76.66	56.08	72.47	18.03	80.62	55.97	41.59	16.76	32.2	41.05
8	79.23	16.16	48.27	99.05	100.46	118.93	90.48	52.5	0.0	82.76	90.21	40.05	69.92	99.62	91.71	59.03	20.81	26.93	55.54	75.69	87.13	116.83	114.02	19.92	62.29	70.52	74.24	96.88	61.4	39.96	57.63	42.15
9	78.03	93.98	84.38	44.94	64.35	49.5	62.29	32.53	82.76	0.0	8.94	49.58	19.92	70.6	51.61	31.76	64.85	81.05	61.85	26.4	7.07	56.22	51.09	81.49	82.28	18.03	86.41	30.41	44.27	42.95	37.48	57.0
10	77.88	100.72	88.0	39.45	60.31	41.11	59.67	41.11	90.21	8.94	0.0	58.26	28.79	67.18	48.08	40.71	71.59	86.59	64.38	26.25	3.16	48.84	43.57	87.6	84.34	26.93	87.28	23.77	46.39	50.25	41.05	61.52
11	84.17	55.15	68.01	80.81	91.02	94.85	83.49	17.2	40.05	49.58	58.26	0.0	32.45	93.54	79.06	20.12	31.76	52.77	58.59	54.34	55.61	97.12	92.97	49.04	75.6	33.6	85.44	72.62	51.79	19.92	43.19	44.1
12	84.86	83.19	82.54	61.81	78.55	69.23	74.3	17.46	69.92	19.92	28.79	32.45	0.0	83.63	65.55	12.73	55.08	74.24	63.81	38.08	26.93	75.01	70.06	73.01	84.22	2.0	90.8	49.01	48.84	33.02	39.82	54.42
13	28.84	99.73	63.13	30.41	8.25	50.49	10.05	81.49	99.62	70.6	67.18	93.54	83.63	0.0	19.1	88.54	80.05	78.29	44.38	45.65	65.86	38.0	40.31	84.1	48.84	81.84	41.68	46.04	42.01	74.11	50.36	57.72
14	37.05	94.81	63.81	14.0	13.0	37.66	12.65	65.38	91.71	51.61	48.08	79.06	65.55	19.1	0.0	71.59	71.11	74.33	40.36	27.51	46.75	28.65	28.46	79.03	52.55	63.69	49.5	27.73	30.46	60.67	36.67	49.93
15	85.6	73.17	77.83	70.01	84.4	80.08	78.77	9.43	59.03	31.76	40.71	20.12	12.73	88.54	71.59	0.0	46.39	66.71	62.24	44.41	38.48	84.59	79.91	64.5	81.84	14.21	89.81	58.86	49.93	26.0	40.5	50.48
16	62.29	29.15	37.8	78.24	80.32	98.31	70.6	38.01	20.81	64.85	71.59	31.76	55.08	80.05	71.11	46.39	0.0	21.02	37.01	55.17	68.45	96.02	93.24	18.11	48.47	55.23	59.77	76.42	40.71	22.36	36.88	22.36
17	54.57	21.54	21.38	84.39	80.71	106.83	70.18	57.87	26.93	81.05	86.59	52.77	74.24	78.29	74.33	66.71	21.02	0.0	34.41	65.74	83.43	101.91	100.12	7.07	36.01	74.11	48.01	86.45	46.62	41.3	47.01	26.42
18	25.96	55.57	25.0	51.62	46.32	75.13	35.85	53.04	55.54	61.85	64.38	58.59	63.81	44.38	40.36	62.24	37.01	34.41	0.0	39.01	61.52	68.6	67.42	39.82	20.62	62.77	27.59	57.01	18.03	39.12	24.7	15.3
19	51.88	83.01	63.51	26.48	40.5	43.28	36.62	39.05	75.69	26.4	26.25	54.34	38.08	45.65	27.51	44.41	55.17	65.74	39.01	0.0	23.77	43.08	39.36	68.26	58.42	36.25	61.03	21.26	21.1	38.47	18.87	39.4
20	75.58	97.58	85.01	38.91	59.2	42.43	58.05	38.42	87.13	7.07	3.16	55.61	26.93	65.86	46.75	38.48	68.45	83.43	61.52	23.77	0.0	49.37	44.18	84.43	81.58	25.0	84.76	23.77	43.57	47.17	38.01	58.42
21	64.03	121.7	92.44	17.8	30.07	13.89	38.33	81.02	116.83	56.22	48.84	97.12	75.01	38.0	28.65	84.59	96.02	101.91	68.6	43.08	49.37	0.0	5.39	106.08	81.02	73.01	76.92	26.0	55.97	81.44	59.36	76.42
22	64.94	119.5	91.71	15.81	32.14	10.2	39.32	76.66	114.02	51.09	43.57	92.97	70.06	40.31	28.46	79.91	93.24	100.12	67.42	39.36	44.18	5.39	0.0	104.0	80.99	68.07	77.67	21.1	53.76	77.83	56.4	74.28
23	61.19	15.81	28.44	88.39	86.09	110.26	75.66	56.08	19.92	81.49	87.6	49.04	73.01	84.1	79.03	64.5	18.11	7.07	39.82	68.26	84.43	106.08	104.0	0.0	43.0	73.06	55.0	89.31	50.25	40.05	49.4	29.73
24	20.81	56.72	15.81	65.8	53.82	89.84	43.57	72.47	62.29	82.28	84.34	75.6	84.22	48.84	52.55	81.84	48.47	36.01	20.62	58.42	81.58	81.02	80.99	43.0	0.0	83.24	12.0	74.33	38.08	57.28	45.31	31.83
25	83.49	83.55	81.91	59.84	76.69	67.27	72.56	18.03	70.52	18.03	26.93	33.6	2.0	81.84	63.69	14.21	55.23	74.11	62.77	36.25	25.0	73.01	68.07	73.06	83.24	0.0	89.63	47.01	47.51	33.02	38.6	53.76
26	13.0	68.59	27.46	63.39	47.93	87.13	38.6	80.62	74.24	86.41	87.28	85.44	90.8	41.68	49.5	89.81	59.77	48.01	27.59	61.03	84.76	76.92	77.67	55.0	12.0	89.63	0.0	74.17	42.54	66.4	51.04	41.34
27	62.8	104.2	82.01	16.28	38.42	22.47	40.31	55.97	96.88	30.41	23.77	72.62	49.01	46.04	27.73	58.86	76.42	86.45	57.01	21.26	23.77	26.0	21.1	89.31	74.33	47.01	74.17	0.0	40.31	58.82	40.0	60.03
28	36.07	65.76	42.43	38.21	40.61	60.22	32.0	41.59	61.4	44.27	46.39	51.79	48.84	42.01	30.46	49.93	40.71	46.62	18.03	21.1	43.57	55.97	53.76	50.25	38.08	47.51	42.54	40.31	0.0	32.14	9.43	20.52
29	64.4	51.24	51.97	64.26	72.11	81.27	64.07	16.76	39.96	42.95	50.25	19.92	33.02	74.11	60.67	26.0	22.36	41.3	39.12	38.47	47.17	81.44	77.83	40.05	57.28	33.02	66.4	58.82	32.14	0.0	24.08	25.46
30	45.34	64.2	47.04	41.68	48.04	61.52	40.31	32.2	57.63	37.48	41.05	43.19	39.82	50.36	36.67	40.5	36.88	47.01	24.7	18.87	38.01	59.36	56.4	49.4	45.31	38.6	51.04	40.0	9.43	24.08	0.0	20.88
31	41.23	45.28	28.16	58.69	58.31	80.6	48.38	41.05	42.15	57.0	61.52	44.1	54.42	57.72	49.93	50.48	22.36	26.42	15.3	39.4	58.42	76.42	74.28	29.73	31.83	53.76	41.34	60.03	20.52	25.46	20.88	0.0
;
