set K:= 1	2	3	4;
set C_H:= 1	2	3	4	5	6	7;
set C_S:= 8	9	10	11	12	13	14;
set C_F:= 15	16	17	18	19	20	21;
set M:= 22	23	24	25;
set L_B:= 26	27	28	29;
set A1:=
(0,*) 1 2 3 4 5 6 7 15 16 17 18 19 20 21 22 23 24 25 26 27 28 29
(1,*) 0 2 3 4 5 6 7 15 16 17 18 19 20 21 22 23 24 25 26 27 28 29
(2,*) 0 1 3 4 5 6 7 15 16 17 18 19 20 21 22 23 24 25 26 27 28 29
(3,*) 0 1 2 4 5 6 7 15 16 17 18 19 20 21 22 23 24 25 26 27 28 29
(4,*) 0 1 2 3 5 6 7 15 16 17 18 19 20 21 22 23 24 25 26 27 28 29
(5,*) 0 1 2 3 4 6 7 15 16 17 18 19 20 21 22 23 24 25 26 27 28 29
(6,*) 0 1 2 3 4 5 7 15 16 17 18 19 20 21 22 23 24 25 26 27 28 29
(7,*) 0 1 2 3 4 5 6 15 16 17 18 19 20 21 22 23 24 25 26 27 28 29
(15,*) 0 1 2 3 4 5 6 7 16 17 18 19 20 21 22 23 24 25 26 27 28 29
(16,*) 0 1 2 3 4 5 6 7 15 17 18 19 20 21 22 23 24 25 26 27 28 29
(17,*) 0 1 2 3 4 5 6 7 15 16 18 19 20 21 22 23 24 25 26 27 28 29
(18,*) 0 1 2 3 4 5 6 7 15 16 17 19 20 21 22 23 24 25 26 27 28 29
(19,*) 0 1 2 3 4 5 6 7 15 16 17 18 20 21 22 23 24 25 26 27 28 29
(20,*) 0 1 2 3 4 5 6 7 15 16 17 18 19 21 22 23 24 25 26 27 28 29
(21,*) 0 1 2 3 4 5 6 7 15 16 17 18 19 20 22 23 24 25 26 27 28 29
(22,*) 0 1 2 3 4 5 6 7 15 16 17 18 19 20 21 24 25 26 27 28 29
(23,*) 0 1 2 3 4 5 6 7 15 16 17 18 19 20 21 24 25 26 27 28 29
(24,*) 0 1 2 3 4 5 6 7 15 16 17 18 19 20 21 22 23 26 27 28 29
(25,*) 0 1 2 3 4 5 6 7 15 16 17 18 19 20 21 22 23 26 27 28 29
(26,*) 0 1 2 3 4 5 6 7 15 16 17 18 19 20 21 22 23 24 25 27 28 29
(27,*) 0 1 2 3 4 5 6 7 15 16 17 18 19 20 21 22 23 24 25 26 28 29
(28,*) 0 1 2 3 4 5 6 7 15 16 17 18 19 20 21 22 23 24 25 26 27 29
(29,*) 0 1 2 3 4 5 6 7 15 16 17 18 19 20 21 22 23 24 25 26 27 28
;
set A2:=
(22,*) 23
(23,*) 22
(24,*) 25
(25,*) 24
;
param BigM:=99999;
param n:= 4;
param d:=
1	14
2	16
3	12
4	24
5	6
6	4
7	19
8	20
9	7
10	8
11	19
12	24
13	24
14	19
15	2
16	15
17	21
18	16
19	14
20	21
21	2
;
param Q:=100;
param w:=
[22,*] 23 0.5
[23,*] 22 0.5
[24,*] 25 0.5
[25,*] 24 0.5
;
param V:=
[22,*] 23 82
[23,*] 22 82
[24,*] 25 87
[25,*] 24 87
;
param e:
	22	23	24	25	26	27	28	29:=
8	0	0	1	0	1	0	1	0	
9	0	1	1	0	0	0	1	0	
10	0	0	0	1	0	1	0	0	
11	1	0	0	0	0	0	1	0	
12	0	1	1	0	0	0	1	0	
13	1	0	0	1	0	0	1	0	
14	0	0	0	1	0	1	0	0	
15	0	0	1	0	0	1	0	1	
16	1	0	0	1	0	0	1	0	
17	1	0	1	0	1	0	0	0	
18	1	0	0	0	0	1	0	0	
19	0	0	0	1	0	1	0	0	
20	1	0	0	1	0	1	0	0	
21	0	1	0	0	0	0	1	0	
;
param p:=
1	3
2	3
3	3
4	3
;
param G:=
22	80
23	82
24	72
25	87
26	75
27	81
28	78
29	95
;
param s:=
0	0
1	10
2	10
3	10
4	10
5	10
6	10
7	10
15	10
16	10
17	10
18	10
19	10
20	10
21	10
22	10
23	10
24	10
25	10
26	10
27	10
28	10
29	10
;
param t:
	0	1	2	3	4	5	6	7	8	9	10	11	12	13	14	15	16	17	18	19	20	21	22	23	24	25	26	27	28	29:=
0	0.0	16.28	88.14	64.03	75.96	75.58	84.17	34.93	25.96	54.57	78.03	74.55	25.24	73.82	97.58	21.1	84.86	28.84	37.05	101.41	77.88	62.29	64.94	61.19	20.81	83.49	46.86	31.83	48.75	34.41
1	16.28	0.0	85.62	47.8	84.53	63.25	82.0	19.42	29.41	63.06	66.71	58.31	24.08	57.56	89.4	7.07	76.61	15.26	21.02	94.34	65.19	65.76	48.66	68.94	34.41	75.0	41.44	26.68	47.27	31.26
2	88.14	85.62	0.0	99.2	58.42	56.3	4.24	94.13	62.65	56.82	50.0	96.38	63.32	97.86	33.84	79.62	31.89	96.88	82.0	29.15	58.82	35.85	94.92	52.92	79.81	33.24	44.55	58.94	39.4	54.71
3	64.03	47.8	99.2	0.0	121.7	49.37	97.12	30.07	68.6	101.91	56.22	13.89	60.61	12.08	85.29	44.78	75.01	38.0	28.65	93.09	48.84	96.02	5.39	106.08	81.02	73.01	61.06	55.87	72.67	60.83
4	75.96	84.53	58.42	121.7	0.0	97.58	55.15	101.87	55.57	21.54	93.98	125.5	62.68	126.06	90.09	82.49	83.19	99.73	94.81	87.09	100.72	29.15	119.5	15.81	56.72	83.55	63.01	65.95	51.04	60.88
5	75.58	63.25	56.3	49.37	97.58	0.0	55.61	59.2	61.52	83.43	7.07	42.43	55.32	44.28	36.01	56.3	26.93	65.86	46.75	44.05	3.16	68.45	44.18	84.43	81.58	25.0	38.12	47.07	48.27	48.26
6	84.17	82.0	4.24	97.12	55.15	55.61	0.0	91.02	58.59	52.77	49.58	94.85	59.46	96.25	35.9	76.12	32.45	93.54	79.06	32.0	58.26	31.76	92.97	49.04	75.6	33.6	41.19	55.32	35.47	50.96
7	34.93	19.42	94.13	30.07	101.87	59.2	91.02	0.0	46.32	80.71	64.35	42.3	39.36	41.11	90.87	19.42	78.55	8.25	13.0	97.14	60.31	80.32	32.14	86.09	53.82	76.69	50.04	38.33	59.03	43.68
8	25.96	29.41	62.65	68.6	55.57	61.52	58.59	46.32	0.0	34.41	61.85	75.13	8.06	75.18	76.03	26.93	63.81	44.38	40.36	78.64	64.38	37.01	67.42	39.82	20.62	62.77	25.5	15.13	23.6	13.34
9	54.57	63.06	56.82	101.91	21.54	83.43	52.77	80.71	34.41	0.0	81.05	106.83	41.87	107.2	83.55	61.29	74.24	78.29	74.33	82.57	86.59	21.02	100.12	7.07	36.01	74.11	46.24	46.1	35.17	41.4
10	78.03	66.71	50.0	56.22	93.98	7.07	49.58	64.35	61.85	81.05	0.0	49.5	56.3	51.35	29.07	59.67	19.92	70.6	51.61	37.01	8.94	64.85	51.09	81.49	82.28	18.03	37.22	48.1	46.17	48.51
11	74.55	58.31	96.38	13.89	125.5	42.43	94.85	42.3	75.13	106.83	49.5	0.0	67.08	2.24	78.16	54.13	69.23	50.49	37.66	86.37	41.11	98.31	10.2	110.26	89.84	67.27	62.94	61.06	74.95	65.46
12	25.24	24.08	63.32	60.61	62.68	55.32	59.46	39.36	8.06	41.87	56.3	67.08	0.0	67.12	73.0	20.25	60.44	38.33	32.53	76.42	58.05	41.77	59.36	46.87	26.31	59.2	21.93	8.25	24.04	9.22
13	73.82	57.56	97.86	12.08	126.06	44.28	96.25	41.11	75.18	107.2	51.35	2.24	67.12	0.0	80.1	53.6	71.02	49.25	37.11	88.28	43.05	99.09	9.0	110.75	89.49	69.05	63.7	61.29	75.69	65.8
14	97.58	89.4	33.84	85.29	90.09	36.01	35.9	90.87	76.03	83.55	29.07	78.16	73.0	80.1	0.0	82.42	12.81	96.18	77.88	8.54	37.05	63.39	80.16	81.5	96.25	14.42	51.09	65.76	54.12	63.89
15	21.1	7.07	79.62	44.78	82.49	56.3	76.12	19.42	26.93	61.29	59.67	54.13	20.25	53.6	82.42	0.0	69.63	18.25	16.49	87.46	58.31	61.85	44.92	66.73	36.25	68.01	35.17	21.02	42.0	26.02
16	84.86	76.61	31.89	75.01	83.19	26.93	32.45	78.55	63.81	74.24	19.92	69.23	60.44	71.02	12.81	69.63	0.0	83.63	65.55	18.68	28.79	55.08	70.06	73.01	84.22	2.0	38.6	53.08	42.72	51.4
17	28.84	15.26	96.88	38.0	99.73	65.86	93.54	8.25	44.38	78.29	70.6	50.49	38.33	49.25	96.18	18.25	83.63	0.0	19.1	102.04	67.18	80.05	40.31	84.1	48.84	81.84	52.35	39.05	60.07	44.18
18	37.05	21.02	82.0	28.65	94.81	46.75	79.06	13.0	40.36	74.33	51.61	37.66	32.53	37.11	77.88	16.49	65.55	19.1	0.0	84.15	48.08	71.11	28.46	79.03	52.55	63.69	38.64	29.15	48.7	34.48
19	101.41	94.34	29.15	93.09	87.09	44.05	32.0	97.14	78.64	82.57	37.01	86.37	76.42	88.28	8.54	87.46	18.68	102.04	84.15	0.0	45.28	61.85	88.02	79.83	98.41	20.62	54.56	69.66	55.8	67.21
20	77.88	65.19	58.82	48.84	100.72	3.16	58.26	60.31	64.38	86.59	8.94	41.11	58.05	43.05	37.05	58.31	28.79	67.18	48.08	45.28	0.0	71.59	43.57	87.6	84.34	26.93	41.19	49.82	51.42	51.16
21	62.29	65.76	35.85	96.02	29.15	68.45	31.76	80.32	37.01	21.02	64.85	98.31	41.77	99.09	63.39	61.85	55.08	80.05	71.11	61.85	71.59	0.0	93.24	18.11	48.47	55.23	35.38	42.15	23.43	36.77
22	64.94	48.66	94.92	5.39	119.5	44.18	92.97	32.14	67.42	100.12	51.09	10.2	59.36	9.0	80.16	44.92	70.06	40.31	28.46	88.02	43.57	93.24	0.0	104.0	80.99	68.07	58.01	54.04	69.81	58.8
23	61.19	68.94	52.92	106.08	15.81	84.43	49.04	86.09	39.82	7.07	81.49	110.26	46.87	110.75	81.5	66.73	73.01	84.1	79.03	79.83	87.6	18.11	104.0	0.0	43.0	73.06	48.37	50.25	36.67	45.25
24	20.81	34.41	79.81	81.02	56.72	81.58	75.6	53.82	20.62	36.01	82.28	89.84	26.31	89.49	96.25	36.25	84.22	48.84	52.55	98.41	84.34	48.47	80.99	43.0	0.0	83.24	46.1	34.53	42.64	33.84
25	83.49	75.0	33.24	73.01	83.55	25.0	33.6	76.69	62.77	74.11	18.03	67.27	59.2	69.05	14.42	68.01	2.0	81.84	63.69	20.62	26.93	55.23	68.07	73.06	83.24	0.0	37.44	51.74	42.06	50.22
26	46.86	41.44	44.55	61.06	63.01	38.12	41.19	50.04	25.5	46.24	37.22	62.94	21.93	63.7	51.09	35.17	38.6	52.35	38.64	54.56	41.19	35.38	58.01	48.37	46.1	37.44	0.0	15.26	12.04	12.81
27	31.83	26.68	58.94	55.87	65.95	47.07	55.32	38.33	15.13	46.1	48.1	61.06	8.25	61.29	65.76	21.02	53.08	39.05	29.15	69.66	49.82	42.15	54.04	50.25	34.53	51.74	15.26	0.0	21.02	5.39
28	48.75	47.27	39.4	72.67	51.04	48.27	35.47	59.03	23.6	35.17	46.17	74.95	24.04	75.69	54.12	42.0	42.72	60.07	48.7	55.8	51.42	23.43	69.81	36.67	42.64	42.06	12.04	21.02	0.0	16.03
29	34.41	31.26	54.71	60.83	60.88	48.26	50.96	43.68	13.34	41.4	48.51	65.46	9.22	65.8	63.89	26.02	51.4	44.18	34.48	67.21	51.16	36.77	58.8	45.25	33.84	50.22	12.81	5.39	16.03	0.0
;
