set K:= 1	2	3	4;
set C_H:= 1	2	3	4	5	6	7;
set C_S:= 8	9	10	11	12	13	14;
set C_F:= 15	16	17	18	19	20	21;
set M:= 22	23	24	25	26	27;
set L_B:= 28	29	30	31;
set A1:=
(0,*) 1 2 3 4 5 6 7 15 16 17 18 19 20 21 22 23 24 25 26 27 28 29 30 31 32
(1,*) 0 2 3 4 5 6 7 15 16 17 18 19 20 21 22 23 24 25 26 27 28 29 30 31 32
(2,*) 0 1 3 4 5 6 7 15 16 17 18 19 20 21 22 23 24 25 26 27 28 29 30 31 32
(3,*) 0 1 2 4 5 6 7 15 16 17 18 19 20 21 22 23 24 25 26 27 28 29 30 31 32
(4,*) 0 1 2 3 5 6 7 15 16 17 18 19 20 21 22 23 24 25 26 27 28 29 30 31 32
(5,*) 0 1 2 3 4 6 7 15 16 17 18 19 20 21 22 23 24 25 26 27 28 29 30 31 32
(6,*) 0 1 2 3 4 5 7 15 16 17 18 19 20 21 22 23 24 25 26 27 28 29 30 31 32
(7,*) 0 1 2 3 4 5 6 15 16 17 18 19 20 21 22 23 24 25 26 27 28 29 30 31 32
(15,*) 0 1 2 3 4 5 6 7 16 17 18 19 20 21 22 23 24 25 26 27 28 29 30 31 32
(16,*) 0 1 2 3 4 5 6 7 15 17 18 19 20 21 22 23 24 25 26 27 28 29 30 31 32
(17,*) 0 1 2 3 4 5 6 7 15 16 18 19 20 21 22 23 24 25 26 27 28 29 30 31 32
(18,*) 0 1 2 3 4 5 6 7 15 16 17 19 20 21 22 23 24 25 26 27 28 29 30 31 32
(19,*) 0 1 2 3 4 5 6 7 15 16 17 18 20 21 22 23 24 25 26 27 28 29 30 31 32
(20,*) 0 1 2 3 4 5 6 7 15 16 17 18 19 21 22 23 24 25 26 27 28 29 30 31 32
(21,*) 0 1 2 3 4 5 6 7 15 16 17 18 19 20 22 23 24 25 26 27 28 29 30 31 32
(22,*) 0 1 2 3 4 5 6 7 15 16 17 18 19 20 21 23 24 25 26 27 28 29 30 31 32
(23,*) 0 1 2 3 4 5 6 7 15 16 17 18 19 20 21 22 24 25 26 27 28 29 30 31 32
(24,*) 0 1 2 3 4 5 6 7 15 16 17 18 19 20 21 22 23 25 26 27 28 29 30 31 32
(25,*) 0 1 2 3 4 5 6 7 15 16 17 18 19 20 21 22 23 24 26 27 28 29 30 31 32
(26,*) 0 1 2 3 4 5 6 7 15 16 17 18 19 20 21 22 23 24 25 27 28 29 30 31 32
(27,*) 0 1 2 3 4 5 6 7 15 16 17 18 19 20 21 22 23 24 25 26 28 29 30 31 32
(28,*) 0 1 2 3 4 5 6 7 15 16 17 18 19 20 21 22 23 24 25 26 27 29 30 31 32
(29,*) 0 1 2 3 4 5 6 7 15 16 17 18 19 20 21 22 23 24 25 26 27 28 30 31 32
(30,*) 0 1 2 3 4 5 6 7 15 16 17 18 19 20 21 22 23 24 25 26 27 28 29 31 32
(31,*) 0 1 2 3 4 5 6 7 15 16 17 18 19 20 21 22 23 24 25 26 27 28 29 30 32
(32,*) 0 1 2 3 4 5 6 7 15 16 17 18 19 20 21 22 23 24 25 26 27 28 29 30 31
;
set A2:=
;
param BigM:=99999;
param n:= 4;
param d:=
1	16
2	22
3	3
4	12
5	21
6	2
7	9
8	8
9	19
10	24
11	14
12	4
13	21
14	15
15	16
16	16
17	7
18	12
19	18
20	2
21	14
;
param Q:=100;
param e:
	22	23	24	25	26	27	28	29	30	31:=
8		0		1		0		0		0		0		0		0		0		0	
9		0		1		0		0		0		0		0		0		0		0	
10		0		0		0		1		0		0		0		0		0		0	
11		0		0		0		0		1		0		0		0		0		0	
12		0		1		0		0		0		0		0		0		0		0	
13		0		0		0		0		0		1		0		0		0		0	
14		0		1		0		0		0		0		0		0		0		0	
15		0		1		0		0		0		0		0		0		0		0	
16		0		0		0		0		0		1		0		0		0		0	
17		0		0		0		1		0		0		0		0		0		0	
18		0		0		0		0		0		1		0		1		0		1	
19		0		0		0		0		1		0		0		0		0		0	
20		0		0		0		0		1		0		0		0		0		0	
21		0		1		0		0		0		0		0		0		0		0	
;
param p:=
1	1
2	1
3	1
4	1
;
param G:=
22	93
23	76
24	92
25	88
26	97
27	88
28	96
29	91
30	91
31	86
;
param s:=
0	0
1	10
2	10
3	10
4	10
5	10
6	10
7	10
15	10
16	10
17	10
18	10
19	10
20	10
21	10
22	10
23	10
24	10
25	10
26	10
27	10
28	10
29	10
30	10
31	10
;
param t:
	0	1	2	3	4	5	6	7	8	9	10	11	12	13	14	15	16	17	18	19	20	21	22	23	24	25	26	27	28	29	30	31	32:=
0	0.0	51.04	81.74	27.02	64.03	28.84	62.29	72.78	78.03	97.58	75.96	16.28	84.17	77.88	84.86	88.14	37.05	54.57	51.88	25.71	21.1	101.41	20.81	83.49	64.94	61.19	13.0	62.8	36.67	53.91	39.66	40.61	0.0
1	51.04	0.0	92.14	41.05	17.8	30.41	78.24	24.41	44.94	73.25	103.97	35.01	80.81	39.45	61.81	83.19	14.0	84.39	26.48	26.31	30.27	80.41	65.8	59.84	15.81	88.39	63.39	16.28	49.5	45.88	45.45	42.8	51.04
2	81.74	92.14	0.0	60.3	109.59	97.87	19.65	114.06	69.4	59.23	32.98	84.15	23.35	77.47	54.63	26.02	86.98	36.88	66.89	88.12	79.63	55.15	68.01	55.46	106.17	31.14	79.4	87.42	48.26	46.65	49.24	50.96	81.74
3	27.02	41.05	60.3	0.0	58.26	37.66	42.45	65.46	53.49	70.77	64.4	24.02	58.52	55.11	58.14	62.3	30.48	43.86	29.15	28.16	19.42	74.41	29.27	56.85	56.86	48.6	33.12	46.32	12.04	26.91	13.0	13.6	27.02
4	64.03	17.8	109.59	58.26	0.0	38.0	96.02	9.0	56.22	85.29	121.7	47.8	97.12	48.84	75.01	99.2	28.65	101.91	43.08	38.33	44.78	93.09	81.02	73.01	5.39	106.08	76.92	26.0	67.21	63.07	63.25	60.61	64.03
5	28.84	30.41	97.87	37.66	38.0	0.0	80.05	47.0	70.6	96.18	99.73	15.26	93.54	67.18	83.63	96.88	19.1	78.29	45.65	10.05	18.25	102.04	48.84	81.84	40.31	84.1	41.68	46.04	49.65	58.05	49.04	48.01	28.84
6	62.29	78.24	19.65	42.45	96.02	80.05	0.0	101.53	64.85	63.39	29.15	65.76	31.76	71.59	55.08	35.85	71.11	21.02	55.17	70.6	61.85	61.85	48.47	55.23	93.24	18.11	59.77	76.42	30.68	35.81	33.12	35.51	62.29
7	72.78	24.41	114.06	65.46	9.0	47.0	101.53	0.0	56.14	85.02	128.0	56.52	100.09	48.0	75.66	101.84	36.77	108.71	47.17	47.07	53.14	93.13	89.32	73.68	8.6	112.54	85.62	27.51	73.66	67.42	69.3	66.48	72.78
8	78.03	44.94	69.4	53.49	56.22	70.6	64.85	56.14	0.0	29.07	93.98	66.71	49.58	8.94	19.92	50.0	51.61	81.05	26.4	62.29	59.67	37.01	82.28	18.03	51.09	81.49	86.41	30.41	51.48	32.02	45.54	42.76	78.03
9	97.58	73.25	59.23	70.77	85.29	96.18	63.39	85.02	29.07	0.0	90.09	89.4	35.9	37.05	12.81	33.84	77.88	83.55	50.54	86.95	82.42	8.54	96.25	14.42	80.16	81.5	103.23	59.41	64.07	44.05	59.2	57.49	97.58
10	75.96	103.97	32.98	64.4	121.7	99.73	29.15	128.0	93.98	90.09	0.0	84.53	55.15	100.72	83.19	58.42	94.81	21.54	83.01	91.42	82.49	87.09	56.72	83.55	119.5	15.81	68.59	104.2	54.49	64.5	58.73	61.62	75.96
11	16.28	35.01	84.15	24.02	47.8	15.26	65.76	56.52	66.71	89.4	84.53	0.0	82.0	65.19	76.61	85.62	21.02	63.06	40.36	9.49	7.07	94.34	34.41	75.0	48.66	68.94	29.12	47.8	36.0	47.93	36.5	36.14	16.28
12	84.17	80.81	23.35	58.52	97.12	93.54	31.76	100.09	49.58	35.9	55.15	82.0	0.0	58.26	32.45	4.24	79.06	52.77	54.34	83.49	76.12	32.0	75.6	33.6	92.97	49.04	85.44	72.62	47.54	36.01	45.61	45.89	84.17
13	77.88	39.45	77.47	55.11	48.84	67.18	71.59	48.0	8.94	37.05	100.72	65.19	58.26	0.0	28.79	58.82	48.08	86.59	26.25	59.67	58.31	45.28	84.34	26.93	43.57	87.6	87.28	23.77	55.01	37.11	49.01	46.0	77.88
14	84.86	61.81	54.63	58.14	75.01	83.63	55.08	75.66	19.92	12.81	83.19	76.61	32.45	28.79	0.0	31.89	65.55	74.24	38.08	74.3	69.63	18.68	84.22	2.0	70.06	73.01	90.8	49.01	51.97	31.62	46.87	45.0	84.86
15	88.14	83.19	26.02	62.3	99.2	96.88	35.85	101.84	50.0	33.84	58.42	85.62	4.24	58.82	31.89	0.0	82.0	56.82	56.72	86.83	79.62	29.15	79.81	33.24	94.92	52.92	89.59	74.33	51.48	39.05	49.34	49.48	88.14
16	37.05	14.0	86.98	30.48	28.65	19.1	71.11	36.77	51.61	77.88	94.81	21.02	79.06	48.08	65.55	82.0	0.0	74.33	27.51	12.65	16.49	84.15	52.55	63.69	28.46	79.03	49.5	27.73	40.82	43.05	38.08	36.06	37.05
17	54.57	84.39	36.88	43.86	101.91	78.29	21.02	108.71	81.05	83.55	21.54	63.06	52.77	86.59	74.24	56.82	74.33	0.0	65.74	70.18	61.29	82.57	36.01	74.11	100.12	7.07	48.01	86.45	35.23	49.48	40.31	43.42	54.57
18	51.88	26.48	66.89	29.15	43.08	45.65	55.17	47.17	26.4	50.54	83.01	40.36	54.34	26.25	38.08	56.72	27.51	65.74	0.0	36.62	33.3	56.65	58.42	36.25	39.36	68.26	61.03	21.26	31.32	20.25	25.63	22.47	51.88
19	25.71	26.31	88.12	28.16	38.33	10.05	70.6	47.07	62.29	86.95	91.42	9.49	83.49	59.67	74.3	86.83	12.65	70.18	36.62	0.0	8.94	92.57	43.57	72.56	39.32	75.66	38.6	40.31	40.02	48.05	39.12	38.0	25.71
20	21.1	30.27	79.63	19.42	44.78	18.25	61.85	53.14	59.67	82.42	82.49	7.07	76.12	58.31	69.63	79.62	16.49	61.29	33.3	8.94	0.0	87.46	36.25	68.01	44.92	66.73	33.14	41.77	31.4	41.44	31.02	30.27	21.1
21	101.41	80.41	55.15	74.41	93.09	102.04	61.85	93.13	37.01	8.54	87.09	94.34	32.0	45.28	18.68	29.15	84.15	82.57	56.65	92.57	87.46	0.0	98.41	20.62	88.02	79.83	106.15	67.12	66.6	47.51	62.23	60.88	101.41
22	20.81	65.8	68.01	29.27	81.02	48.84	48.47	89.32	82.28	96.25	56.72	34.41	75.6	84.34	84.22	79.81	52.55	36.01	58.42	43.57	36.25	98.41	0.0	83.24	80.99	43.0	12.0	74.33	32.25	52.77	37.58	39.92	20.81
23	83.49	59.84	55.46	56.85	73.01	81.84	55.23	73.68	18.03	14.42	83.55	75.0	33.6	26.93	2.0	33.24	63.69	74.11	36.25	72.56	68.01	20.62	83.24	0.0	68.07	73.06	89.63	47.01	51.0	30.53	45.79	43.83	83.49
24	64.94	15.81	106.17	56.86	5.39	40.31	93.24	8.6	51.09	80.16	119.5	48.66	92.97	43.57	70.06	94.92	28.46	100.12	39.36	39.32	44.92	88.02	80.99	68.07	0.0	104.0	77.67	21.1	65.12	59.54	60.83	58.05	64.94
25	61.19	88.39	31.14	48.6	106.08	84.1	18.11	112.54	81.49	81.5	15.81	68.94	49.04	87.6	73.01	52.92	79.03	7.07	68.26	75.66	66.73	79.83	43.0	73.06	104.0	0.0	55.0	89.31	38.9	50.7	43.42	46.4	61.19
26	13.0	63.39	79.4	33.12	76.92	41.68	59.77	85.62	86.41	103.23	68.59	29.12	85.44	87.28	90.8	89.59	49.5	48.01	61.03	38.6	33.14	106.15	12.0	89.63	77.67	55.0	0.0	74.17	39.6	59.2	44.05	45.8	13.0
27	62.8	16.28	87.42	46.32	26.0	46.04	76.42	27.51	30.41	59.41	104.2	47.8	72.62	23.77	49.01	74.33	27.73	86.45	21.26	40.31	41.77	67.12	74.33	47.01	21.1	89.31	74.17	0.0	51.43	41.11	46.14	43.05	62.8
28	36.67	49.5	48.26	12.04	67.21	49.65	30.68	73.66	51.48	64.07	54.49	36.0	47.54	55.01	51.97	51.48	40.82	35.23	31.32	40.02	31.4	66.6	32.25	51.0	65.12	38.9	39.6	51.43	0.0	20.62	6.0	9.06	36.67
29	53.91	45.88	46.65	26.91	63.07	58.05	35.81	67.42	32.02	44.05	64.5	47.93	36.01	37.11	31.62	39.05	43.05	49.48	20.25	48.05	41.44	47.51	52.77	30.53	59.54	50.7	59.2	41.11	20.62	0.0	15.26	13.45	53.91
30	39.66	45.45	49.24	13.0	63.25	49.04	33.12	69.3	45.54	59.2	58.73	36.5	45.61	49.01	46.87	49.34	38.08	40.31	25.63	39.12	31.02	62.23	37.58	45.79	60.83	43.42	44.05	46.14	6.0	15.26	0.0	3.16	39.66
31	40.61	42.8	50.96	13.6	60.61	48.01	35.51	66.48	42.76	57.49	61.62	36.14	45.89	46.0	45.0	49.48	36.06	43.42	22.47	38.0	30.27	60.88	39.92	43.83	58.05	46.4	45.8	43.05	9.06	13.45	3.16	0.0	40.61
;
