set K:= 1	2	3	4;
set C_H:= 1	2	3	4	5	6	7;
set C_S:= 8	9	10	11	12	13	14;
set C_F:= 15	16	17	18	19	20	21;
set M:= 0	1;
set M_B:= 2	3;
set L_B:= 24	25	26	27	28	29;
set A1:=
(0,*) 1 2 3 4 5 6 7 15 16 17 18 19 20 21 1 2 3 24 25 26 27 28 29
(1,*) 0 2 3 4 5 6 7 15 16 17 18 19 20 21 0 2 3 24 25 26 27 28 29
(2,*) 0 1 3 4 5 6 7 15 16 17 18 19 20 21 0 1 3 24 25 26 27 28 29
(3,*) 0 1 2 4 5 6 7 15 16 17 18 19 20 21 0 1 2 24 25 26 27 28 29
(4,*) 0 1 2 3 5 6 7 15 16 17 18 19 20 21 0 1 2 3 24 25 26 27 28 29
(5,*) 0 1 2 3 4 6 7 15 16 17 18 19 20 21 0 1 2 3 24 25 26 27 28 29
(6,*) 0 1 2 3 4 5 7 15 16 17 18 19 20 21 0 1 2 3 24 25 26 27 28 29
(7,*) 0 1 2 3 4 5 6 15 16 17 18 19 20 21 0 1 2 3 24 25 26 27 28 29
(15,*) 0 1 2 3 4 5 6 7 16 17 18 19 20 21 0 1 2 3 24 25 26 27 28 29
(16,*) 0 1 2 3 4 5 6 7 15 17 18 19 20 21 0 1 2 3 24 25 26 27 28 29
(17,*) 0 1 2 3 4 5 6 7 15 16 18 19 20 21 0 1 2 3 24 25 26 27 28 29
(18,*) 0 1 2 3 4 5 6 7 15 16 17 19 20 21 0 1 2 3 24 25 26 27 28 29
(19,*) 0 1 2 3 4 5 6 7 15 16 17 18 20 21 0 1 2 3 24 25 26 27 28 29
(20,*) 0 1 2 3 4 5 6 7 15 16 17 18 19 21 0 1 2 3 24 25 26 27 28 29
(21,*) 0 1 2 3 4 5 6 7 15 16 17 18 19 20 0 1 2 3 24 25 26 27 28 29
(0,*) 1 2 3 4 5 6 7 15 16 17 18 19 20 21 1 2 3 24 25 26 27 28 29
(1,*) 0 2 3 4 5 6 7 15 16 17 18 19 20 21 0 2 3 24 25 26 27 28 29
(2,*) 0 1 3 4 5 6 7 15 16 17 18 19 20 21 0 1 3 24 25 26 27 28 29
(3,*) 0 1 2 4 5 6 7 15 16 17 18 19 20 21 0 1 2 24 25 26 27 28 29
(24,*) 0 1 2 3 4 5 6 7 15 16 17 18 19 20 21 0 1 2 3 25 26 27 28 29
(25,*) 0 1 2 3 4 5 6 7 15 16 17 18 19 20 21 0 1 2 3 24 26 27 28 29
(26,*) 0 1 2 3 4 5 6 7 15 16 17 18 19 20 21 0 1 2 3 24 25 27 28 29
(27,*) 0 1 2 3 4 5 6 7 15 16 17 18 19 20 21 0 1 2 3 24 25 26 28 29
(28,*) 0 1 2 3 4 5 6 7 15 16 17 18 19 20 21 0 1 2 3 24 25 26 27 29
(29,*) 0 1 2 3 4 5 6 7 15 16 17 18 19 20 21 0 1 2 3 24 25 26 27 28
;
set A2:=
(0,*) 1
;
param BigM:=99999;
param n:= 4;
param d:=
1	21
2	2
3	7
4	4
5	21
6	18
7	6
8	24
9	14
10	16
11	19
12	16
13	2
14	24
15	12
16	8
17	14
18	9
19	1
20	8
21	16
;
param Q:=100;
param w:=
[0,*] 1 0.1
;
param V:=
[0,*] 1 78
;
param e:
	22	23	24	25	26	27	28	29:=
8		0		0		0		0		0		0		1		0	
9		0		1		0		1		0		0		0		0	
10		0		1		0		1		0		0		0		0	
11		0		1		0		1		0		0		0		0	
12		0		0		0		0		0		1		0		0	
13		0		0		0		0		0		1		0		0	
14		1		0		1		0		0		0		0		0	
15		0		0		0		0		0		1		0		0	
16		0		1		0		1		0		0		0		0	
17		1		0		1		0		0		1		0		0	
18		0		0		0		0		1		0		0		0	
19		0		1		0		1		0		0		0		0	
20		1		0		1		0		0		0		0		0	
21		0		0		0		0		0		0		1		0	
;
param p:=
1	3
2	3
3	3
4	3
;
param G:=
22	77
23	78
24	77
25	78
26	73
27	74
28	98
29	99
;
param s:=
0	0
1	10
2	10
3	10
4	10
5	10
6	10
7	10
15	10
16	10
17	10
18	10
19	10
20	10
21	10
22	10
23	10
24	10
25	10
26	10
27	10
28	10
29	10
;
param t:
	0	1	2	3	4	5	6	7	8	9	10	11	12	13	14	15	16	17	18	19	20	21	22	23	24	25	26	27	28	29:=
0	0.0	77.88	62.29	54.57	84.17	28.84	25.71	85.6	25.24	101.41	88.14	97.58	37.05	21.1	75.96	64.03	78.03	16.28	72.78	76.84	79.23	51.04	20.81	83.49	20.81	83.49	46.86	25.24	44.64	43.57
1	77.88	0.0	71.59	86.59	58.26	67.18	59.67	40.71	58.05	45.28	58.82	37.05	48.08	58.31	100.72	48.84	8.94	65.19	48.0	41.11	90.21	39.45	84.34	26.93	84.34	26.93	41.19	53.14	60.02	48.26
2	62.29	71.59	0.0	21.02	31.76	80.05	70.6	46.39	41.77	61.85	35.85	63.39	71.11	61.85	29.15	96.02	64.85	65.76	101.53	38.01	20.81	78.24	48.47	55.23	48.47	55.23	35.38	50.29	19.92	30.23
3	54.57	86.59	21.02	0.0	52.77	78.29	70.18	66.71	41.87	82.57	56.82	83.55	74.33	61.29	21.54	101.91	81.05	63.06	108.71	57.87	26.93	84.39	36.01	74.11	36.01	74.11	46.24	51.74	26.93	39.4
4	84.17	58.26	31.76	52.77	0.0	93.54	83.49	20.12	59.46	32.0	4.24	35.9	79.06	76.12	55.15	97.12	49.58	82.0	100.09	17.2	40.05	80.81	75.6	33.6	75.6	33.6	41.19	64.33	40.5	41.48
5	28.84	67.18	80.05	78.29	93.54	0.0	10.05	88.54	38.33	102.04	96.88	96.18	19.1	18.25	99.73	38.0	70.6	15.26	47.0	81.49	99.62	30.41	48.84	81.84	48.84	81.84	52.35	30.15	60.21	53.01
6	25.71	59.67	70.6	70.18	83.49	10.05	0.0	78.77	29.15	92.57	86.83	86.95	12.65	8.94	91.42	38.33	62.29	9.49	47.07	71.57	90.48	26.31	43.57	72.56	43.57	72.56	42.3	20.4	50.7	43.05
7	85.6	40.71	46.39	66.71	20.12	88.54	78.77	0.0	60.44	16.64	19.21	17.03	71.59	72.92	73.17	84.59	31.76	79.61	86.12	9.43	59.03	70.01	81.84	14.21	81.84	14.21	38.83	62.27	47.17	42.45
8	25.24	58.05	41.77	41.87	59.46	38.33	29.15	60.44	0.0	76.42	63.32	73.0	32.53	20.25	62.68	60.61	56.3	24.08	67.96	51.61	61.35	43.57	26.31	59.2	26.31	59.2	21.93	9.9	22.09	18.36
9	101.41	45.28	61.85	82.57	32.0	102.04	92.57	16.64	76.42	0.0	29.15	8.54	84.15	87.46	87.09	93.09	37.01	94.34	93.13	26.08	72.03	80.41	98.41	20.62	98.41	20.62	54.56	77.42	63.81	58.73
10	88.14	58.82	35.85	56.82	4.24	96.88	86.83	19.21	63.32	29.15	0.0	33.84	82.0	79.62	58.42	99.2	50.0	85.62	101.84	18.38	43.01	83.19	79.81	33.24	79.81	33.24	44.55	67.91	44.65	45.22
11	97.58	37.05	63.39	83.55	35.9	96.18	86.95	17.03	73.0	8.54	33.84	0.0	77.88	82.42	90.09	85.29	29.07	89.4	85.02	25.71	75.66	73.25	96.25	14.42	96.25	14.42	51.09	73.0	62.65	56.04
12	37.05	48.08	71.11	74.33	79.06	19.1	12.65	71.59	32.53	84.15	82.0	77.88	0.0	16.49	94.81	28.65	51.61	21.02	36.77	65.38	91.71	14.0	52.55	63.69	52.55	63.69	38.64	22.63	51.48	41.44
13	21.1	58.31	61.85	61.29	76.12	18.25	8.94	72.92	20.25	87.46	79.62	82.42	16.49	0.0	82.49	44.78	59.67	7.07	53.14	65.19	81.6	30.27	36.25	68.01	36.25	68.01	35.17	12.0	41.98	35.06
14	75.96	100.72	29.15	21.54	55.15	99.73	91.42	73.17	62.68	87.09	58.42	90.09	94.81	82.49	0.0	121.7	93.98	84.53	128.0	65.76	16.16	103.97	56.72	83.55	56.72	83.55	63.01	72.42	44.6	56.85
15	64.03	48.84	96.02	101.91	97.12	38.0	38.33	84.59	60.61	93.09	99.2	85.29	28.65	44.78	121.7	0.0	56.22	47.8	9.0	81.02	116.83	17.8	81.02	73.01	81.02	73.01	61.06	50.8	77.34	65.8
16	78.03	8.94	64.85	81.05	49.58	70.6	62.29	31.76	56.3	37.01	50.0	29.07	51.61	59.67	93.98	56.22	0.0	66.71	56.14	32.53	82.76	44.94	82.28	18.03	82.28	18.03	37.22	52.84	55.08	44.1
17	16.28	65.19	65.76	63.06	82.0	15.26	9.49	79.61	24.08	94.34	85.62	89.4	21.02	7.07	84.53	47.8	66.71	0.0	56.52	71.69	84.9	35.01	34.41	75.0	34.41	75.0	41.44	17.72	46.17	40.61
18	72.78	48.0	101.53	108.71	100.09	47.0	47.07	86.12	67.96	93.13	101.84	85.02	36.77	53.14	128.0	9.0	56.14	56.52	0.0	83.49	122.29	24.41	89.32	73.68	89.32	73.68	66.22	58.31	83.44	71.51
19	76.84	41.11	38.01	57.87	17.2	81.49	71.57	9.43	51.61	26.08	18.38	25.71	65.38	65.19	65.76	81.02	32.53	71.69	83.49	0.0	52.5	65.38	72.47	18.03	72.47	18.03	30.41	54.13	37.74	33.42
20	79.23	90.21	20.81	26.93	40.05	99.62	90.48	59.03	61.35	72.03	43.01	75.66	91.71	81.6	16.16	116.83	82.76	84.9	122.29	52.5	0.0	99.05	62.29	70.52	62.29	70.52	56.08	70.38	40.25	51.04
21	51.04	39.45	78.24	84.39	80.81	30.41	26.31	70.01	43.57	80.41	83.19	73.25	14.0	30.27	103.97	17.8	44.94	35.01	24.41	65.38	99.05	0.0	65.8	59.84	65.8	59.84	43.42	34.0	59.55	48.01
22	20.81	84.34	48.47	36.01	75.6	48.84	43.57	81.84	26.31	98.41	79.81	96.25	52.55	36.25	56.72	81.02	82.28	34.41	89.32	72.47	62.29	65.8	0.0	83.24	0.0	83.24	46.1	33.14	35.38	40.31
23	83.49	26.93	55.23	74.11	33.6	81.84	72.56	14.21	59.2	20.62	33.24	14.42	63.69	68.01	83.55	73.01	18.03	75.0	73.68	18.03	70.52	59.84	83.24	0.0	83.24	0.0	37.44	58.73	50.96	42.94
24	20.81	84.34	48.47	36.01	75.6	48.84	43.57	81.84	26.31	98.41	79.81	96.25	52.55	36.25	56.72	81.02	82.28	34.41	89.32	72.47	62.29	65.8	0.0	83.24	0.0	83.24	46.1	33.14	35.38	40.31
25	83.49	26.93	55.23	74.11	33.6	81.84	72.56	14.21	59.2	20.62	33.24	14.42	63.69	68.01	83.55	73.01	18.03	75.0	73.68	18.03	70.52	59.84	83.24	0.0	83.24	0.0	37.44	58.73	50.96	42.94
26	46.86	41.19	35.38	46.24	41.19	52.35	42.3	38.83	21.93	54.56	44.55	51.09	38.64	35.17	63.01	61.06	37.22	41.44	66.22	30.41	56.08	43.42	46.1	37.44	46.1	37.44	0.0	23.77	19.31	7.07
27	25.24	53.14	50.29	51.74	64.33	30.15	20.4	62.27	9.9	77.42	67.91	73.0	22.63	12.0	72.42	50.8	52.84	17.72	58.31	54.13	70.38	34.0	33.14	58.73	33.14	58.73	23.77	0.0	30.36	23.09
28	44.64	60.02	19.92	26.93	40.5	60.21	50.7	47.17	22.09	63.81	44.65	62.65	51.48	41.98	44.6	77.34	55.08	46.17	83.44	37.74	40.25	59.55	35.38	50.96	35.38	50.96	19.31	30.36	0.0	12.53
29	43.57	48.26	30.23	39.4	41.48	53.01	43.05	42.45	18.36	58.73	45.22	56.04	41.44	35.06	56.85	65.8	44.1	40.61	71.51	33.42	51.04	48.01	40.31	42.94	40.31	42.94	7.07	23.09	12.53	0.0
;
