set K:= 1	2	3	4;
set C_H:= 1	2	3	4	5	6	7	8;
set C_S:= 9	10	11	12	13	14	15	16;
set C_F:= 17	18	19	20	21	22	23	24;
set M:= 25	26	27	28	29	30;
set L_B:= 31	32	33	34;
set A1:=
(0,*) 1 2 3 4 5 6 7 8 17 18 19 20 21 22 23 24 25 26 27 28 29 30 31 32 33 34 35
(1,*) 0 2 3 4 5 6 7 8 17 18 19 20 21 22 23 24 25 26 27 28 29 30 31 32 33 34 35
(2,*) 0 1 3 4 5 6 7 8 17 18 19 20 21 22 23 24 25 26 27 28 29 30 31 32 33 34 35
(3,*) 0 1 2 4 5 6 7 8 17 18 19 20 21 22 23 24 25 26 27 28 29 30 31 32 33 34 35
(4,*) 0 1 2 3 5 6 7 8 17 18 19 20 21 22 23 24 25 26 27 28 29 30 31 32 33 34 35
(5,*) 0 1 2 3 4 6 7 8 17 18 19 20 21 22 23 24 25 26 27 28 29 30 31 32 33 34 35
(6,*) 0 1 2 3 4 5 7 8 17 18 19 20 21 22 23 24 25 26 27 28 29 30 31 32 33 34 35
(7,*) 0 1 2 3 4 5 6 8 17 18 19 20 21 22 23 24 25 26 27 28 29 30 31 32 33 34 35
(8,*) 0 1 2 3 4 5 6 7 17 18 19 20 21 22 23 24 25 26 27 28 29 30 31 32 33 34 35
(17,*) 0 1 2 3 4 5 6 7 8 18 19 20 21 22 23 24 25 26 27 28 29 30 31 32 33 34 35
(18,*) 0 1 2 3 4 5 6 7 8 17 19 20 21 22 23 24 25 26 27 28 29 30 31 32 33 34 35
(19,*) 0 1 2 3 4 5 6 7 8 17 18 20 21 22 23 24 25 26 27 28 29 30 31 32 33 34 35
(20,*) 0 1 2 3 4 5 6 7 8 17 18 19 21 22 23 24 25 26 27 28 29 30 31 32 33 34 35
(21,*) 0 1 2 3 4 5 6 7 8 17 18 19 20 22 23 24 25 26 27 28 29 30 31 32 33 34 35
(22,*) 0 1 2 3 4 5 6 7 8 17 18 19 20 21 23 24 25 26 27 28 29 30 31 32 33 34 35
(23,*) 0 1 2 3 4 5 6 7 8 17 18 19 20 21 22 24 25 26 27 28 29 30 31 32 33 34 35
(24,*) 0 1 2 3 4 5 6 7 8 17 18 19 20 21 22 23 25 26 27 28 29 30 31 32 33 34 35
(25,*) 0 1 2 3 4 5 6 7 8 17 18 19 20 21 22 23 24 26 27 28 29 30 31 32 33 34 35
(26,*) 0 1 2 3 4 5 6 7 8 17 18 19 20 21 22 23 24 25 27 28 29 30 31 32 33 34 35
(27,*) 0 1 2 3 4 5 6 7 8 17 18 19 20 21 22 23 24 25 26 28 29 30 31 32 33 34 35
(28,*) 0 1 2 3 4 5 6 7 8 17 18 19 20 21 22 23 24 25 26 27 29 30 31 32 33 34 35
(29,*) 0 1 2 3 4 5 6 7 8 17 18 19 20 21 22 23 24 25 26 27 28 30 31 32 33 34 35
(30,*) 0 1 2 3 4 5 6 7 8 17 18 19 20 21 22 23 24 25 26 27 28 29 31 32 33 34 35
(31,*) 0 1 2 3 4 5 6 7 8 17 18 19 20 21 22 23 24 25 26 27 28 29 30 32 33 34 35
(32,*) 0 1 2 3 4 5 6 7 8 17 18 19 20 21 22 23 24 25 26 27 28 29 30 31 33 34 35
(33,*) 0 1 2 3 4 5 6 7 8 17 18 19 20 21 22 23 24 25 26 27 28 29 30 31 32 34 35
(34,*) 0 1 2 3 4 5 6 7 8 17 18 19 20 21 22 23 24 25 26 27 28 29 30 31 32 33 35
(35,*) 0 1 2 3 4 5 6 7 8 17 18 19 20 21 22 23 24 25 26 27 28 29 30 31 32 33 34
;
set A2:=
;
param BigM:=99999;
param n:= 4;
param d:=
1	1
2	15
3	14
4	16
5	8
6	6
7	18
8	24
9	9
10	4
11	8
12	16
13	22
14	3
15	21
16	12
17	19
18	2
19	24
20	20
21	12
22	6
23	19
24	2
;
param Q:=100;
param e:
	25	26	27	28	29	30	31	32	33	34:=
9		0		0		1		0		0		0		0		0		0		0	
10		0		1		0		0		0		0		0		0		0		0	
11		0		0		0		1		0		0		0		0		0		0	
12		0		0		1		0		0		1		0		0		0		0	
13		0		0		0		1		0		0		0		0		0		0	
14		0		0		0		0		0		0		0		1		0		0	
15		0		1		0		0		0		1		0		0		0		0	
16		0		0		0		0		0		1		0		0		1		0	
17		0		0		1		0		0		0		0		0		0		0	
18		0		0		0		0		1		0		0		0		0		0	
19		0		0		0		1		0		0		0		0		0		0	
20		1		0		0		0		0		0		0		1		0		1	
21		0		0		1		0		0		1		0		0		0		0	
22		0		1		0		0		0		0		0		0		0		0	
23		0		0		1		0		0		1		0		0		0		0	
24		0		0		0		1		0		0		0		0		0		0	
;
param p:=
1	1
2	1
3	1
4	1
;
param G:=
25	77
26	74
27	96
28	75
29	92
30	80
31	77
32	75
33	94
34	85
;
param s:=
0	0
1	10
2	10
3	10
4	10
5	10
6	10
7	10
8	10
17	10
18	10
19	10
20	10
21	10
22	10
23	10
24	10
25	10
26	10
27	10
28	10
29	10
30	10
31	10
32	10
33	10
34	10
;
param t:
	0	1	2	3	4	5	6	7	8	9	10	11	12	13	14	15	16	17	18	19	20	21	22	23	24	25	26	27	28	29	30	31	32	33	34	35:=
0	0.0	76.84	84.86	16.28	37.05	78.03	75.58	25.71	25.24	72.78	84.17	79.23	51.04	81.74	27.02	77.88	51.88	34.93	21.1	75.96	25.96	64.03	85.6	74.55	62.29	20.81	83.49	64.94	61.19	13.0	62.8	44.55	33.24	52.5	49.4	0.0
1	76.84	0.0	17.46	71.69	65.38	32.53	38.42	71.57	51.61	83.49	17.2	52.5	65.38	37.59	49.93	41.11	39.05	77.93	65.19	65.76	53.04	81.02	9.43	78.0	38.01	72.47	18.03	76.66	56.08	80.62	55.97	33.62	45.25	25.08	31.06	76.84
2	84.86	17.46	0.0	76.61	65.55	19.92	26.93	74.3	60.44	75.66	32.45	69.92	61.81	54.63	58.14	28.79	38.08	78.55	69.63	83.19	63.81	75.01	12.73	69.23	55.08	84.22	2.0	70.06	73.01	90.8	49.01	40.36	56.44	33.02	44.92	84.86
3	16.28	71.69	76.61	0.0	21.02	66.71	63.25	9.49	24.08	56.52	82.0	84.9	35.01	84.15	24.02	65.19	40.36	19.42	7.07	84.53	29.41	47.8	79.61	58.31	65.76	34.41	75.0	48.66	68.94	29.12	47.8	38.08	34.23	46.62	49.04	16.28
4	37.05	65.38	65.55	21.02	0.0	51.61	46.75	12.65	32.53	36.77	79.06	91.71	14.0	86.98	30.48	48.08	27.51	13.0	16.49	94.81	40.36	28.65	71.59	37.66	71.11	52.55	63.69	28.46	79.03	49.5	27.73	34.53	41.4	42.11	51.62	37.05
5	78.03	32.53	19.92	66.71	51.61	0.0	7.07	62.29	56.3	56.14	49.58	82.76	44.94	69.4	53.49	8.94	26.4	64.35	59.67	93.98	61.85	56.22	31.76	49.5	64.85	82.28	18.03	51.09	81.49	86.41	30.41	36.88	55.73	33.0	49.37	78.03
6	75.58	38.42	26.93	63.25	46.75	7.07	0.0	58.05	55.32	49.09	55.61	87.13	38.91	74.52	52.39	3.16	23.77	59.2	56.3	97.58	61.52	49.37	38.48	42.43	68.45	81.58	25.0	44.18	84.43	84.76	23.77	37.01	56.04	34.71	51.66	75.58
7	25.71	71.57	74.3	9.49	12.65	62.29	58.05	0.0	29.15	47.07	83.49	90.48	26.31	88.12	28.16	59.67	36.62	10.63	8.94	91.42	35.85	38.33	78.77	49.09	70.6	43.57	72.56	39.32	75.66	38.6	40.31	38.47	39.22	46.87	52.47	25.71
8	25.24	51.61	60.44	24.08	32.53	56.3	55.32	29.15	0.0	67.96	59.46	61.35	43.57	60.07	3.0	58.05	32.14	39.36	20.25	62.68	8.06	60.61	60.44	67.08	41.77	26.31	59.2	59.36	46.87	30.53	49.24	20.25	10.2	27.59	25.32	25.24
9	72.78	83.49	75.66	56.52	36.77	56.14	49.09	47.07	67.96	0.0	100.09	122.29	24.41	114.06	65.46	48.0	47.17	39.05	53.14	128.0	76.01	9.0	86.12	7.62	101.53	89.32	73.68	8.6	112.54	85.62	27.51	62.48	75.43	67.12	81.57	72.78
10	84.17	17.2	32.45	82.0	79.06	49.58	55.61	83.49	59.46	100.09	0.0	40.05	80.81	23.35	58.52	58.26	54.34	91.02	76.12	55.15	58.59	97.12	20.12	94.85	31.76	75.6	33.6	92.97	49.04	85.44	72.62	45.1	50.99	37.0	34.89	84.17
11	79.23	52.5	69.92	84.9	91.71	82.76	87.13	90.48	61.35	122.29	40.05	0.0	99.05	17.12	62.39	90.21	75.69	100.46	81.6	16.16	55.54	116.83	59.03	118.93	20.81	62.29	70.52	114.02	19.92	74.24	96.88	59.82	51.26	55.87	40.8	79.23
12	51.04	65.38	61.81	35.01	14.0	44.94	38.91	26.31	43.57	24.41	80.81	99.05	0.0	92.14	41.05	39.45	26.48	22.47	30.27	103.97	51.62	17.8	70.01	24.04	78.24	65.8	59.84	15.81	88.39	63.39	16.28	39.45	51.09	45.31	58.25	51.04
13	81.74	37.59	54.63	84.15	86.98	69.4	74.52	88.12	60.07	114.06	23.35	17.12	92.14	0.0	60.3	77.47	66.89	97.29	79.63	32.98	56.14	109.59	43.01	109.86	19.65	68.01	55.46	106.17	31.14	79.4	87.42	52.92	50.01	47.01	35.69	81.74
14	27.02	49.93	58.14	24.02	30.48	53.49	52.39	28.16	3.0	65.46	58.52	62.39	41.05	60.3	0.0	55.11	29.15	38.08	19.42	64.4	10.77	58.26	58.6	64.41	42.45	29.27	56.85	56.86	48.6	33.12	46.32	17.8	11.18	25.5	25.02	27.02
15	77.88	41.11	28.79	65.19	48.08	8.94	3.16	59.67	58.05	48.0	58.26	90.21	39.45	77.47	55.11	0.0	26.25	60.31	58.31	100.72	64.38	48.84	40.71	41.11	71.59	84.34	26.93	43.57	87.6	87.28	23.77	40.0	59.01	37.85	54.82	77.88
16	51.88	39.05	38.08	40.36	27.51	26.4	23.77	36.62	32.14	47.17	54.34	75.69	26.48	66.89	29.15	26.25	0.0	40.5	33.3	83.01	39.01	43.08	44.41	43.28	55.17	58.42	36.25	39.36	68.26	61.03	21.26	17.0	34.71	20.0	35.61	51.88
17	34.93	77.93	78.55	19.42	13.0	64.35	59.2	10.63	39.36	39.05	91.02	100.46	22.47	97.29	38.08	60.31	40.5	0.0	19.42	101.87	46.32	30.07	84.4	42.3	80.32	53.82	76.69	32.14	86.09	47.93	38.42	46.01	49.24	54.04	61.61	34.93
18	21.1	65.19	69.63	7.07	16.49	59.67	56.3	8.94	20.25	53.14	76.12	81.6	30.27	79.63	19.42	58.31	33.3	19.42	0.0	82.49	26.93	44.78	72.92	54.13	61.85	36.25	68.01	44.92	66.73	33.14	41.77	31.62	30.36	40.16	44.1	21.1
19	75.96	65.76	83.19	84.53	94.81	93.98	97.58	91.42	62.68	128.0	55.15	16.16	103.97	32.98	64.4	100.72	83.01	101.87	82.49	0.0	55.57	121.7	73.17	125.5	29.15	56.72	83.55	119.5	15.81	68.59	104.2	66.22	53.41	64.14	47.43	75.96
20	25.96	53.04	63.81	29.41	40.36	61.85	61.52	35.85	8.06	76.01	58.59	55.54	51.62	56.14	10.77	64.38	39.01	46.32	26.93	55.57	0.0	68.6	62.24	75.13	37.01	20.62	62.77	67.42	39.82	27.59	57.01	25.0	7.81	30.89	23.71	25.96
21	64.03	81.02	75.01	47.8	28.65	56.22	49.37	38.33	60.61	9.0	97.12	116.83	17.8	109.59	58.26	48.84	43.08	30.07	44.78	121.7	68.6	0.0	84.59	13.89	96.02	81.02	73.01	5.39	106.08	76.92	26.0	57.14	68.62	62.61	76.03	64.03
22	85.6	9.43	12.73	79.61	71.59	31.76	38.48	78.77	60.44	86.12	20.12	59.03	70.01	43.01	58.6	40.71	44.41	84.4	72.92	73.17	62.24	84.59	0.0	80.08	46.39	81.84	14.21	79.91	64.5	89.81	58.86	41.68	54.49	33.29	40.5	85.6
23	74.55	78.0	69.23	58.31	37.66	49.5	42.43	49.09	67.08	7.62	94.85	118.93	24.04	109.86	64.41	41.11	43.28	42.3	54.13	125.5	75.13	13.89	80.08	0.0	98.31	89.84	67.27	10.2	110.26	87.13	22.47	59.41	73.78	63.25	78.49	74.55
24	62.29	38.01	55.08	65.76	71.11	64.85	68.45	70.6	41.77	101.53	31.76	20.81	78.24	19.65	42.45	71.59	55.17	80.32	61.85	29.15	37.01	96.02	46.39	98.31	0.0	48.47	55.23	93.24	18.11	59.77	76.42	39.05	31.58	35.61	20.0	62.29
25	20.81	72.47	84.22	34.41	52.55	82.28	81.58	43.57	26.31	89.32	75.6	62.29	65.8	68.01	29.27	84.34	58.42	53.82	36.25	56.72	20.62	81.02	81.84	89.84	48.47	0.0	83.24	80.99	43.0	12.0	74.33	45.54	27.78	51.43	41.73	20.81
26	83.49	18.03	2.0	75.0	63.69	18.03	25.0	72.56	59.2	73.68	33.6	70.52	59.84	55.46	56.85	26.93	36.25	76.69	68.01	83.55	62.77	73.01	14.21	67.27	55.23	83.24	0.0	68.07	73.06	89.63	47.01	39.05	55.47	31.91	44.38	83.49
27	64.94	76.66	70.06	48.66	28.46	51.09	44.18	39.32	59.36	8.6	92.97	114.02	15.81	106.17	56.86	43.57	39.36	32.14	44.92	119.5	67.42	5.39	79.91	10.2	93.24	80.99	68.07	0.0	104.0	77.67	21.1	54.2	66.84	59.17	73.25	64.94
28	61.19	56.08	73.01	68.94	79.03	81.49	84.43	75.66	46.87	112.54	49.04	19.92	88.39	31.14	48.6	87.6	68.26	86.09	66.73	15.81	39.82	106.08	64.5	110.26	18.11	43.0	73.06	104.0	0.0	55.0	89.31	51.31	37.64	50.16	33.11	61.19
29	13.0	80.62	90.8	29.12	49.5	86.41	84.76	38.6	30.53	85.62	85.44	74.24	63.39	79.4	33.12	87.28	61.03	47.93	33.14	68.59	27.59	76.92	89.81	87.13	59.77	12.0	89.63	77.67	55.0	0.0	74.17	50.77	35.38	57.8	50.8	13.0
30	62.8	55.97	49.01	47.8	27.73	30.41	23.77	40.31	49.24	27.51	72.62	96.88	16.28	87.42	46.32	23.77	21.26	38.42	41.77	104.2	57.01	26.0	58.86	22.47	76.42	74.33	47.01	21.1	89.31	74.17	0.0	38.01	54.23	41.04	56.85	62.8
31	44.55	33.62	40.36	38.08	34.53	36.88	37.01	38.47	20.25	62.48	45.1	59.82	39.45	52.92	17.8	40.0	17.0	46.01	31.62	66.22	25.0	57.14	41.68	59.41	39.05	45.54	39.05	54.2	51.31	50.77	38.01	0.0	19.03	8.54	19.1	44.55
32	33.24	45.25	56.44	34.23	41.4	55.73	56.04	39.22	10.2	75.43	50.99	51.26	51.09	50.01	11.18	59.01	34.71	49.24	30.36	53.41	7.81	68.62	54.49	73.78	31.58	27.78	55.47	66.84	37.64	35.38	54.23	19.03	0.0	23.77	16.16	33.24
33	52.5	25.08	33.02	46.62	42.11	33.0	34.71	46.87	27.59	67.12	37.0	55.87	45.31	47.01	25.5	37.85	20.0	54.04	40.16	64.14	30.89	62.61	33.29	63.25	35.61	51.43	31.91	59.17	50.16	57.8	41.04	8.54	23.77	0.0	17.09	52.5
34	49.4	31.06	44.92	49.04	51.62	49.37	51.66	52.47	25.32	81.57	34.89	40.8	58.25	35.69	25.02	54.82	35.61	61.61	44.1	47.43	23.71	76.03	40.5	78.49	20.0	41.73	44.38	73.25	33.11	50.8	56.85	19.1	16.16	17.09	0.0	49.4
;
