set K:= 1	2	3	4	5;
set C_H:= 1	2	3	4	5	6	7	8	9	10	11;
set C_S:= 12	13	14	15	16	17	18	19	20	21	22;
set C_F:= 23	24	25	26	27	28	29	30	31	32	33;
set M:= 34	35	36	37	38	39;
set L_B:= 40;
set A1:=
(0,*) 1 2 3 4 5 6 7 8 9 10 11 23 24 25 26 27 28 29 30 31 32 33 34 35 36 37 38 39 40 41
(1,*) 0 2 3 4 5 6 7 8 9 10 11 23 24 25 26 27 28 29 30 31 32 33 34 35 36 37 38 39 40 41
(2,*) 0 1 3 4 5 6 7 8 9 10 11 23 24 25 26 27 28 29 30 31 32 33 34 35 36 37 38 39 40 41
(3,*) 0 1 2 4 5 6 7 8 9 10 11 23 24 25 26 27 28 29 30 31 32 33 34 35 36 37 38 39 40 41
(4,*) 0 1 2 3 5 6 7 8 9 10 11 23 24 25 26 27 28 29 30 31 32 33 34 35 36 37 38 39 40 41
(5,*) 0 1 2 3 4 6 7 8 9 10 11 23 24 25 26 27 28 29 30 31 32 33 34 35 36 37 38 39 40 41
(6,*) 0 1 2 3 4 5 7 8 9 10 11 23 24 25 26 27 28 29 30 31 32 33 34 35 36 37 38 39 40 41
(7,*) 0 1 2 3 4 5 6 8 9 10 11 23 24 25 26 27 28 29 30 31 32 33 34 35 36 37 38 39 40 41
(8,*) 0 1 2 3 4 5 6 7 9 10 11 23 24 25 26 27 28 29 30 31 32 33 34 35 36 37 38 39 40 41
(9,*) 0 1 2 3 4 5 6 7 8 10 11 23 24 25 26 27 28 29 30 31 32 33 34 35 36 37 38 39 40 41
(10,*) 0 1 2 3 4 5 6 7 8 9 11 23 24 25 26 27 28 29 30 31 32 33 34 35 36 37 38 39 40 41
(11,*) 0 1 2 3 4 5 6 7 8 9 10 23 24 25 26 27 28 29 30 31 32 33 34 35 36 37 38 39 40 41
(23,*) 0 1 2 3 4 5 6 7 8 9 10 11 24 25 26 27 28 29 30 31 32 33 34 35 36 37 38 39 40 41
(24,*) 0 1 2 3 4 5 6 7 8 9 10 11 23 25 26 27 28 29 30 31 32 33 34 35 36 37 38 39 40 41
(25,*) 0 1 2 3 4 5 6 7 8 9 10 11 23 24 26 27 28 29 30 31 32 33 34 35 36 37 38 39 40 41
(26,*) 0 1 2 3 4 5 6 7 8 9 10 11 23 24 25 27 28 29 30 31 32 33 34 35 36 37 38 39 40 41
(27,*) 0 1 2 3 4 5 6 7 8 9 10 11 23 24 25 26 28 29 30 31 32 33 34 35 36 37 38 39 40 41
(28,*) 0 1 2 3 4 5 6 7 8 9 10 11 23 24 25 26 27 29 30 31 32 33 34 35 36 37 38 39 40 41
(29,*) 0 1 2 3 4 5 6 7 8 9 10 11 23 24 25 26 27 28 30 31 32 33 34 35 36 37 38 39 40 41
(30,*) 0 1 2 3 4 5 6 7 8 9 10 11 23 24 25 26 27 28 29 31 32 33 34 35 36 37 38 39 40 41
(31,*) 0 1 2 3 4 5 6 7 8 9 10 11 23 24 25 26 27 28 29 30 32 33 34 35 36 37 38 39 40 41
(32,*) 0 1 2 3 4 5 6 7 8 9 10 11 23 24 25 26 27 28 29 30 31 33 34 35 36 37 38 39 40 41
(33,*) 0 1 2 3 4 5 6 7 8 9 10 11 23 24 25 26 27 28 29 30 31 32 34 35 36 37 38 39 40 41
(34,*) 0 1 2 3 4 5 6 7 8 9 10 11 23 24 25 26 27 28 29 30 31 32 33 35 36 37 38 39 40 41
(35,*) 0 1 2 3 4 5 6 7 8 9 10 11 23 24 25 26 27 28 29 30 31 32 33 34 36 37 38 39 40 41
(36,*) 0 1 2 3 4 5 6 7 8 9 10 11 23 24 25 26 27 28 29 30 31 32 33 34 35 37 38 39 40 41
(37,*) 0 1 2 3 4 5 6 7 8 9 10 11 23 24 25 26 27 28 29 30 31 32 33 34 35 36 38 39 40 41
(38,*) 0 1 2 3 4 5 6 7 8 9 10 11 23 24 25 26 27 28 29 30 31 32 33 34 35 36 37 39 40 41
(39,*) 0 1 2 3 4 5 6 7 8 9 10 11 23 24 25 26 27 28 29 30 31 32 33 34 35 36 37 38 40 41
(40,*) 0 1 2 3 4 5 6 7 8 9 10 11 23 24 25 26 27 28 29 30 31 32 33 34 35 36 37 38 39 41
(41,*) 0 1 2 3 4 5 6 7 8 9 10 11 23 24 25 26 27 28 29 30 31 32 33 34 35 36 37 38 39 40
;
set A2:=
(34,*) 35
(35,*) 34
(36,*) 37
(37,*) 36
(38,*) 39
(39,*) 38
;
param BigM:=99999;
param n:= 5;
param d:=
1	13
2	20
3	15
4	9
5	13
6	15
7	14
8	5
9	24
10	3
11	24
12	1
13	16
14	13
15	15
16	20
17	16
18	12
19	25
20	5
21	7
22	4
23	15
24	15
25	3
26	7
27	13
28	24
29	19
30	23
31	23
32	24
33	5
;
param Q:=100;
param w:=
[34,*] 35 1
[35,*] 34 1
[36,*] 37 1
[37,*] 36 1
[38,*] 39 1
[39,*] 38 1
;
param V:=
[34,*] 35 98
[35,*] 34 98
[36,*] 37 73
[37,*] 36 73
[38,*] 39 82
[39,*] 38 82
;
param e:
	34	35	36	37	38	39	40:=
12		0		0		0		0		0		1		0	
13		0		1		0		0		0		0		0	
14		0		1		0		0		0		1		0	
15		0		0		0		1		0		0		0	
16		1		0		0		0		1		0		1	
17		1		0		0		1		1		0		0	
18		1		0		0		1		1		0		0	
19		1		0		0		0		0		0		0	
20		0		1		0		0		0		0		0	
21		1		0		0		0		0		0		0	
22		1		0		0		1		0		0		0	
23		1		0		0		1		1		0		0	
24		0		0		0		1		0		0		0	
25		1		0		0		0		1		0		0	
26		1		0		0		0		1		0		0	
27		0		1		0		0		0		1		0	
28		0		1		0		0		0		0		0	
29		0		0		0		0		1		0		0	
30		1		0		0		1		1		0		0	
31		1		0		0		0		1		0		0	
32		1		0		0		1		1		0		0	
33		1		0		0		1		1		0		0	
;
param p:=
1	1
2	1
3	1
4	1
5	1
;
param G:=
34	98
35	82
36	73
37	73
38	73
39	82
40	81
;
param s:=
0	0
1	10
2	10
3	10
4	10
5	10
6	10
7	10
8	10
9	10
10	10
11	10
23	10
24	10
25	10
26	10
27	10
28	10
29	10
30	10
31	10
32	10
33	10
34	10
35	10
36	10
37	10
38	10
39	10
40	10
;
param t:
	0	1	2	3	4	5	6	7	8	9	10	11	12	13	14	15	16	17	18	19	20	21	22	23	24	25	26	27	28	29	30	31	32	33	34	35	36	37	38	39	40	41:=
0	0.0	12.17	17.09	31.62	27.78	31.62	33.94	36.06	31.62	40.25	38.47	47.2	36.72	42.19	54.92	74.73	44.27	69.66	38.83	48.7	68.03	36.72	69.66	69.43	66.03	52.04	62.03	57.27	76.16	42.38	65.3	52.35	60.3	42.05	49.65	53.67	33.6	70.72	49.16	25.02	18.88	0.0
1	12.17	0.0	18.97	42.94	22.09	42.76	28.64	42.52	38.42	50.6	32.56	39.4	25.61	43.08	47.54	76.97	56.32	78.23	50.36	59.67	62.1	46.82	76.42	77.67	72.14	64.0	72.8	51.42	70.34	54.41	72.25	64.12	72.11	52.5	61.29	47.54	26.63	78.24	61.29	13.04	14.8	12.17
2	17.09	18.97	0.0	32.06	40.79	44.41	19.7	52.84	48.37	54.04	51.42	58.31	42.8	58.86	66.48	91.76	48.04	84.85	50.12	61.06	81.04	50.99	86.02	84.9	82.68	60.73	74.43	70.34	89.29	46.04	81.61	62.03	69.57	55.61	60.01	66.48	21.38	86.68	56.29	25.5	8.67	17.09
3	31.62	42.94	32.06	0.0	58.0	28.28	50.36	48.37	44.72	37.36	68.12	77.79	68.26	63.91	85.04	90.2	16.49	68.03	28.64	39.45	96.52	36.5	74.22	69.08	72.99	32.8	51.22	86.02	104.31	14.56	69.86	35.38	41.62	37.95	34.71	82.8	53.04	72.73	26.93	54.42	40.35	31.62
4	27.78	22.09	40.79	58.0	0.0	46.17	49.03	34.53	32.06	50.36	10.77	19.8	18.97	25.46	27.2	58.82	67.68	70.88	54.41	60.53	40.5	46.39	65.3	69.57	60.03	69.57	72.03	29.73	48.7	66.03	61.74	68.41	76.16	52.35	65.0	26.0	45.88	68.54	68.94	25.5	36.67	27.78
5	31.62	42.76	44.41	28.28	46.17	0.0	63.81	22.36	20.0	10.0	53.67	64.4	62.51	41.23	69.97	62.8	26.83	41.62	8.25	17.09	77.9	8.25	46.17	42.19	44.72	23.41	30.46	68.41	84.85	26.0	41.76	22.36	30.27	11.31	19.1	66.03	64.41	45.19	23.6	55.73	49.5	31.62
6	33.94	28.64	19.7	50.36	49.03	63.81	0.0	69.66	65.3	73.24	58.31	62.13	42.76	71.69	70.26	105.6	66.75	103.48	69.77	80.62	86.09	70.0	103.48	103.32	99.64	80.32	94.02	76.0	94.19	64.78	99.16	81.71	89.2	74.89	79.71	72.0	5.0	104.66	75.69	25.02	15.11	33.94
7	36.06	42.52	52.84	48.37	34.53	22.36	69.66	0.0	4.47	20.0	38.21	48.66	53.37	20.0	52.5	42.0	49.19	36.77	28.43	29.53	57.69	16.97	33.94	35.78	30.0	42.52	38.83	49.19	64.03	48.33	29.73	40.0	46.65	21.63	36.4	47.54	68.62	35.81	44.69	53.54	54.56	36.06
8	31.62	38.42	48.37	44.72	32.06	20.0	65.3	4.47	0.0	19.7	36.88	47.54	50.64	21.26	52.0	46.04	46.65	40.25	26.91	29.73	58.41	16.12	38.21	39.45	34.41	41.62	40.2	49.4	65.12	45.65	33.94	39.45	46.52	21.54	35.85	47.41	64.35	39.82	43.14	49.74	50.19	31.62
9	40.25	50.6	54.04	37.36	50.36	10.0	73.24	20.0	19.7	0.0	56.32	67.05	68.0	40.0	71.69	56.32	32.56	31.62	10.2	10.2	77.67	4.0	36.88	32.25	36.06	22.63	22.36	68.96	84.02	32.25	32.56	20.0	26.83	2.0	16.4	67.08	73.57	35.47	25.55	63.32	58.66	40.25
10	38.47	32.56	51.42	68.12	10.77	53.67	58.31	38.21	36.88	56.32	0.0	10.77	21.26	23.41	16.97	53.74	76.84	72.69	61.74	66.48	29.73	52.5	65.15	71.02	59.46	76.97	76.94	18.97	37.95	75.29	62.1	75.39	82.87	58.24	71.87	15.23	54.74	69.12	77.03	33.73	46.84	38.47
11	47.2	39.4	58.31	77.79	19.8	64.4	62.13	48.66	47.54	67.05	10.77	0.0	20.4	32.25	8.25	58.82	87.2	82.22	72.5	77.2	24.0	63.25	73.76	80.4	67.91	87.73	87.48	14.56	32.06	85.6	71.02	86.16	93.64	68.96	82.64	10.77	58.01	78.09	87.71	37.12	52.57	47.2
12	36.72	25.61	42.8	68.26	18.97	62.51	42.76	53.37	50.64	68.0	21.26	20.4	0.0	43.27	28.07	74.97	80.62	89.84	70.71	78.03	44.18	64.0	84.1	88.54	78.71	85.51	90.09	34.93	52.04	78.79	80.62	84.85	92.78	70.0	81.61	31.05	38.33	87.46	83.93	18.38	35.56	36.72
13	42.19	43.08	58.86	63.91	25.46	41.23	71.69	20.0	21.26	40.0	23.41	32.25	43.27	0.0	34.23	34.0	67.68	50.04	48.08	49.4	37.74	36.88	41.76	48.17	36.06	62.48	57.58	29.73	44.05	66.57	38.83	60.0	66.57	41.62	56.4	28.64	69.32	45.89	64.35	50.22	57.55	42.19
14	54.92	47.54	66.48	85.04	27.2	69.97	70.26	52.5	52.0	71.69	16.97	8.25	28.07	34.23	0.0	56.36	93.72	84.02	77.9	81.71	16.12	68.03	74.43	82.0	68.47	93.06	91.21	8.49	24.0	92.2	72.11	91.24	98.49	73.54	87.66	6.32	66.07	79.16	93.49	45.28	60.81	54.92
15	74.73	76.97	91.76	90.2	58.82	62.8	105.6	42.0	46.04	56.32	53.74	58.82	74.97	34.0	56.36	0.0	88.77	44.05	66.48	61.74	49.03	55.32	30.0	41.23	25.46	76.97	62.8	48.33	50.04	88.29	31.11	73.35	77.18	56.92	70.26	50.12	103.31	35.81	81.34	84.06	91.24	74.73
16	44.27	56.32	48.04	16.49	67.68	26.83	66.75	49.19	46.65	32.56	76.84	87.2	80.62	67.68	93.72	88.77	0.0	59.23	22.36	30.27	103.32	33.53	68.03	60.83	68.12	18.87	39.4	93.34	110.63	2.0	64.0	22.36	26.91	32.25	23.09	90.55	69.26	65.38	12.21	68.66	56.02	44.27
17	69.66	78.23	84.85	68.03	70.88	41.62	103.48	36.77	40.25	31.62	72.69	82.22	89.84	50.04	84.02	44.05	59.23	0.0	39.4	29.12	83.95	34.06	14.14	2.83	18.87	42.05	22.36	78.41	87.93	59.67	13.42	38.05	38.47	30.53	36.35	78.1	103.23	8.6	48.26	89.94	88.52	69.66
18	38.83	50.36	50.12	28.64	54.41	8.25	69.77	28.43	26.91	10.2	61.74	72.5	70.71	48.08	77.9	66.48	22.36	39.4	0.0	11.31	85.28	11.66	46.39	40.5	46.0	15.23	24.41	76.03	92.02	22.09	42.19	14.14	22.09	10.0	11.0	73.78	70.77	44.38	16.28	63.39	55.96	38.83
19	48.7	59.67	61.06	39.45	60.53	17.09	80.62	29.53	29.73	10.2	66.48	77.2	78.03	49.4	81.71	61.74	30.27	29.12	11.31	0.0	87.13	14.14	38.05	30.59	38.83	15.23	13.42	78.71	93.23	30.59	34.23	11.66	17.2	8.25	8.54	76.97	81.39	35.13	20.22	72.57	66.5	48.7
20	68.03	62.1	81.04	96.52	40.5	77.9	86.09	57.69	58.41	77.67	29.73	24.0	44.18	37.74	16.12	49.03	103.32	83.95	85.28	87.13	0.0	74.4	72.44	81.58	66.48	100.0	94.85	10.77	8.25	101.98	71.02	97.65	104.31	79.32	94.05	14.56	82.01	77.78	101.41	61.07	75.97	68.03
21	36.72	46.82	50.99	36.5	46.39	8.25	70.0	16.97	16.12	4.0	52.5	63.25	64.0	36.88	68.03	55.32	33.53	34.06	11.66	14.14	74.4	0.0	37.95	34.41	36.5	25.61	26.31	65.51	80.92	32.98	33.53	23.32	30.46	6.0	19.72	63.53	70.18	37.12	27.8	59.48	55.29	36.72
22	69.66	76.42	86.02	74.22	65.3	46.17	103.48	33.94	38.21	36.88	65.15	73.76	84.1	41.76	74.43	30.0	68.03	14.14	46.39	38.05	72.44	37.95	0.0	11.31	6.0	52.61	34.93	68.03	75.71	68.12	4.47	48.66	50.6	36.5	46.27	68.26	102.55	5.83	58.22	87.01	88.37	69.66
23	69.43	77.67	84.9	69.08	69.57	42.19	103.32	35.78	39.45	32.25	71.02	80.4	88.54	48.17	82.0	41.23	60.83	2.83	40.5	30.59	81.58	34.41	11.31	0.0	16.12	44.0	24.74	76.24	85.44	61.19	10.77	40.0	40.79	31.3	38.12	76.03	102.94	5.83	50.09	89.19	88.31	69.43
24	66.03	72.14	82.68	72.99	60.03	44.72	99.64	30.0	34.41	36.06	59.46	67.91	78.71	36.06	68.47	25.46	68.12	18.87	46.0	38.83	66.48	36.5	6.0	16.12	0.0	53.85	37.74	62.03	69.86	68.03	5.66	50.0	52.8	36.0	47.3	62.29	98.49	11.4	59.03	82.33	84.55	66.03
25	52.04	64.0	60.73	32.8	69.57	23.41	80.32	42.52	41.62	22.63	76.97	87.73	85.51	62.48	93.06	76.97	18.87	42.05	15.23	15.23	100.0	25.61	52.61	44.0	53.85	0.0	20.88	90.97	106.53	20.0	49.03	4.0	8.94	21.26	6.71	88.84	82.01	49.09	6.71	77.01	67.61	52.04
26	62.03	72.8	74.43	51.22	72.03	30.46	94.02	38.83	40.2	22.36	76.94	87.48	90.09	57.58	91.21	62.8	39.4	22.36	24.41	13.42	94.85	26.31	34.93	24.74	37.74	20.88	0.0	87.32	100.24	40.25	32.25	17.09	16.12	20.4	16.64	86.02	94.81	30.36	27.51	85.62	79.91	62.03
27	57.27	51.42	70.34	86.02	29.73	68.41	76.0	49.19	49.4	68.96	18.97	14.56	34.93	29.73	8.49	48.33	93.34	78.41	76.03	78.71	10.77	65.51	68.03	76.24	62.03	90.97	87.32	0.0	18.97	91.93	66.03	88.84	95.77	70.71	85.23	4.0	72.06	73.01	92.01	51.01	65.44	57.27
28	76.16	70.34	89.29	104.31	48.7	84.85	94.19	64.03	65.12	84.02	37.95	32.06	52.04	44.05	24.0	50.04	110.63	87.93	92.02	93.23	8.25	80.92	75.71	85.44	69.86	106.53	100.24	18.97	0.0	109.34	74.73	104.02	110.44	85.6	100.42	22.8	90.05	81.25	108.25	69.18	84.2	76.16
29	42.38	54.41	46.04	14.56	66.03	26.0	64.78	48.33	45.65	32.25	75.29	85.6	78.79	66.57	92.2	88.29	2.0	59.67	22.09	30.59	101.98	32.98	68.12	61.19	68.03	20.0	40.25	91.93	109.34	0.0	64.03	23.32	28.28	32.06	23.77	89.11	67.27	65.62	13.45	66.71	54.02	42.38
30	65.3	72.25	81.61	69.86	61.74	41.76	99.16	29.73	33.94	32.56	62.1	71.02	80.62	38.83	72.11	31.11	64.0	13.42	42.19	34.23	71.02	33.53	4.47	10.77	5.66	49.03	32.25	66.03	74.73	64.03	0.0	45.12	47.54	32.25	42.58	66.03	98.29	7.07	54.45	83.01	84.04	65.3
31	52.35	64.12	62.03	35.38	68.41	22.36	81.71	40.0	39.45	20.0	75.39	86.16	84.85	60.0	91.24	73.35	22.36	38.05	14.14	11.66	97.65	23.32	48.66	40.0	50.0	4.0	17.09	88.84	104.02	23.32	45.12	0.0	8.0	18.44	3.61	86.83	83.17	45.1	10.44	77.16	68.59	52.35
32	60.3	72.11	69.57	41.62	76.16	30.27	89.2	46.65	46.52	26.83	82.87	93.64	92.78	66.57	98.49	77.18	26.91	38.47	22.09	17.2	104.31	30.46	50.6	40.79	52.8	8.94	16.12	95.77	110.44	28.28	47.54	8.0	0.0	25.06	11.18	93.91	90.8	46.32	14.87	85.15	76.32	60.3
33	42.05	52.5	55.61	37.95	52.35	11.31	74.89	21.63	21.54	2.0	58.24	68.96	70.0	41.62	73.54	56.92	32.25	30.53	10.0	8.25	79.32	6.0	36.5	31.3	36.0	21.26	20.4	70.71	85.6	32.06	32.25	18.44	25.06	0.0	14.87	68.88	75.29	34.79	24.6	65.25	60.37	42.05
34	49.65	61.29	60.01	34.71	65.0	19.1	79.71	36.4	35.85	16.4	71.87	82.64	81.61	56.4	87.66	70.26	23.09	36.35	11.0	8.54	94.05	19.72	46.27	38.12	47.3	6.71	16.64	85.23	100.42	23.77	42.58	3.61	11.18	14.87	0.0	83.24	80.99	43.0	12.0	74.33	66.3	49.65
35	53.67	47.54	66.48	82.8	26.0	66.03	72.0	47.54	47.41	67.08	15.23	10.77	31.05	28.64	6.32	50.12	90.55	78.1	73.78	76.97	14.56	63.53	68.26	76.03	62.29	88.84	86.02	4.0	22.8	89.11	66.03	86.83	93.91	68.88	83.24	0.0	68.07	73.06	89.63	47.01	61.49	53.67
36	33.6	26.63	21.38	53.04	45.88	64.41	5.0	68.62	64.35	73.57	54.74	58.01	38.33	69.32	66.07	103.31	69.26	103.23	70.77	81.39	82.01	70.18	102.55	102.94	98.49	82.01	94.81	72.06	90.05	67.27	98.29	83.17	90.8	75.29	80.99	68.07	0.0	104.0	77.67	21.1	14.93	33.6
37	70.72	78.24	86.68	72.73	68.54	45.19	104.66	35.81	39.82	35.47	69.12	78.09	87.46	45.89	79.16	35.81	65.38	8.6	44.38	35.13	77.78	37.12	5.83	5.83	11.4	49.09	30.36	73.01	81.25	65.62	7.07	45.1	46.32	34.79	43.0	73.06	104.0	0.0	55.0	89.31	89.57	70.72
38	49.16	61.29	56.29	26.93	68.94	23.6	75.69	44.69	43.14	25.55	77.03	87.71	83.93	64.35	93.49	81.34	12.21	48.26	16.28	20.22	101.41	27.8	58.22	50.09	59.03	6.71	27.51	92.01	108.25	13.45	54.45	10.44	14.87	24.6	12.0	89.63	77.67	55.0	0.0	74.17	63.59	49.16
39	25.02	13.04	25.5	54.42	25.5	55.73	25.02	53.54	49.74	63.32	33.73	37.12	18.38	50.22	45.28	84.06	68.66	89.94	63.39	72.57	61.07	59.48	87.01	89.19	82.33	77.01	85.62	51.01	69.18	66.71	83.01	77.16	85.15	65.25	74.33	47.01	21.1	89.31	74.17	0.0	17.54	25.02
40	18.88	14.8	8.67	40.35	36.67	49.5	15.11	54.56	50.19	58.66	46.84	52.57	35.56	57.55	60.81	91.24	56.02	88.52	55.96	66.5	75.97	55.29	88.37	88.31	84.55	67.61	79.91	65.44	84.2	54.02	84.04	68.59	76.32	60.37	66.3	61.49	14.93	89.57	63.59	17.54	0.0	18.88
;
