vehicles
vehicle_idx, capacity, cost_per_unit_distance
1,100,3
2,100,3
3,100,3
4,100,3
5,100,3
depot
node_idx,x,y
0,73,39
home delivery customers
node_idx,x,y,service_time,demand
1,91,65,15,15
2,47,57,15,5
3,35,11,15,24
4,27,91,15,15
5,29,93,15,16
6,23,81,15,23
7,71,91,15,3
8,19,77,15,15
9,65,77,15,12
10,87,79,15,19
11,19,83,15,4
self pickup customers
node_idx,x,y,service_time,demand,locker_idxs
12,39,21,15,3,36
13,97,15,15,15,34
14,21,15,15,13,36
15,51,97,15,7,35
16,63,69,15,13,37
17,55,77,15,5,37
18,49,25,15,9,36
19,31,43,15,16,36
20,87,81,15,20,35
21,1,59,15,15,35
22,55,7,15,1,35
flexible customers
node_idx,x,y,service_time,demand,locker_idxs
23,67,91,15,23,36
24,3,9,15,24,36
25,55,75,15,24,35-37-38-34
26,55,71,15,7,37-38-34-35
27,57,85,15,25,35
28,11,11,15,5,35
29,43,59,15,14,35-37-34-38-36
30,71,27,15,13,36
31,27,9,15,13,35
32,67,99,15,24,34
33,89,33,15,20,36
lockers
node_idx,x,y,service_time,capacity,cost_per_unit_good
34,93,12,10,72
35,22,88,10,87
36,65,88,10,93
37,25,15,10,94
38,77,88,10,73
39,72,14,10,70
40,46,53,10,77
41,53,66,10,79
42,52,39,10,91
43,61,52,10,98
44,49,52,10,95
mrt lines
start_node_idx,end_node_idx,freight_capacity,cost_per_unit_good
34,35,87,0.5
35,34,87,0.5
distance matrix
,0,1,2,3,4,5,6,7,8,9,10,11,12,13,14,15,16,17,18,19,20,21,22,23,24,25,26,27,28,29,30,31,32,33,34,35,36,37,38,39,40,41,42,43,44,
0,0.0,31.62,31.62,47.2,69.43,69.66,65.3,52.04,66.03,38.83,42.38,69.66,38.47,33.94,57.27,62.03,31.62,42.05,27.78,42.19,44.27,74.73,36.72,52.35,76.16,40.25,36.72,48.7,68.03,36.06,12.17,54.92,60.3,17.09,33.6,70.72,49.65,53.67,49.16,25.02,30.41,33.6,21.0,17.69,27.29
1,31.62,0.0,44.72,77.79,69.08,68.03,69.86,32.8,72.99,28.64,14.56,74.22,68.12,50.36,86.02,51.22,28.28,37.95,58.0,63.91,16.49,90.2,68.26,35.38,104.31,37.36,36.5,39.45,96.52,48.37,42.94,85.04,41.62,32.06,53.04,72.73,34.71,82.8,26.93,54.42,46.57,38.01,46.87,32.7,43.97
2,31.62,44.72,0.0,47.54,39.45,40.25,33.94,41.62,34.41,26.91,45.65,38.21,36.88,65.3,49.4,40.2,20.0,21.54,32.06,21.26,46.65,46.04,50.64,39.45,65.12,19.7,16.12,29.73,58.41,4.47,38.42,52.0,46.52,48.37,64.35,39.82,35.85,47.41,43.14,49.74,4.12,10.82,18.68,14.87,5.39
3,47.2,77.79,47.54,0.0,80.4,82.22,71.02,87.73,67.91,72.5,85.6,73.76,10.77,62.13,14.56,87.48,64.4,68.96,19.8,32.25,87.2,58.82,20.4,86.16,32.06,67.05,63.25,77.2,24.0,48.66,39.4,8.25,93.64,58.31,58.01,78.09,82.64,10.77,87.71,37.12,43.42,57.87,32.76,48.55,43.32
4,69.43,69.08,39.45,80.4,0.0,2.83,10.77,44.0,16.12,40.5,61.19,11.31,71.02,103.32,76.24,24.74,42.19,31.3,69.57,48.17,60.83,41.23,88.54,40.0,85.44,32.25,34.41,30.59,81.58,35.78,77.67,82.0,40.79,84.9,102.94,5.83,38.12,76.03,50.09,89.19,42.49,36.07,57.7,51.74,44.78
5,69.66,68.03,40.25,82.22,2.83,0.0,13.42,42.05,18.87,39.4,59.67,14.14,72.69,103.48,78.41,22.36,41.62,30.53,70.88,50.04,59.23,44.05,89.84,38.05,87.93,31.62,34.06,29.12,83.95,36.77,78.23,84.02,38.47,84.85,103.23,8.6,36.35,78.1,48.26,89.94,43.46,36.12,58.69,52.01,45.62
6,65.3,69.86,33.94,71.02,10.77,13.42,0.0,49.03,5.66,42.19,64.03,4.47,62.1,99.16,66.03,32.25,41.76,32.25,61.74,38.83,64.0,31.11,80.62,45.12,74.73,32.56,33.53,34.23,71.02,29.73,72.25,72.11,47.54,81.61,98.29,7.07,42.58,66.03,54.45,83.01,36.24,33.54,51.04,47.8,38.95
7,52.04,32.8,41.62,87.73,44.0,42.05,49.03,0.0,53.85,15.23,20.0,52.61,76.97,80.32,90.97,20.88,23.41,21.26,69.57,62.48,18.87,76.97,85.51,4.0,106.53,22.63,25.61,15.23,100.0,42.52,64.0,93.06,8.94,60.73,82.01,49.09,6.71,88.84,6.71,77.01,45.49,30.81,55.36,40.26,44.78
8,66.03,72.99,34.41,67.91,16.12,18.87,5.66,53.85,0.0,46.0,68.03,6.0,59.46,99.64,62.03,37.74,44.72,36.0,60.03,36.06,68.12,25.46,78.71,50.0,69.86,36.06,36.5,38.83,66.48,30.0,72.14,68.47,52.8,82.68,98.49,11.4,47.3,62.29,59.03,82.33,36.12,35.74,50.33,48.88,39.05
9,38.83,28.64,26.91,72.5,40.5,39.4,42.19,15.23,46.0,0.0,22.09,46.39,61.74,69.77,76.03,24.41,8.25,10.0,54.41,48.08,22.36,66.48,70.71,14.14,92.02,10.2,11.66,11.31,85.28,28.43,50.36,77.9,22.09,50.12,70.77,44.38,11.0,73.78,16.28,63.39,30.61,16.28,40.16,25.32,29.68
10,42.38,14.56,45.65,85.6,61.19,59.67,64.03,20.0,68.03,22.09,0.0,68.12,75.29,64.78,91.93,40.25,26.0,32.06,66.03,66.57,2.0,88.29,78.79,23.32,109.34,32.25,32.98,30.59,101.98,48.33,54.41,92.2,28.28,46.04,67.27,65.62,23.77,89.11,13.45,66.71,48.55,36.4,53.15,37.48,46.62
11,69.66,74.22,38.21,73.76,11.31,14.14,4.47,52.61,6.0,46.39,68.12,0.0,65.15,103.48,68.03,34.93,46.17,36.5,65.3,41.76,68.03,30.0,84.1,48.66,75.71,36.88,37.95,38.05,72.44,33.94,76.42,74.43,50.6,86.02,102.55,5.83,46.27,68.26,58.22,87.01,40.36,38.01,55.0,52.2,43.14
12,38.47,68.12,36.88,10.77,71.02,72.69,62.1,76.97,59.46,61.74,75.29,65.15,0.0,58.31,18.97,76.94,53.67,58.24,10.77,23.41,76.84,53.74,21.26,75.39,37.95,56.32,52.5,66.48,29.73,38.21,32.56,16.97,82.87,51.42,54.74,69.12,71.87,15.23,77.03,33.73,32.76,47.13,22.2,38.01,32.57
13,33.94,50.36,65.3,62.13,103.32,103.48,99.16,80.32,99.64,69.77,64.78,103.48,58.31,0.0,76.0,94.02,63.81,74.89,49.03,71.69,66.75,105.6,42.76,81.71,94.19,73.24,70.0,80.62,86.09,69.66,28.64,70.26,89.2,19.7,5.0,104.66,79.71,72.0,75.69,25.02,63.6,67.36,51.0,51.62,60.61
14,57.27,86.02,49.4,14.56,76.24,78.41,66.03,90.97,62.03,76.03,91.93,68.03,18.97,76.0,0.0,87.32,68.41,70.71,29.73,29.73,93.34,48.33,34.93,88.84,18.97,68.96,65.51,78.71,10.77,49.19,51.42,8.49,95.77,70.34,72.06,73.01,85.23,4.0,92.01,51.01,45.49,60.21,39.2,54.49,46.4
15,62.03,51.22,40.2,87.48,24.74,22.36,32.25,20.88,37.74,24.41,40.25,34.93,76.94,94.02,87.32,0.0,30.46,20.4,72.03,57.58,39.4,62.8,90.09,17.09,100.24,22.36,26.31,13.42,94.85,38.83,72.8,91.21,16.12,74.43,94.81,30.36,16.64,86.02,27.51,85.62,44.28,31.06,58.01,46.1,45.04
16,31.62,28.28,20.0,64.4,42.19,41.62,41.76,23.41,44.72,8.25,26.0,46.17,53.67,63.81,68.41,30.46,0.0,11.31,46.17,41.23,26.83,62.8,62.51,22.36,84.85,10.0,8.25,17.09,77.9,22.36,42.76,69.97,30.27,44.41,64.41,45.19,19.1,66.03,23.6,55.73,23.35,10.44,31.95,17.12,22.02
17,42.05,37.95,21.54,68.96,31.3,30.53,32.25,21.26,36.0,10.0,32.06,36.5,58.24,74.89,70.71,20.4,11.31,0.0,52.35,41.62,32.25,56.92,70.0,18.44,85.6,2.0,6.0,8.25,79.32,21.63,52.5,73.54,25.06,55.61,75.29,34.79,14.87,68.88,24.6,65.25,25.63,11.18,38.12,25.71,25.71
18,27.78,58.0,32.06,19.8,69.57,70.88,61.74,69.57,60.03,54.41,66.03,65.3,10.77,49.03,29.73,72.03,46.17,52.35,0.0,25.46,67.68,58.82,18.97,68.41,48.7,50.36,46.39,60.53,40.5,34.53,22.09,27.2,76.16,40.79,45.88,68.54,65.0,26.0,68.94,25.5,28.16,41.19,14.32,29.55,27.0
19,42.19,63.91,21.26,32.25,48.17,50.04,38.83,62.48,36.06,48.08,66.57,41.76,23.41,71.69,29.73,57.58,41.23,41.62,25.46,0.0,67.68,34.0,43.27,60.0,44.05,40.0,36.88,49.4,37.74,20.0,43.08,34.23,66.57,58.86,69.32,45.89,56.4,28.64,64.35,50.22,18.03,31.83,21.38,31.32,20.12
20,44.27,16.49,46.65,87.2,60.83,59.23,64.0,18.87,68.12,22.36,2.0,68.03,76.84,66.75,93.34,39.4,26.83,32.25,67.68,67.68,0.0,88.77,80.62,22.36,110.63,32.56,33.53,30.27,103.32,49.19,56.32,93.72,26.91,48.04,69.26,65.38,23.09,90.55,12.21,68.66,49.65,37.16,54.67,38.95,47.8
21,74.73,90.2,46.04,58.82,41.23,44.05,31.11,76.97,25.46,66.48,88.29,30.0,53.74,105.6,48.33,62.8,62.8,56.92,58.82,34.0,88.77,0.0,74.97,73.35,50.04,56.32,55.32,61.74,49.03,42.0,76.97,56.36,77.18,91.76,103.31,35.81,70.26,50.12,81.34,84.06,45.4,52.47,54.78,60.41,48.51
22,36.72,68.26,50.64,20.4,88.54,89.84,80.62,85.51,78.71,70.71,78.79,84.1,21.26,42.76,34.93,90.09,62.51,70.0,18.97,43.27,80.62,74.97,0.0,84.85,52.04,68.0,64.0,78.03,44.18,53.37,25.61,28.07,92.78,42.8,38.33,87.46,81.61,31.05,83.93,18.38,46.87,59.03,32.14,45.4,45.4
23,52.35,35.38,39.45,86.16,40.0,38.05,45.12,4.0,50.0,14.14,23.32,48.66,75.39,81.71,88.84,17.09,22.36,18.44,68.41,60.0,22.36,73.35,84.85,0.0,104.02,20.0,23.32,11.66,97.65,40.0,64.12,91.24,8.0,62.03,83.17,45.1,3.61,86.83,10.44,77.16,43.42,28.65,54.12,39.46,42.95
24,76.16,104.31,65.12,32.06,85.44,87.93,74.73,106.53,69.86,92.02,109.34,75.71,37.95,94.19,18.97,100.24,84.85,85.6,48.7,44.05,110.63,50.04,52.04,104.02,0.0,84.02,80.92,93.23,8.25,64.03,70.34,24.0,110.44,89.29,90.05,81.25,100.42,22.8,108.25,69.18,61.52,75.82,57.45,72.2,62.97
25,40.25,37.36,19.7,67.05,32.25,31.62,32.56,22.63,36.06,10.2,32.25,36.88,56.32,73.24,68.96,22.36,10.0,2.0,50.36,40.0,32.56,56.32,68.0,20.0,84.02,0.0,4.0,10.2,77.67,20.0,50.6,71.69,26.83,54.04,73.57,35.47,16.4,67.08,25.55,63.32,23.77,9.22,36.12,23.77,23.77
26,36.72,36.5,16.12,63.25,34.41,34.06,33.53,25.61,36.5,11.66,32.98,37.95,52.5,70.0,65.51,26.31,8.25,6.0,46.39,36.88,33.53,55.32,64.0,23.32,80.92,4.0,0.0,14.14,74.4,16.97,46.82,68.03,30.46,50.99,70.18,37.12,19.72,63.53,27.8,59.48,20.12,5.39,32.14,19.92,19.92
27,48.7,39.45,29.73,77.2,30.59,29.12,34.23,15.23,38.83,11.31,30.59,38.05,66.48,80.62,78.71,13.42,17.09,8.25,60.53,49.4,30.27,61.74,78.03,11.66,93.23,10.2,14.14,0.0,87.13,29.53,59.67,81.71,17.2,61.06,81.39,35.13,8.54,76.97,20.22,72.57,33.84,19.42,46.27,33.24,33.96
28,68.03,96.52,58.41,24.0,81.58,83.95,71.02,100.0,66.48,85.28,101.98,72.44,29.73,86.09,10.77,94.85,77.9,79.32,40.5,37.74,103.32,49.03,44.18,97.65,8.25,77.67,74.4,87.13,0.0,57.69,62.1,16.12,104.31,81.04,82.01,77.78,94.05,14.56,101.41,61.07,54.67,69.2,49.65,64.66,55.9
29,36.06,48.37,4.47,48.66,35.78,36.77,29.73,42.52,30.0,28.43,48.33,33.94,38.21,69.66,49.19,38.83,22.36,21.63,34.53,20.0,49.19,42.0,53.37,40.0,64.03,20.0,16.97,29.53,57.69,0.0,42.52,52.5,46.65,52.84,68.62,35.81,36.4,47.54,44.69,53.54,6.71,12.21,21.93,19.31,9.22
30,12.17,42.94,38.42,39.4,77.67,78.23,72.25,64.0,72.14,50.36,54.41,76.42,32.56,28.64,51.42,72.8,42.76,52.5,22.09,43.08,56.32,76.97,25.61,64.12,70.34,50.6,46.82,59.67,62.1,42.52,0.0,47.54,72.11,18.97,26.63,78.24,61.29,47.54,61.29,13.04,36.07,42.95,22.47,26.93,33.3
31,54.92,85.04,52.0,8.25,82.0,84.02,72.11,93.06,68.47,77.9,92.2,74.43,16.97,70.26,8.49,91.21,69.97,73.54,27.2,34.23,93.72,56.36,28.07,91.24,24.0,71.69,68.03,81.71,16.12,52.5,47.54,0.0,98.49,66.48,66.07,79.16,87.66,6.32,93.49,45.28,47.93,62.65,39.05,54.82,48.3
32,60.3,41.62,46.52,93.64,40.79,38.47,47.54,8.94,52.8,22.09,28.28,50.6,82.87,89.2,95.77,16.12,30.27,25.06,76.16,66.57,26.91,77.18,92.78,8.0,110.44,26.83,30.46,17.2,104.31,46.65,72.11,98.49,0.0,69.57,90.8,46.32,11.18,93.91,14.87,85.15,50.57,35.85,61.85,47.38,50.33
33,17.09,32.06,48.37,58.31,84.9,84.85,81.61,60.73,82.68,50.12,46.04,86.02,51.42,19.7,70.34,74.43,44.41,55.61,40.79,58.86,48.04,91.76,42.8,62.03,89.29,54.04,50.99,61.06,81.04,52.84,18.97,66.48,69.57,0.0,21.38,86.68,60.01,66.48,56.29,25.5,47.42,48.84,37.48,33.84,44.28
34,33.6,53.04,64.35,58.01,102.94,103.23,98.29,82.01,98.49,70.77,67.27,102.55,54.74,5.0,72.06,94.81,64.41,75.29,45.88,69.32,69.26,103.31,38.33,83.17,90.05,73.57,70.18,81.39,82.01,68.62,26.63,66.07,90.8,21.38,0.0,104.0,80.99,68.07,77.67,21.1,62.37,67.2,49.09,51.22,59.46
35,70.72,72.73,39.82,78.09,5.83,8.6,7.07,49.09,11.4,44.38,65.62,5.83,69.12,104.66,73.01,30.36,45.19,34.79,68.54,45.89,65.38,35.81,87.46,45.1,81.25,35.47,37.12,35.13,77.78,35.81,78.24,79.16,46.32,86.68,104.0,0.0,43.0,73.06,55.0,89.31,42.44,38.01,57.45,53.08,45.0
36,49.65,34.71,35.85,82.64,38.12,36.35,42.58,6.71,47.3,11.0,23.77,46.27,71.87,79.71,85.23,16.64,19.1,14.87,65.0,56.4,23.09,70.26,81.61,3.61,100.42,16.4,19.72,8.54,94.05,36.4,61.29,87.66,11.18,60.01,80.99,43.0,0.0,83.24,12.0,74.33,39.82,25.06,50.7,36.22,39.4
37,53.67,82.8,47.41,10.77,76.03,78.1,66.03,88.84,62.29,73.78,89.11,68.26,15.23,72.0,4.0,86.02,66.03,68.88,26.0,28.64,90.55,50.12,31.05,86.83,22.8,67.08,63.53,76.97,14.56,47.54,47.54,6.32,93.91,66.48,68.07,73.06,83.24,0.0,89.63,47.01,43.42,58.18,36.12,51.62,44.1
38,49.16,26.93,43.14,87.71,50.09,48.26,54.45,6.71,59.03,16.28,13.45,58.22,77.03,75.69,92.01,27.51,23.6,24.6,68.94,64.35,12.21,81.34,83.93,10.44,108.25,25.55,27.8,20.22,101.41,44.69,61.29,93.49,14.87,56.29,77.67,55.0,12.0,89.63,0.0,74.17,46.75,32.56,55.01,39.4,45.61
39,25.02,54.42,49.74,37.12,89.19,89.94,83.01,77.01,82.33,63.39,66.71,87.01,33.73,25.02,51.01,85.62,55.73,65.25,25.5,50.22,68.66,84.06,18.38,77.16,69.18,63.32,59.48,72.57,61.07,53.54,13.04,45.28,85.15,25.5,21.1,89.31,74.33,47.01,74.17,0.0,46.87,55.36,32.02,39.56,44.42
40,30.41,46.57,4.12,43.42,42.49,43.46,36.24,45.49,36.12,30.61,48.55,40.36,32.76,63.6,45.49,44.28,23.35,25.63,28.16,18.03,49.65,45.4,46.87,43.42,61.52,23.77,20.12,33.84,54.67,6.71,36.07,47.93,50.57,47.42,62.37,42.44,39.82,43.42,46.75,46.87,0.0,14.76,15.23,15.03,3.16
41,33.6,38.01,10.82,57.87,36.07,36.12,33.54,30.81,35.74,16.28,36.4,38.01,47.13,67.36,60.21,31.06,10.44,11.18,41.19,31.83,37.16,52.47,59.03,28.65,75.82,9.22,5.39,19.42,69.2,12.21,42.95,62.65,35.85,48.84,67.2,38.01,25.06,58.18,32.56,55.36,14.76,0.0,27.02,16.12,14.56
42,21.0,46.87,18.68,32.76,57.7,58.69,51.04,55.36,50.33,40.16,53.15,55.0,22.2,51.0,39.2,58.01,31.95,38.12,14.32,21.38,54.67,54.78,32.14,54.12,57.45,36.12,32.14,46.27,49.65,21.93,22.47,39.05,61.85,37.48,49.09,57.45,50.7,36.12,55.01,32.02,15.23,27.02,0.0,15.81,13.34
43,17.69,32.7,14.87,48.55,51.74,52.01,47.8,40.26,48.88,25.32,37.48,52.2,38.01,51.62,54.49,46.1,17.12,25.71,29.55,31.32,38.95,60.41,45.4,39.46,72.2,23.77,19.92,33.24,64.66,19.31,26.93,54.82,47.38,33.84,51.22,53.08,36.22,51.62,39.4,39.56,15.03,16.12,15.81,0.0,12.0
44,27.29,43.97,5.39,43.32,44.78,45.62,38.95,44.78,39.05,29.68,46.62,43.14,32.57,60.61,46.4,45.04,22.02,25.71,27.0,20.12,47.8,48.51,45.4,42.95,62.97,23.77,19.92,33.96,55.9,9.22,33.3,48.3,50.33,44.28,59.46,45.0,39.4,44.1,45.61,44.42,3.16,14.56,13.34,12.0,0.0
