set K:= 1	2	3	4	5;
set C_H:= 1	2	3	4	5	6	7	8	9	10	11	12	13;
set C_S:= 14	15	16	17	18	19	20	21	22	23	24;
set C_F:= 25	26	27	28	29	30	31	32	33	34	35;
set M:= 36	37;
set M_B:= 38	39;
set L_B:= 40	41	42	43	44;
set A1:=
(0,*) 1 2 3 4 5 6 7 8 9 10 11 12 13 25 26 27 28 29 30 31 32 33 34 35 36 37 38 39 40 41 42 43 44
(1,*) 0 2 3 4 5 6 7 8 9 10 11 12 13 25 26 27 28 29 30 31 32 33 34 35 36 37 38 39 40 41 42 43 44
(2,*) 0 1 3 4 5 6 7 8 9 10 11 12 13 25 26 27 28 29 30 31 32 33 34 35 36 37 38 39 40 41 42 43 44
(3,*) 0 1 2 4 5 6 7 8 9 10 11 12 13 25 26 27 28 29 30 31 32 33 34 35 36 37 38 39 40 41 42 43 44
(4,*) 0 1 2 3 5 6 7 8 9 10 11 12 13 25 26 27 28 29 30 31 32 33 34 35 36 37 38 39 40 41 42 43 44
(5,*) 0 1 2 3 4 6 7 8 9 10 11 12 13 25 26 27 28 29 30 31 32 33 34 35 36 37 38 39 40 41 42 43 44
(6,*) 0 1 2 3 4 5 7 8 9 10 11 12 13 25 26 27 28 29 30 31 32 33 34 35 36 37 38 39 40 41 42 43 44
(7,*) 0 1 2 3 4 5 6 8 9 10 11 12 13 25 26 27 28 29 30 31 32 33 34 35 36 37 38 39 40 41 42 43 44
(8,*) 0 1 2 3 4 5 6 7 9 10 11 12 13 25 26 27 28 29 30 31 32 33 34 35 36 37 38 39 40 41 42 43 44
(9,*) 0 1 2 3 4 5 6 7 8 10 11 12 13 25 26 27 28 29 30 31 32 33 34 35 36 37 38 39 40 41 42 43 44
(10,*) 0 1 2 3 4 5 6 7 8 9 11 12 13 25 26 27 28 29 30 31 32 33 34 35 36 37 38 39 40 41 42 43 44
(11,*) 0 1 2 3 4 5 6 7 8 9 10 12 13 25 26 27 28 29 30 31 32 33 34 35 36 37 38 39 40 41 42 43 44
(12,*) 0 1 2 3 4 5 6 7 8 9 10 11 13 25 26 27 28 29 30 31 32 33 34 35 36 37 38 39 40 41 42 43 44
(13,*) 0 1 2 3 4 5 6 7 8 9 10 11 12 25 26 27 28 29 30 31 32 33 34 35 36 37 38 39 40 41 42 43 44
(25,*) 0 1 2 3 4 5 6 7 8 9 10 11 12 13 26 27 28 29 30 31 32 33 34 35 36 37 38 39 40 41 42 43 44
(26,*) 0 1 2 3 4 5 6 7 8 9 10 11 12 13 25 27 28 29 30 31 32 33 34 35 36 37 38 39 40 41 42 43 44
(27,*) 0 1 2 3 4 5 6 7 8 9 10 11 12 13 25 26 28 29 30 31 32 33 34 35 36 37 38 39 40 41 42 43 44
(28,*) 0 1 2 3 4 5 6 7 8 9 10 11 12 13 25 26 27 29 30 31 32 33 34 35 36 37 38 39 40 41 42 43 44
(29,*) 0 1 2 3 4 5 6 7 8 9 10 11 12 13 25 26 27 28 30 31 32 33 34 35 36 37 38 39 40 41 42 43 44
(30,*) 0 1 2 3 4 5 6 7 8 9 10 11 12 13 25 26 27 28 29 31 32 33 34 35 36 37 38 39 40 41 42 43 44
(31,*) 0 1 2 3 4 5 6 7 8 9 10 11 12 13 25 26 27 28 29 30 32 33 34 35 36 37 38 39 40 41 42 43 44
(32,*) 0 1 2 3 4 5 6 7 8 9 10 11 12 13 25 26 27 28 29 30 31 33 34 35 36 37 38 39 40 41 42 43 44
(33,*) 0 1 2 3 4 5 6 7 8 9 10 11 12 13 25 26 27 28 29 30 31 32 34 35 36 37 38 39 40 41 42 43 44
(34,*) 0 1 2 3 4 5 6 7 8 9 10 11 12 13 25 26 27 28 29 30 31 32 33 35 36 37 38 39 40 41 42 43 44
(35,*) 0 1 2 3 4 5 6 7 8 9 10 11 12 13 25 26 27 28 29 30 31 32 33 34 36 37 38 39 40 41 42 43 44
(36,*) 0 1 2 3 4 5 6 7 8 9 10 11 12 13 25 26 27 28 29 30 31 32 33 34 35 37 38 39 40 41 42 43 44
(37,*) 0 1 2 3 4 5 6 7 8 9 10 11 12 13 25 26 27 28 29 30 31 32 33 34 35 36 38 39 40 41 42 43 44
(38,*) 0 1 2 3 4 5 6 7 8 9 10 11 12 13 25 26 27 28 29 30 31 32 33 34 35 36 37 39 40 41 42 43 44
(39,*) 0 1 2 3 4 5 6 7 8 9 10 11 12 13 25 26 27 28 29 30 31 32 33 34 35 36 37 38 40 41 42 43 44
(40,*) 0 1 2 3 4 5 6 7 8 9 10 11 12 13 25 26 27 28 29 30 31 32 33 34 35 36 37 38 39 41 42 43 44
(41,*) 0 1 2 3 4 5 6 7 8 9 10 11 12 13 25 26 27 28 29 30 31 32 33 34 35 36 37 38 39 40 42 43 44
(42,*) 0 1 2 3 4 5 6 7 8 9 10 11 12 13 25 26 27 28 29 30 31 32 33 34 35 36 37 38 39 40 41 43 44
(43,*) 0 1 2 3 4 5 6 7 8 9 10 11 12 13 25 26 27 28 29 30 31 32 33 34 35 36 37 38 39 40 41 42 44
(44,*) 0 1 2 3 4 5 6 7 8 9 10 11 12 13 25 26 27 28 29 30 31 32 33 34 35 36 37 38 39 40 41 42 43
;
param BigM:=99999;
param n:= 5;
param d:=
1	1
2	14
3	15
4	11
5	18
6	22
7	23
8	9
9	13
10	13
11	21
12	12
13	11
14	2
15	18
16	2
17	4
18	2
19	15
20	11
21	6
22	19
23	15
24	2
25	7
26	12
27	21
28	14
29	10
30	19
31	20
32	8
33	18
34	11
35	23
;
param Q:=100;
param e:
	36	37	38	39	40	41	42	43	44:=
14		1		0		1		0		0		0		1		0		1	
15		1		0		1		0		0		0		0		1		0	
16		1		0		1		0		0		0		1		0		0	
17		1		0		1		0		0		0		1		0		0	
18		1		0		1		0		0		0		0		1		0	
19		1		0		1		0		0		1		0		0		0	
20		1		0		1		0		0		1		0		0		0	
21		1		0		1		0		0		0		1		0		0	
22		0		1		0		1		1		0		0		0		0	
23		1		1		1		1		1		0		1		1		1	
24		1		0		1		0		0		0		1		0		0	
25		0		1		0		1		0		1		0		0		0	
26		1		1		1		1		0		1		0		1		0	
27		1		0		1		0		1		0		1		0		1	
28		1		0		1		0		1		0		1		0		1	
29		0		1		0		1		0		1		0		0		0	
30		1		0		1		0		0		1		0		0		0	
31		0		1		0		1		0		0		1		0		0	
32		1		0		1		0		0		1		0		1		0	
33		1		0		1		0		0		1		0		0		0	
34		1		0		1		0		0		0		0		0		1	
35		1		0		1		0		1		0		1		0		1	
;
param p:=
1	3
2	3
3	3
4	3
5	3
;
param G:=
36	76
37	84
38	76
39	84
40	83
41	80
42	88
43	80
44	87
;
param s:=
0	0
1	10
2	10
3	10
4	10
5	10
6	10
7	10
8	10
9	10
10	10
11	10
12	10
13	10
25	10
26	10
27	10
28	10
29	10
30	10
31	10
32	10
33	10
34	10
35	10
36	10
37	10
38	10
39	10
40	10
41	10
42	10
43	10
44	10
;
param t:
	0	1	2	3	4	5	6	7	8	9	10	11	12	13	14	15	16	17	18	19	20	21	22	23	24	25	26	27	28	29	30	31	32	33	34	35	36	37	38	39	40	41	42	43	44:=
0	0.0	33.11	72.25	70.94	106.15	21.63	17.2	10.0	56.92	46.17	14.14	78.82	64.0	76.03	70.0	48.83	76.66	72.11	88.81	56.14	60.0	69.86	32.31	54.41	69.86	78.92	28.28	60.83	55.46	13.42	62.29	26.31	47.07	76.94	72.25	60.17	85.21	10.77	85.21	10.77	43.86	43.66	59.46	37.59	54.59
1	33.11	0.0	89.29	69.86	101.13	36.72	48.83	42.19	83.23	24.08	42.52	68.96	36.77	94.25	71.02	54.04	46.17	45.69	78.23	31.62	33.11	78.03	26.0	58.03	48.41	101.13	18.11	57.72	64.28	24.08	37.74	47.71	28.84	52.84	46.52	70.46	74.95	41.62	74.95	41.62	46.0	31.02	58.86	32.14	62.13
2	72.25	89.29	0.0	43.86	66.27	54.33	60.17	65.12	30.0	78.89	58.55	63.56	92.46	5.66	39.4	38.83	107.81	94.76	68.96	84.4	90.0	23.41	64.62	38.21	83.55	18.97	71.47	48.41	28.43	84.0	86.56	46.04	73.78	92.2	93.34	22.63	66.73	62.8	66.73	62.8	46.65	66.89	44.05	60.37	31.24
3	70.94	69.86	43.86	0.0	35.38	49.52	68.82	69.43	64.0	50.0	62.48	19.7	56.92	49.19	4.47	22.8	70.68	56.36	26.08	50.99	55.79	20.59	44.94	17.2	43.91	62.77	53.14	12.17	22.36	77.18	50.6	50.48	44.0	51.61	54.59	24.08	23.35	66.6	23.35	66.6	27.2	39.32	11.66	38.28	20.88
4	106.15	101.13	66.27	35.38	0.0	84.85	104.02	104.8	93.15	78.43	97.84	32.98	78.41	70.03	37.2	58.14	88.09	74.0	26.0	75.71	78.92	46.17	78.23	52.5	62.13	84.0	86.09	45.61	55.57	111.61	72.69	85.6	72.8	66.12	72.0	54.63	28.16	101.98	28.16	101.98	62.29	70.21	46.69	71.56	54.92
5	21.63	36.72	54.33	49.52	84.85	0.0	22.36	20.59	46.86	36.77	14.56	59.06	55.03	58.86	48.41	27.2	69.86	61.61	68.96	46.17	51.26	48.7	18.97	32.8	56.04	64.62	21.26	40.0	34.18	30.59	51.42	11.31	34.93	64.28	61.19	39.29	65.37	17.89	65.37	17.89	22.8	29.15	38.21	21.0	33.11
6	17.2	48.83	60.17	68.82	104.02	22.36	0.0	7.21	40.79	56.89	8.0	80.62	75.31	63.15	66.84	46.04	89.29	82.61	90.38	66.75	71.39	62.8	40.05	51.61	78.03	64.03	39.29	60.83	49.52	30.53	72.44	18.44	56.14	86.02	82.39	52.8	86.82	7.21	86.82	7.21	43.86	51.01	58.31	43.19	49.52
7	10.0	42.19	65.12	69.43	104.8	20.59	7.21	0.0	47.54	52.15	7.21	79.65	70.46	68.47	67.88	46.69	83.95	78.1	89.55	62.13	66.48	65.51	36.22	52.35	74.43	70.26	34.23	60.46	51.61	23.32	68.03	20.59	52.04	82.1	78.03	55.57	85.96	2.83	85.96	2.83	43.27	47.52	58.41	40.26	51.22
8	56.92	83.23	30.0	64.0	93.15	46.86	40.79	47.54	0.0	81.22	43.08	82.39	98.18	29.73	60.03	48.08	113.72	102.96	90.02	89.31	94.87	47.07	63.78	50.99	94.02	24.74	67.94	63.15	42.19	70.23	93.3	35.61	77.67	102.96	102.0	40.05	87.09	46.17	87.09	46.17	52.8	70.72	58.86	62.43	44.41
9	46.17	24.08	78.89	50.0	78.43	36.77	56.89	52.15	81.22	0.0	49.03	45.69	18.44	84.38	52.15	40.25	33.11	26.0	54.59	10.0	14.56	62.64	17.89	42.38	25.06	94.02	18.0	38.05	50.99	43.08	16.12	47.41	6.0	31.05	26.08	57.27	51.43	50.36	51.43	50.36	32.25	12.08	40.45	19.1	48.33
10	14.14	42.52	58.55	62.48	97.84	14.56	8.0	7.21	43.08	49.03	0.0	73.35	67.47	62.13	60.83	39.7	81.61	74.67	83.19	58.86	63.56	58.31	32.06	45.34	70.03	64.78	31.62	53.85	44.41	27.2	64.5	13.42	48.17	78.03	74.43	48.37	79.61	4.47	79.61	4.47	36.72	43.01	51.61	35.23	44.05
11	78.82	68.96	63.56	19.7	32.98	59.06	80.62	79.65	82.39	45.69	73.35	0.0	46.0	68.88	24.17	36.5	57.27	42.76	10.0	42.76	46.17	40.25	48.08	32.06	30.27	82.46	55.32	20.4	40.2	82.02	40.05	63.25	40.25	36.06	40.79	43.17	6.4	76.94	6.4	76.94	36.77	38.6	24.08	41.77	38.05
12	64.0	36.77	92.46	56.92	78.41	55.03	75.31	70.46	98.18	18.44	67.47	46.0	0.0	98.08	60.17	53.81	15.62	8.94	52.61	8.94	4.0	73.43	36.06	54.41	16.49	108.9	36.22	46.52	64.03	59.23	6.32	65.39	20.59	16.97	10.0	70.0	50.25	68.73	50.25	68.73	46.69	27.46	50.12	35.85	61.22
13	76.03	94.25	5.66	49.19	70.03	58.86	63.15	68.47	29.73	84.38	62.13	68.88	98.08	0.0	44.72	44.41	113.45	100.42	74.0	90.0	95.6	28.64	69.86	43.86	89.2	14.14	76.55	54.04	34.06	88.09	92.2	50.04	79.32	97.84	98.99	28.28	71.87	66.27	71.87	66.27	52.15	72.4	49.68	65.76	36.88
14	70.0	71.02	39.4	4.47	37.2	48.41	66.84	67.88	60.03	52.15	60.83	24.17	60.17	44.72	0.0	21.26	74.24	60.03	30.27	53.85	58.82	16.12	45.61	15.62	47.71	58.31	53.85	14.14	18.97	76.94	53.85	48.41	46.17	55.61	58.31	20.0	27.66	65.05	27.66	65.05	26.83	41.01	12.17	39.05	17.89
15	48.83	54.04	38.83	22.8	58.14	27.2	46.04	46.69	48.08	40.25	39.7	36.5	53.81	44.41	21.26	0.0	69.31	56.85	45.61	45.61	51.22	24.0	28.07	5.66	46.65	55.17	36.0	16.12	10.77	56.46	48.08	27.78	34.99	55.57	55.61	17.09	42.2	43.86	42.2	43.86	8.25	28.18	12.65	22.56	8.25
16	76.66	46.17	107.81	70.68	88.09	69.86	89.29	83.95	113.72	33.11	81.61	57.27	15.62	113.45	74.24	69.31	0.0	14.56	62.13	24.41	18.87	88.2	50.99	69.66	27.2	124.45	50.0	61.06	79.4	70.03	21.26	80.5	36.06	22.0	16.49	85.28	60.41	82.46	60.41	82.46	62.29	43.01	64.9	51.31	76.58
17	72.11	45.69	94.76	56.36	74.0	61.61	82.61	78.1	102.96	26.0	74.67	42.76	8.94	100.42	60.03	56.85	14.56	0.0	48.0	16.0	12.65	74.4	42.76	56.57	12.65	111.95	44.0	47.2	66.48	67.91	10.2	71.47	26.68	8.94	2.0	72.14	46.1	76.24	46.1	76.24	50.48	32.89	51.22	41.44	63.66
18	88.81	78.23	68.96	26.08	26.0	68.96	90.38	89.55	90.02	54.59	83.19	10.0	52.61	74.0	30.27	45.61	62.13	48.0	0.0	50.6	53.37	45.61	58.0	40.79	36.22	87.93	65.12	29.73	48.04	91.93	47.07	72.8	49.4	40.2	46.0	50.16	3.61	86.83	3.61	86.83	46.52	48.27	32.98	51.74	46.17
19	56.14	31.62	84.4	50.99	75.71	46.17	66.75	62.13	89.31	10.0	58.86	42.76	8.94	90.0	53.85	45.61	24.41	16.0	50.6	0.0	5.66	66.21	27.2	46.65	16.97	100.5	28.0	39.85	56.04	52.5	6.32	56.46	11.66	21.54	16.12	62.13	47.8	60.3	47.8	60.3	38.21	18.6	43.08	26.93	53.25
20	60.0	33.11	90.0	55.79	78.92	51.26	71.39	66.48	94.87	14.56	63.56	46.17	4.0	95.6	58.82	51.22	18.87	12.65	53.37	5.66	0.0	71.55	32.31	52.15	17.89	106.15	32.25	44.94	61.61	55.32	6.32	61.74	17.2	20.0	13.42	67.68	50.8	64.78	50.8	64.78	43.86	24.21	48.33	32.45	58.82
21	69.86	78.03	23.41	20.59	46.17	48.7	62.8	65.51	47.07	62.64	58.31	40.25	73.43	28.64	16.12	24.0	88.2	74.4	45.61	66.21	71.55	0.0	52.04	20.4	62.48	42.38	60.0	27.2	14.56	79.12	67.23	44.94	56.92	70.77	72.8	10.0	43.32	62.77	43.32	62.77	32.06	50.7	23.32	46.27	16.12
22	32.31	26.0	64.62	44.94	78.23	18.97	40.05	36.22	63.78	17.89	32.06	48.08	36.06	69.86	45.61	28.07	50.99	42.76	58.0	27.2	32.31	52.04	0.0	32.06	38.21	78.23	8.25	33.11	38.47	33.94	32.56	29.53	16.12	46.0	42.43	44.72	54.45	34.06	54.45	34.06	20.0	11.4	33.53	6.71	36.22
23	54.41	58.03	38.21	17.2	52.5	32.8	51.61	52.35	50.99	42.38	45.34	32.06	54.41	43.86	15.62	5.66	69.66	56.57	40.79	46.65	52.15	20.4	32.06	0.0	45.61	55.61	40.2	12.17	10.0	61.74	48.41	33.29	36.77	54.41	55.17	15.62	37.48	49.52	37.48	49.52	12.17	30.36	8.0	26.02	7.21
24	69.86	48.41	83.55	43.91	62.13	56.04	78.03	74.43	94.02	25.06	70.03	30.27	16.49	89.2	47.71	46.65	27.2	12.65	36.22	16.97	17.89	62.48	38.21	45.61	0.0	101.21	41.76	35.38	55.61	68.03	11.66	64.78	22.8	8.94	10.77	60.96	34.01	72.25	34.01	72.25	41.23	27.02	39.6	35.06	52.8
25	78.92	101.13	18.97	62.77	84.0	64.62	64.03	70.26	24.74	94.02	64.78	82.46	108.9	14.14	58.31	55.17	124.45	111.95	87.93	100.5	106.15	42.38	78.23	55.61	101.21	0.0	84.12	66.57	45.61	91.78	103.25	54.41	89.38	110.0	110.63	40.5	85.7	68.47	85.7	68.47	62.29	82.33	62.13	75.0	48.41
26	28.28	18.11	71.47	53.14	86.09	21.26	39.29	34.23	67.94	18.0	31.62	55.32	36.22	76.55	53.85	36.0	50.0	44.0	65.12	28.0	32.25	60.0	8.25	40.2	41.76	84.12	0.0	41.23	46.17	27.2	34.06	32.56	18.97	48.66	44.05	52.35	61.62	32.56	61.62	32.56	28.07	17.03	41.76	14.87	44.05
27	60.83	57.72	48.41	12.17	45.61	40.0	60.83	60.46	63.15	38.05	53.85	20.4	46.52	54.04	14.14	16.12	61.06	47.2	29.73	39.85	44.94	27.2	33.11	12.17	35.38	66.57	41.23	0.0	21.54	66.03	40.25	43.08	32.06	43.86	45.61	26.08	26.25	57.69	26.25	57.69	17.2	27.17	4.47	26.4	18.97
28	55.46	64.28	28.43	22.36	55.57	34.18	49.52	51.61	42.19	50.99	44.41	40.2	64.03	34.06	18.97	10.77	79.4	66.48	48.04	56.04	61.61	14.56	38.47	10.0	55.61	45.61	46.17	21.54	0.0	64.56	58.14	31.24	45.65	64.4	65.12	6.32	45.0	48.83	45.0	48.83	18.97	38.91	17.09	33.24	2.83
29	13.42	24.08	84.0	77.18	111.61	30.59	30.53	23.32	70.23	43.08	27.2	82.02	59.23	88.09	76.94	56.46	70.03	67.91	91.93	52.5	55.32	79.12	33.94	61.74	68.03	91.78	27.2	66.03	64.56	0.0	58.82	38.05	45.65	74.0	68.41	69.86	88.39	24.17	88.39	24.17	50.12	44.2	65.51	40.36	63.25
30	62.29	37.74	86.56	50.6	72.69	51.42	72.44	68.03	93.3	16.12	64.5	40.05	6.32	92.2	53.85	48.08	21.26	10.2	47.07	6.32	6.32	67.23	32.56	48.41	11.66	103.25	34.06	40.25	58.14	58.82	0.0	61.35	16.49	15.23	10.0	64.03	44.55	66.12	44.55	66.12	41.23	22.85	43.91	31.38	55.32
31	26.31	47.71	46.04	50.48	85.6	11.31	18.44	20.59	35.61	47.41	13.42	63.25	65.39	50.04	48.41	27.78	80.5	71.47	72.8	56.46	61.74	44.94	29.53	33.29	64.78	54.41	32.56	43.08	31.24	38.05	61.35	0.0	44.94	73.35	70.88	34.99	69.29	17.89	69.29	17.89	26.68	38.6	40.25	30.08	31.11
32	47.07	28.84	73.78	44.0	72.8	34.93	56.14	52.04	77.67	6.0	48.17	40.25	20.59	79.32	46.17	34.99	36.06	26.68	49.4	11.66	17.2	56.92	16.12	36.77	22.8	89.38	18.97	32.06	45.65	45.65	16.49	44.94	0.0	30.07	26.31	51.88	46.14	50.0	46.14	50.0	27.2	7.07	34.53	15.26	42.94
33	76.94	52.84	92.2	51.61	66.12	64.28	86.02	82.1	102.96	31.05	78.03	36.06	16.97	97.84	55.61	55.57	22.0	8.94	40.2	21.54	20.0	70.77	46.0	54.41	8.94	110.0	48.66	43.86	64.4	74.0	15.23	73.35	30.07	0.0	7.21	69.66	38.64	80.02	38.64	80.02	50.16	35.13	48.17	43.42	61.61
34	72.25	46.52	93.34	54.59	72.0	61.19	82.39	78.03	102.0	26.08	74.43	40.79	10.0	98.99	58.31	55.61	16.49	2.0	46.0	16.12	13.42	72.8	42.43	55.17	10.77	110.63	44.05	45.61	65.12	68.41	10.0	70.88	26.31	7.21	0.0	70.71	44.1	76.11	44.1	76.11	49.4	32.28	49.68	40.8	62.29
35	60.17	70.46	22.63	24.08	54.63	39.29	52.8	55.57	40.05	57.27	48.37	43.17	70.0	28.28	20.0	17.09	85.28	72.14	50.16	62.13	67.68	10.0	44.72	15.62	60.96	40.5	52.35	26.08	6.32	69.86	64.03	34.99	51.88	69.66	70.71	0.0	47.38	52.84	47.38	52.84	25.3	45.19	21.63	39.56	8.94
36	85.21	74.95	66.73	23.35	28.16	65.37	86.82	85.96	87.09	51.43	79.61	6.4	50.25	71.87	27.66	42.2	60.41	46.1	3.61	47.8	50.8	43.32	54.45	37.48	34.01	85.7	61.62	26.25	45.0	88.39	44.55	69.29	46.14	38.64	44.1	47.38	0.0	83.24	0.0	83.24	42.95	44.82	29.61	48.17	43.05
37	10.77	41.62	62.8	66.6	101.98	17.89	7.21	2.83	46.17	50.36	4.47	76.94	68.73	66.27	65.05	43.86	82.46	76.24	86.83	60.3	64.78	62.77	34.06	49.52	72.25	68.47	32.56	57.69	48.83	24.17	66.12	17.89	50.0	80.02	76.11	52.84	83.24	0.0	83.24	0.0	40.5	45.28	55.61	37.85	48.41
38	85.21	74.95	66.73	23.35	28.16	65.37	86.82	85.96	87.09	51.43	79.61	6.4	50.25	71.87	27.66	42.2	60.41	46.1	3.61	47.8	50.8	43.32	54.45	37.48	34.01	85.7	61.62	26.25	45.0	88.39	44.55	69.29	46.14	38.64	44.1	47.38	0.0	83.24	0.0	83.24	42.95	44.82	29.61	48.17	43.05
39	10.77	41.62	62.8	66.6	101.98	17.89	7.21	2.83	46.17	50.36	4.47	76.94	68.73	66.27	65.05	43.86	82.46	76.24	86.83	60.3	64.78	62.77	34.06	49.52	72.25	68.47	32.56	57.69	48.83	24.17	66.12	17.89	50.0	80.02	76.11	52.84	83.24	0.0	83.24	0.0	40.5	45.28	55.61	37.85	48.41
40	43.86	46.0	46.65	27.2	62.29	22.8	43.86	43.27	52.8	32.25	36.72	36.77	46.69	52.15	26.83	8.25	62.29	50.48	46.52	38.21	43.86	32.06	20.0	12.17	41.23	62.29	28.07	17.2	18.97	50.12	41.23	26.68	27.2	50.16	49.4	25.3	42.95	40.5	42.95	40.5	0.0	20.25	15.62	14.32	16.49
41	43.66	31.02	66.89	39.32	70.21	29.15	51.01	47.52	70.72	12.08	43.01	38.6	27.46	72.4	41.01	28.18	43.01	32.89	48.27	18.6	24.21	50.7	11.4	30.36	27.02	82.33	17.03	27.17	38.91	44.2	22.85	38.6	7.07	35.13	32.28	45.19	44.82	45.28	44.82	45.28	20.25	0.0	29.02	8.54	36.25
42	59.46	58.86	44.05	11.66	46.69	38.21	58.31	58.41	58.86	40.45	51.61	24.08	50.12	49.68	12.17	12.65	64.9	51.22	32.98	43.08	48.33	23.32	33.53	8.0	39.6	62.13	41.76	4.47	17.09	65.51	43.91	40.25	34.53	48.17	49.68	21.63	29.61	55.61	29.61	55.61	15.62	29.02	0.0	26.93	14.56
43	37.59	32.14	60.37	38.28	71.56	21.0	43.19	40.26	62.43	19.1	35.23	41.77	35.85	65.76	39.05	22.56	51.31	41.44	51.74	26.93	32.45	46.27	6.71	26.02	35.06	75.0	14.87	26.4	33.24	40.36	31.38	30.08	15.26	43.42	40.8	39.56	48.17	37.85	48.17	37.85	14.32	8.54	26.93	0.0	30.81
44	54.59	62.13	31.24	20.88	54.92	33.11	49.52	51.22	44.41	48.33	44.05	38.05	61.22	36.88	17.89	8.25	76.58	63.66	46.17	53.25	58.82	16.12	36.22	7.21	52.8	48.41	44.05	18.97	2.83	63.25	55.32	31.11	42.94	61.61	62.29	8.94	43.05	48.41	43.05	48.41	16.49	36.25	14.56	30.81	0.0
;
