vehicles
vehicle_idx, capacity, cost_per_unit_distance
1,100,1
2,100,1
3,100,1
4,100,1
5,100,1
depot
node_idx,x,y
0,73,39
home delivery customers
node_idx,x,y,service_time,demand
1,67,91,15,23
2,3,9,15,24
3,97,15,15,15
4,55,75,15,24
5,57,85,15,25
6,51,97,15,7
7,63,69,15,13
8,35,11,15,24
9,71,27,15,13
10,31,43,15,16
11,67,99,15,24
12,87,81,15,20
13,23,81,15,23
14,19,83,15,4
15,1,59,15,15
self pickup customers
node_idx,x,y,service_time,demand,locker_idxs
16,91,65,15,15,39
17,11,11,15,5,34
18,43,59,15,14,38
19,55,77,15,5,35-39-38
20,49,25,15,9,36-39-38
21,89,33,15,20,36-39
22,71,91,15,3,35
23,19,77,15,15,37-38
24,87,79,15,19,35
flexible customers
node_idx,x,y,service_time,demand,locker_idxs
25,39,21,15,3,34-39-38
26,55,71,15,7,39-38-35
27,21,15,15,13,34
28,47,57,15,5,39-38
29,27,91,15,15,37
30,29,93,15,16,37
31,27,9,15,13,34
32,65,77,15,12,35-39-38
33,55,7,15,1,36
lockers
node_idx,x,y,service_time,capacity,cost_per_unit_good
34,8.200000000000001,13.900000000000002,30,276,100
35,81.64000000000001,92.10000000000001,30,276,100
36,81.64000000000001,13.900000000000002,30,276,100
37,8.200000000000001,92.10000000000001,30,276,100
38,50,53,15,69,100
39,56,47,15,69,100
mrt lines
start_node_idx,end_node_idx,freight_capacity,cost_per_unit_good
34,35,276,5
35,34,276,5
36,37,276,5
37,36,276,5
distance matrix
,0,1,2,3,4,5,6,7,8,9,10,11,12,13,14,15,16,17,18,19,20,21,22,23,24,25,26,27,28,29,30,31,32,33,34,35,36,37,38,39,
0,0.0,52.35,76.16,33.94,40.25,48.7,62.03,31.62,47.2,12.17,42.19,60.3,44.27,65.3,69.66,74.73,31.62,68.03,36.06,42.05,27.78,17.09,52.04,66.03,42.38,38.47,36.72,57.27,31.62,69.43,69.66,54.92,38.83,36.72,69.49,53.8,26.55,83.78,26.93,18.79
1,52.35,0.0,104.02,81.71,20.0,11.66,17.09,22.36,86.16,64.12,60.0,8.0,22.36,45.12,48.66,73.35,35.38,97.65,40.0,18.44,68.41,62.03,4.0,50.0,23.32,75.39,23.32,88.84,39.45,40.0,38.05,91.24,14.14,84.85,96.96,14.68,78.48,58.81,41.63,45.35
2,76.16,104.02,0.0,94.19,84.02,93.23,100.24,84.85,32.06,70.34,44.05,110.44,110.63,74.73,75.71,50.04,104.31,8.25,64.03,85.6,48.7,89.29,106.53,69.86,109.34,37.95,80.92,18.97,65.12,85.44,87.93,24.0,92.02,52.04,7.14,114.41,78.79,83.26,64.38,65.22
3,33.94,81.71,94.19,0.0,73.24,80.62,94.02,63.81,62.13,28.64,71.69,89.2,66.75,99.16,103.48,105.6,50.36,86.09,69.66,74.89,49.03,19.7,80.32,99.64,64.78,58.31,70.0,76.0,65.3,103.32,103.48,70.26,69.77,42.76,88.81,78.62,15.4,117.6,60.44,52.01
4,40.25,20.0,84.02,73.24,0.0,10.2,22.36,10.0,67.05,50.6,40.0,26.83,32.56,32.56,36.88,56.32,37.36,77.67,20.0,2.0,50.36,54.04,22.63,36.06,32.25,56.32,4.0,68.96,19.7,32.25,31.62,71.69,10.2,68.0,76.96,31.66,66.66,49.83,22.56,28.02
5,48.7,11.66,93.23,80.62,10.2,0.0,13.42,17.09,77.2,59.67,49.4,17.2,30.27,34.23,38.05,61.74,39.45,87.13,29.53,8.25,60.53,61.06,15.23,38.83,30.59,66.48,14.14,78.71,29.73,30.59,29.12,81.71,11.31,78.03,86.24,25.64,75.25,49.31,32.76,38.01
6,62.03,17.09,100.24,94.02,22.36,13.42,0.0,30.46,87.48,72.8,57.58,16.12,39.4,32.25,34.93,62.8,51.22,94.85,38.83,20.4,72.03,74.43,20.88,37.74,40.25,76.94,26.31,87.32,40.2,24.74,22.36,91.21,24.41,90.09,93.47,31.03,88.57,43.08,44.01,50.25
7,31.62,22.36,84.85,63.81,10.0,17.09,30.46,0.0,64.4,42.76,41.23,30.27,26.83,41.76,46.17,62.8,28.28,77.9,22.36,11.31,46.17,44.41,23.41,44.72,26.0,53.67,8.25,68.41,20.0,42.19,41.62,69.97,8.25,62.51,77.71,29.68,58.17,59.47,20.62,23.09
8,47.2,86.16,32.06,62.13,67.05,77.2,87.48,64.4,0.0,39.4,32.25,93.64,87.2,71.02,73.76,58.82,77.79,24.0,48.66,68.96,19.8,58.31,87.73,67.91,85.6,10.77,63.25,14.56,47.54,80.4,82.22,8.25,72.5,20.4,26.96,93.55,46.73,85.41,44.6,41.68
9,12.17,64.12,70.34,28.64,50.6,59.67,72.8,42.76,39.4,0.0,43.08,72.11,56.32,72.25,76.42,76.97,42.94,62.1,42.52,52.5,22.09,18.97,64.0,72.14,54.41,32.56,46.82,51.42,38.42,77.67,78.23,47.54,50.36,25.61,64.15,65.96,16.88,90.45,33.42,25.0
10,42.19,60.0,44.05,71.69,40.0,49.4,57.58,41.23,32.25,43.08,0.0,66.57,67.68,38.83,41.76,34.0,63.91,37.74,20.0,41.62,25.46,58.86,62.48,36.06,66.57,23.41,36.88,29.73,21.26,48.17,50.04,34.23,48.08,43.27,36.97,70.54,58.41,54.14,21.47,25.32
11,60.3,8.0,110.44,89.2,26.83,17.2,16.12,30.27,93.64,72.11,66.57,0.0,26.91,47.54,50.6,77.18,41.62,104.31,46.65,25.06,76.16,69.57,8.94,52.8,28.28,82.87,30.46,95.77,46.52,40.79,38.47,98.49,22.09,92.78,103.44,16.18,86.35,59.2,49.04,53.15
12,44.27,22.36,110.63,66.75,32.56,30.27,39.4,26.83,87.2,56.32,67.68,26.91,0.0,64.0,68.03,88.77,16.49,103.32,49.19,32.25,67.68,48.04,18.87,68.12,2.0,76.84,33.53,93.34,46.65,60.83,59.23,93.72,22.36,80.62,103.5,12.33,67.31,79.58,46.4,46.01
13,65.3,45.12,74.73,99.16,32.56,34.23,32.25,41.76,71.02,72.25,38.83,47.54,64.0,0.0,4.47,31.11,69.86,71.02,29.73,32.25,61.74,81.61,49.03,5.66,64.03,62.1,33.53,66.03,33.94,10.77,13.42,72.11,42.19,80.62,68.71,59.68,89.11,18.5,38.9,47.38
14,69.66,48.66,75.71,103.48,36.88,38.05,34.93,46.17,73.76,76.42,41.76,50.6,68.03,4.47,0.0,30.0,74.22,72.44,33.94,36.5,65.3,86.02,52.61,6.0,68.12,65.15,37.95,68.03,38.21,11.31,14.14,74.43,46.39,84.1,69.94,63.3,93.27,14.12,43.14,51.62
15,74.73,73.35,50.04,105.6,56.32,61.74,62.8,62.8,58.82,76.97,34.0,77.18,88.77,31.11,30.0,0.0,90.2,49.03,42.0,56.92,58.82,91.76,76.97,25.46,88.29,53.74,55.32,48.33,46.04,41.23,44.05,56.36,66.48,74.97,45.67,87.17,92.39,33.87,49.37,56.29
16,31.62,35.38,104.31,50.36,37.36,39.45,51.22,28.28,77.79,42.94,63.91,41.62,16.49,69.86,74.22,90.2,0.0,96.52,48.37,37.95,58.0,32.06,32.8,72.99,14.56,68.12,36.5,86.02,44.72,69.08,68.03,85.04,28.64,68.26,97.3,28.67,51.95,87.12,42.72,39.36
17,68.03,97.65,8.25,86.09,77.67,87.13,94.85,77.9,24.0,62.1,37.74,104.31,103.32,71.02,72.44,49.03,96.52,0.0,57.69,79.32,40.5,81.04,100.0,66.48,101.98,29.73,74.4,10.77,58.41,81.58,83.95,16.12,85.28,44.18,4.03,107.55,70.7,81.15,57.31,57.63
18,36.06,40.0,64.03,69.66,20.0,29.53,38.83,22.36,48.66,42.52,20.0,46.65,49.19,29.73,33.94,42.0,48.37,57.69,0.0,21.63,34.53,52.84,42.52,30.0,48.33,38.21,16.97,49.19,4.47,35.78,36.77,52.5,28.43,53.37,56.97,50.88,59.39,48.03,9.22,17.69
19,42.05,18.44,85.6,74.89,2.0,8.25,20.4,11.31,68.96,52.5,41.62,25.06,32.25,32.25,36.5,56.92,37.95,79.32,21.63,0.0,52.35,55.61,21.26,36.0,32.06,58.24,6.0,70.71,21.54,31.3,30.53,73.54,10.0,70.0,78.56,30.62,68.49,49.18,24.52,30.02
20,27.78,68.41,48.7,49.03,50.36,60.53,72.03,46.17,19.8,22.09,25.46,76.16,67.68,61.74,65.3,58.82,58.0,40.5,34.53,52.35,0.0,40.79,69.57,60.03,66.03,10.77,46.39,29.73,32.06,69.57,70.88,27.2,54.41,18.97,42.28,74.62,34.48,78.53,28.02,23.09
21,17.09,62.03,89.29,19.7,54.04,61.06,74.43,44.41,58.31,18.97,58.86,69.57,48.04,81.61,86.02,91.76,32.06,81.04,52.84,55.61,40.79,0.0,60.73,82.68,46.04,51.42,50.99,70.34,48.37,84.9,84.85,66.48,50.12,42.8,83.03,59.56,20.47,100.11,43.83,35.85
22,52.04,4.0,106.53,80.32,22.63,15.23,20.88,23.41,87.73,64.0,62.48,8.94,18.87,49.03,52.61,76.97,32.8,100.0,42.52,21.26,69.57,60.73,0.0,53.85,20.0,76.97,25.61,90.97,41.62,44.0,42.05,93.06,15.23,85.51,99.44,10.7,77.83,62.81,43.42,46.49
23,66.03,50.0,69.86,99.64,36.06,38.83,37.74,44.72,67.91,72.14,36.06,52.8,68.12,5.66,6.0,25.46,72.99,66.48,30.0,36.0,60.03,82.68,53.85,0.0,68.03,59.46,36.5,62.03,34.41,16.12,18.87,68.47,46.0,78.71,64.02,64.43,88.91,18.56,39.2,47.63
24,42.38,23.32,109.34,64.78,32.25,30.59,40.25,26.0,85.6,54.41,66.57,28.28,2.0,64.03,68.12,88.29,14.56,101.98,48.33,32.06,66.03,46.04,20.0,68.03,0.0,75.29,32.98,91.93,45.65,61.19,59.67,92.2,22.09,78.79,102.21,14.15,65.32,79.88,45.22,44.55
25,38.47,75.39,37.95,58.31,56.32,66.48,76.94,53.67,10.77,32.56,23.41,82.87,76.84,62.1,65.15,53.74,68.12,29.73,38.21,58.24,10.77,51.42,76.97,59.46,75.29,0.0,52.5,18.97,36.88,71.02,72.69,16.97,61.74,21.26,31.61,82.91,43.23,77.48,33.84,31.06
26,36.72,23.32,80.92,70.0,4.0,14.14,26.31,8.25,63.25,46.82,36.88,30.46,33.53,33.53,37.95,55.32,36.5,74.4,16.97,6.0,46.39,50.99,25.61,36.5,32.98,52.5,0.0,65.51,16.12,34.41,34.06,68.03,11.66,64.0,73.83,33.98,63.01,51.34,18.68,24.02
27,57.27,88.84,18.97,76.0,68.96,78.71,87.32,68.41,14.56,51.42,29.73,95.77,93.34,66.03,68.03,48.33,86.02,10.77,49.19,70.71,29.73,70.34,90.97,62.03,91.93,18.97,65.51,0.0,49.4,76.24,78.41,8.49,76.03,34.93,12.85,98.09,60.65,78.16,47.8,47.42
28,31.62,39.45,65.12,65.3,19.7,29.73,40.2,20.0,47.54,38.42,21.26,46.52,46.65,33.94,38.21,46.04,44.72,58.41,4.47,21.54,32.06,48.37,41.62,34.41,45.65,36.88,16.12,49.4,0.0,39.45,40.25,52.0,26.91,50.64,57.99,49.31,55.3,52.32,5.0,13.45
29,69.43,40.0,85.44,103.32,32.25,30.59,24.74,42.19,80.4,77.67,48.17,40.79,60.83,10.77,11.31,41.23,69.08,81.58,35.78,31.3,69.57,84.9,44.0,16.12,61.19,71.02,34.41,76.24,39.45,0.0,2.83,82.0,40.5,88.54,79.36,54.65,94.5,18.83,44.42,52.7
30,69.66,38.05,87.93,103.48,31.62,29.12,22.36,41.62,82.22,78.23,50.04,38.47,59.23,13.42,14.14,44.05,68.03,83.95,36.77,30.53,70.88,84.85,42.05,18.87,59.67,72.69,34.06,78.41,40.25,2.83,0.0,84.02,39.4,89.84,81.79,52.65,95.01,20.82,45.18,53.34
31,54.92,91.24,24.0,70.26,71.69,81.71,91.21,69.97,8.25,47.54,34.23,98.49,93.72,72.11,74.43,56.36,85.04,16.12,52.5,73.54,27.2,66.48,93.06,68.47,92.2,16.97,68.03,8.49,52.0,82.0,84.02,0.0,77.9,28.07,19.43,99.45,54.86,85.2,49.65,47.8
32,38.83,14.14,92.02,69.77,10.2,11.31,24.41,8.25,72.5,50.36,48.08,22.09,22.36,42.19,46.39,66.48,28.64,85.28,28.43,10.0,54.41,50.12,15.23,46.0,22.09,61.74,11.66,76.03,26.91,40.5,39.4,77.9,0.0,70.71,84.9,22.47,65.26,58.77,28.3,31.32
33,36.72,84.85,52.04,42.76,68.0,78.03,90.09,62.51,20.4,25.61,43.27,92.78,80.62,80.62,84.1,74.97,68.26,44.18,53.37,70.0,18.97,42.8,85.51,78.71,78.79,21.26,64.0,34.93,50.64,88.54,89.84,28.07,70.71,0.0,47.31,89.17,27.52,97.12,46.27,40.01
34,69.49,96.96,7.14,88.81,76.96,86.24,93.47,77.71,26.96,64.15,36.97,103.44,103.5,68.71,69.94,45.67,97.3,4.03,56.97,78.56,42.28,83.03,99.44,64.02,102.21,31.61,73.83,12.85,57.99,79.36,81.79,19.43,84.9,47.31,0.0,107.28,73.44,78.2,57.24,58.14
35,53.8,14.68,114.41,78.62,31.66,25.64,31.03,29.68,93.55,65.96,70.54,16.18,12.33,59.68,63.3,87.17,28.67,107.55,50.88,30.62,74.62,59.56,10.7,64.43,14.15,82.91,33.98,98.09,49.31,54.65,52.65,99.45,22.47,89.17,107.28,0.0,78.2,73.44,50.3,51.88
36,26.55,78.48,78.79,15.4,66.66,75.25,88.57,58.17,46.73,16.88,58.41,86.35,67.31,89.11,93.27,92.39,51.95,70.7,59.39,68.49,34.48,20.47,77.83,88.91,65.32,43.23,63.01,60.65,55.3,94.5,95.01,54.86,65.26,27.52,73.44,78.2,0.0,107.28,50.3,41.87
37,83.78,58.81,83.26,117.6,49.83,49.31,43.08,59.47,85.41,90.45,54.14,59.2,79.58,18.5,14.12,33.87,87.12,81.15,48.03,49.18,78.53,100.11,62.81,18.56,79.88,77.48,51.34,78.16,52.32,18.83,20.82,85.2,58.77,97.12,78.2,73.44,107.28,0.0,57.24,65.72
38,26.93,41.63,64.38,60.44,22.56,32.76,44.01,20.62,44.6,33.42,21.47,49.04,46.4,38.9,43.14,49.37,42.72,57.31,9.22,24.52,28.02,43.83,43.42,39.2,45.22,33.84,18.68,47.8,5.0,44.42,45.18,49.65,28.3,46.27,57.24,50.3,50.3,57.24,0.0,8.49
39,18.79,45.35,65.22,52.01,28.02,38.01,50.25,23.09,41.68,25.0,25.32,53.15,46.01,47.38,51.62,56.29,39.36,57.63,17.69,30.02,23.09,35.85,46.49,47.63,44.55,31.06,24.02,47.42,13.45,52.7,53.34,47.8,31.32,40.01,58.14,51.88,41.87,65.72,8.49,0.0
