set K:= 1	2	3	4	5;
set C_H:= 1	2	3	4	5	6	7	8	9	10	11	12	13	14	15;
set C_S:= 16	17	18	19	20	21	22	23	24	25	26;
set C_F:= 27	28	29	30	31	32	33	34	35	36	37;
set M:= 38	39	40	41;
set L_B:= 42	43;
set A1:=
(0,*) 1 2 3 4 5 6 7 8 9 10 11 12 13 14 15 27 28 29 30 31 32 33 34 35 36 37 38 39 40 41 42 43
(1,*) 0 2 3 4 5 6 7 8 9 10 11 12 13 14 15 27 28 29 30 31 32 33 34 35 36 37 38 39 40 41 42 43
(2,*) 0 1 3 4 5 6 7 8 9 10 11 12 13 14 15 27 28 29 30 31 32 33 34 35 36 37 38 39 40 41 42 43
(3,*) 0 1 2 4 5 6 7 8 9 10 11 12 13 14 15 27 28 29 30 31 32 33 34 35 36 37 38 39 40 41 42 43
(4,*) 0 1 2 3 5 6 7 8 9 10 11 12 13 14 15 27 28 29 30 31 32 33 34 35 36 37 38 39 40 41 42 43
(5,*) 0 1 2 3 4 6 7 8 9 10 11 12 13 14 15 27 28 29 30 31 32 33 34 35 36 37 38 39 40 41 42 43
(6,*) 0 1 2 3 4 5 7 8 9 10 11 12 13 14 15 27 28 29 30 31 32 33 34 35 36 37 38 39 40 41 42 43
(7,*) 0 1 2 3 4 5 6 8 9 10 11 12 13 14 15 27 28 29 30 31 32 33 34 35 36 37 38 39 40 41 42 43
(8,*) 0 1 2 3 4 5 6 7 9 10 11 12 13 14 15 27 28 29 30 31 32 33 34 35 36 37 38 39 40 41 42 43
(9,*) 0 1 2 3 4 5 6 7 8 10 11 12 13 14 15 27 28 29 30 31 32 33 34 35 36 37 38 39 40 41 42 43
(10,*) 0 1 2 3 4 5 6 7 8 9 11 12 13 14 15 27 28 29 30 31 32 33 34 35 36 37 38 39 40 41 42 43
(11,*) 0 1 2 3 4 5 6 7 8 9 10 12 13 14 15 27 28 29 30 31 32 33 34 35 36 37 38 39 40 41 42 43
(12,*) 0 1 2 3 4 5 6 7 8 9 10 11 13 14 15 27 28 29 30 31 32 33 34 35 36 37 38 39 40 41 42 43
(13,*) 0 1 2 3 4 5 6 7 8 9 10 11 12 14 15 27 28 29 30 31 32 33 34 35 36 37 38 39 40 41 42 43
(14,*) 0 1 2 3 4 5 6 7 8 9 10 11 12 13 15 27 28 29 30 31 32 33 34 35 36 37 38 39 40 41 42 43
(15,*) 0 1 2 3 4 5 6 7 8 9 10 11 12 13 14 27 28 29 30 31 32 33 34 35 36 37 38 39 40 41 42 43
(27,*) 0 1 2 3 4 5 6 7 8 9 10 11 12 13 14 15 28 29 30 31 32 33 34 35 36 37 38 39 40 41 42 43
(28,*) 0 1 2 3 4 5 6 7 8 9 10 11 12 13 14 15 27 29 30 31 32 33 34 35 36 37 38 39 40 41 42 43
(29,*) 0 1 2 3 4 5 6 7 8 9 10 11 12 13 14 15 27 28 30 31 32 33 34 35 36 37 38 39 40 41 42 43
(30,*) 0 1 2 3 4 5 6 7 8 9 10 11 12 13 14 15 27 28 29 31 32 33 34 35 36 37 38 39 40 41 42 43
(31,*) 0 1 2 3 4 5 6 7 8 9 10 11 12 13 14 15 27 28 29 30 32 33 34 35 36 37 38 39 40 41 42 43
(32,*) 0 1 2 3 4 5 6 7 8 9 10 11 12 13 14 15 27 28 29 30 31 33 34 35 36 37 38 39 40 41 42 43
(33,*) 0 1 2 3 4 5 6 7 8 9 10 11 12 13 14 15 27 28 29 30 31 32 34 35 36 37 38 39 40 41 42 43
(34,*) 0 1 2 3 4 5 6 7 8 9 10 11 12 13 14 15 27 28 29 30 31 32 33 35 36 37 38 39 40 41 42 43
(35,*) 0 1 2 3 4 5 6 7 8 9 10 11 12 13 14 15 27 28 29 30 31 32 33 34 36 37 38 39 40 41 42 43
(36,*) 0 1 2 3 4 5 6 7 8 9 10 11 12 13 14 15 27 28 29 30 31 32 33 34 35 37 38 39 40 41 42 43
(37,*) 0 1 2 3 4 5 6 7 8 9 10 11 12 13 14 15 27 28 29 30 31 32 33 34 35 36 38 39 40 41 42 43
(38,*) 0 1 2 3 4 5 6 7 8 9 10 11 12 13 14 15 27 28 29 30 31 32 33 34 35 36 37 40 41 42 43
(39,*) 0 1 2 3 4 5 6 7 8 9 10 11 12 13 14 15 27 28 29 30 31 32 33 34 35 36 37 40 41 42 43
(40,*) 0 1 2 3 4 5 6 7 8 9 10 11 12 13 14 15 27 28 29 30 31 32 33 34 35 36 37 38 39 42 43
(41,*) 0 1 2 3 4 5 6 7 8 9 10 11 12 13 14 15 27 28 29 30 31 32 33 34 35 36 37 38 39 42 43
(42,*) 0 1 2 3 4 5 6 7 8 9 10 11 12 13 14 15 27 28 29 30 31 32 33 34 35 36 37 38 39 40 41 43
(43,*) 0 1 2 3 4 5 6 7 8 9 10 11 12 13 14 15 27 28 29 30 31 32 33 34 35 36 37 38 39 40 41 42
;
set A2:=
(38,*) 39
(39,*) 38
(40,*) 41
(41,*) 40
;
param BigM:=99999;
param n:= 5;
param d:=
1	5
2	12
3	18
4	12
5	11
6	23
7	8
8	1
9	5
10	13
11	19
12	5
13	20
14	12
15	4
16	12
17	8
18	9
19	26
20	9
21	21
22	12
23	13
24	25
25	3
26	14
27	19
28	25
29	17
30	13
31	8
32	19
33	7
34	2
35	24
36	13
37	14
;
param Q:=100;
param w:=
[38,*] 39 5
[39,*] 38 5
[40,*] 41 5
[41,*] 40 5
;
param V:=
[38,*] 39 288
[39,*] 38 288
[40,*] 41 288
[41,*] 40 288
;
param f:=
38	100
39	100
40	100
41	100
42	100
43	100
;
param e:
	38	39	40	41	42	43:=
16	1	0	0	0	0	0	
17	1	0	0	0	0	0	
18	1	0	0	0	0	0	
19	0	0	1	0	0	0	
20	0	0	0	0	1	1	
21	0	0	0	1	0	0	
22	1	0	0	0	0	0	
23	0	0	0	1	1	1	
24	0	0	0	0	1	1	
25	0	1	1	0	1	0	
26	0	0	1	0	1	1	
27	0	0	0	1	1	0	
28	0	0	1	0	0	0	
29	0	1	0	0	1	0	
30	0	1	0	0	0	0	
31	0	1	0	0	1	1	
32	1	0	0	0	1	1	
33	0	0	1	0	1	1	
34	0	0	0	1	1	0	
35	1	0	0	0	1	1	
36	0	0	0	1	0	0	
37	0	1	0	0	0	0	
;
param p:=
1	1
2	1
3	1
4	1
5	1
;
param G:=
38	288
39	288
40	288
41	288
42	72
43	72
;
param s:=
0	0
1	15
2	15
3	15
4	15
5	15
6	15
7	15
8	15
9	15
10	15
11	15
12	15
13	15
14	15
15	15
27	15
28	15
29	15
30	15
31	15
32	15
33	15
34	15
35	15
36	15
37	15
38	30
39	30
40	30
41	30
42	15
43	15
;
param t:
	0	1	2	3	4	5	6	7	8	9	10	11	12	13	14	15	16	17	18	19	20	21	22	23	24	25	26	27	28	29	30	31	32	33	34	35	36	37	38	39	40	41	42	43:=
0	0.0	16.12	75.29	43.86	43.86	38.47	16.12	30.46	59.67	26.68	32.56	31.11	32.56	47.71	53.67	35.44	71.69	69.86	73.59	28.28	24.33	53.85	60.83	52.35	37.95	22.36	48.66	38.47	59.09	8.49	42.52	6.32	41.62	42.76	42.19	41.23	55.57	32.06	77.19	28.51	49.2	65.95	21.1	31.83
1	16.12	0.0	87.73	58.24	57.2	52.5	17.89	41.04	67.08	10.77	17.89	44.94	46.04	60.93	67.68	51.42	80.99	76.97	86.56	40.25	32.8	52.15	74.4	58.31	47.2	31.62	64.78	36.06	73.38	10.77	30.53	10.0	53.81	58.86	38.47	54.04	51.42	16.49	89.34	14.3	64.43	63.52	33.6	45.49
2	75.29	87.73	0.0	76.42	31.62	77.28	71.22	46.86	34.0	97.84	95.41	44.41	42.8	84.38	82.0	50.0	21.54	33.53	4.47	82.87	55.61	68.47	16.49	42.43	42.19	86.76	50.0	70.23	82.22	83.74	117.46	80.72	33.94	50.36	73.38	34.06	76.66	97.65	2.84	101.98	70.64	73.6	54.49	43.6
3	43.86	58.24	76.42	0.0	50.99	6.0	57.69	53.85	80.32	67.08	75.89	43.86	45.69	8.0	10.0	28.64	84.85	89.29	72.69	20.1	55.32	90.69	60.13	77.82	60.83	30.07	27.2	77.9	15.23	47.54	72.69	48.7	54.41	26.08	82.22	51.92	94.76	74.73	79.16	65.77	9.26	102.5	46.23	44.78
4	43.86	57.2	31.62	50.99	0.0	50.16	42.05	18.44	30.53	67.68	67.23	12.81	11.31	58.86	58.82	22.36	34.06	38.63	29.73	52.95	27.2	53.14	17.2	31.24	18.44	55.71	30.0	48.04	60.93	52.35	86.28	49.52	6.32	26.83	52.15	4.0	60.17	68.88	33.73	71.26	47.97	62.57	23.6	12.04
5	38.47	52.5	77.28	6.0	50.16	0.0	52.8	50.99	78.59	61.19	70.23	41.76	43.68	10.0	15.23	28.0	84.21	87.86	73.76	14.14	51.61	86.83	60.83	75.39	58.31	24.08	29.53	73.54	20.88	41.76	66.75	43.08	52.95	27.2	77.79	50.64	90.55	68.96	79.96	59.79	14.57	98.77	42.72	42.72
6	16.12	17.89	71.22	57.69	42.05	52.8	0.0	24.41	49.19	26.91	25.3	31.05	31.62	62.48	67.68	42.19	63.25	59.09	70.46	44.05	15.62	37.95	59.06	40.5	29.73	38.47	56.32	22.36	72.72	20.1	48.37	16.12	37.74	50.36	26.08	38.47	39.45	26.83	72.64	31.9	61.61	49.98	19.42	31.32
7	30.46	41.04	46.86	53.85	18.44	50.99	24.41	0.0	30.07	50.99	49.19	11.66	10.77	60.83	63.25	28.43	41.23	40.2	46.04	48.66	8.94	38.83	34.93	24.74	8.0	48.04	41.18	30.59	66.84	38.47	71.22	34.99	13.42	36.06	34.93	14.56	44.72	51.11	48.37	55.33	53.99	49.86	10.05	11.18
8	59.67	67.08	34.0	80.32	30.53	78.59	49.19	30.07	0.0	75.47	69.43	36.88	34.93	87.93	88.77	52.0	16.12	10.2	36.22	78.23	35.44	34.93	34.0	10.0	22.09	78.1	60.46	40.0	91.24	67.05	97.53	63.25	26.0	57.31	42.19	28.64	43.17	72.47	33.67	80.96	78.2	39.65	40.11	35.9
9	26.68	10.77	97.84	67.08	67.68	61.19	26.91	50.99	75.47	0.0	13.42	55.57	56.6	68.96	76.16	62.1	90.0	85.09	96.83	48.08	42.43	56.32	84.88	66.24	56.64	38.63	75.31	40.79	82.0	20.0	22.8	20.4	64.03	69.43	42.19	64.4	54.04	10.0	99.36	6.66	73.85	66.8	44.1	56.08
10	32.56	17.89	95.41	75.89	67.23	70.23	25.3	49.19	69.43	13.42	0.0	56.32	56.92	78.79	85.44	66.12	84.85	78.41	95.02	58.14	40.25	45.61	84.1	59.67	53.25	49.4	80.02	31.3	91.08	28.64	34.0	27.2	62.61	74.03	31.62	63.56	42.19	4.0	96.6	19.72	81.7	55.18	44.64	56.61
11	31.11	44.94	44.41	43.86	12.81	41.76	31.05	11.66	36.88	55.57	56.32	0.0	2.0	51.26	52.84	16.97	44.41	46.39	42.52	42.05	18.11	50.48	29.73	34.0	17.2	43.68	29.53	41.76	56.04	39.6	73.59	36.88	12.17	24.41	46.17	10.77	56.36	57.58	46.46	58.83	43.04	61.37	11.7	1.0
12	32.56	46.04	42.8	45.69	11.31	43.68	31.62	10.77	34.93	56.6	56.92	2.0	0.0	53.14	54.59	18.44	42.43	44.41	41.04	44.05	18.0	49.4	28.43	32.25	15.62	45.61	30.53	41.23	57.69	41.04	74.97	38.21	10.2	25.61	45.61	8.94	55.46	58.31	44.8	60.03	44.67	60.13	12.53	1.0
13	47.71	60.93	84.38	8.0	58.86	10.0	62.48	60.83	87.93	68.96	78.79	51.26	53.14	0.0	8.25	36.5	92.78	97.02	80.62	20.88	61.61	96.83	68.12	85.09	68.03	30.59	34.93	83.45	14.14	50.16	72.03	51.88	62.1	34.06	87.68	59.67	100.5	77.25	87.13	66.9	15.35	108.77	52.7	52.2
14	53.67	67.68	82.0	10.0	58.82	15.23	67.68	63.25	88.77	76.16	85.44	52.84	54.59	8.25	0.0	36.77	92.2	97.41	78.03	28.28	65.12	100.5	66.12	86.83	69.97	38.21	32.0	87.86	6.0	56.92	80.1	58.31	62.77	32.56	92.2	60.17	104.69	84.12	84.8	74.42	11.37	112.25	55.97	53.71
15	35.44	51.42	50.0	28.64	22.36	28.0	42.19	28.43	52.0	62.1	66.12	16.97	18.44	36.5	36.77	0.0	56.32	60.73	46.82	33.11	33.11	67.2	33.53	50.48	34.06	38.42	14.14	57.27	39.45	43.08	76.16	41.76	26.0	8.25	61.74	23.41	72.72	66.48	52.58	63.71	26.39	78.27	24.35	17.69
16	71.69	80.99	21.54	84.85	34.06	84.21	63.25	41.23	16.12	90.0	84.85	44.41	42.43	92.78	92.2	56.32	0.0	12.17	25.06	86.37	48.37	50.6	28.84	26.08	34.0	87.86	61.35	56.04	93.68	79.62	111.52	76.03	32.25	59.67	58.31	34.06	58.82	87.73	20.23	95.14	81.03	53.8	50.92	43.42
17	69.86	76.97	33.53	89.29	38.63	87.86	59.09	40.2	10.2	85.09	78.41	46.39	44.41	97.02	97.41	60.73	12.17	0.0	36.77	88.09	45.61	40.25	38.21	18.87	32.25	88.2	68.0	48.08	99.54	77.2	107.33	73.38	34.93	65.39	49.68	37.36	48.33	81.61	32.36	90.72	86.59	42.17	50.25	45.4
18	73.59	86.56	4.47	72.69	29.73	73.76	70.46	46.04	36.22	96.83	95.02	42.52	41.04	80.62	78.03	46.82	25.06	36.77	0.0	79.85	54.92	70.11	13.42	44.05	42.05	84.12	46.04	70.88	78.1	82.07	115.97	79.2	32.8	46.69	74.22	32.56	78.23	97.1	7.23	100.74	66.69	75.86	53.08	41.77
19	28.28	40.25	82.87	20.1	52.95	14.14	44.05	48.66	78.23	48.08	58.14	42.05	44.05	20.88	28.28	33.11	86.37	88.09	79.85	0.0	46.82	80.62	66.48	73.35	56.57	10.0	39.6	66.03	34.23	29.53	52.61	31.62	54.15	35.61	70.0	52.35	83.23	56.46	85.37	46.14	28.52	92.75	39.05	43.05
20	24.33	32.8	55.61	55.32	27.2	51.61	15.62	8.94	35.44	42.43	40.25	18.11	18.0	61.61	65.12	33.11	48.37	45.61	54.92	46.82	0.0	35.38	43.86	28.07	14.42	44.41	46.82	24.17	69.31	31.62	63.25	27.86	22.36	41.23	28.64	23.41	40.0	42.19	57.02	47.07	56.91	47.2	9.22	18.03
21	53.85	52.15	68.47	90.69	53.14	86.83	37.95	38.83	34.93	56.32	45.61	50.48	49.4	96.83	100.5	67.2	50.6	40.25	70.11	80.62	35.38	0.0	64.5	26.08	34.93	76.16	79.92	16.12	104.65	57.72	78.92	53.85	46.82	74.89	14.14	49.4	8.25	49.48	68.41	62.89	92.12	12.14	44.55	49.93
22	60.83	74.4	16.49	60.13	17.2	60.83	59.06	34.93	34.0	84.88	84.1	29.73	28.43	68.12	66.12	33.53	28.84	38.21	13.42	66.48	43.86	64.5	0.0	39.29	32.56	70.71	34.23	62.51	66.75	69.31	103.32	66.6	21.54	34.06	66.27	20.59	72.25	85.88	19.13	88.45	54.76	72.05	40.8	29.07
23	52.35	58.31	42.43	77.82	31.24	75.39	40.5	24.74	10.0	66.24	59.67	34.0	32.25	85.09	86.83	50.48	26.08	18.87	44.05	73.35	28.07	26.08	39.29	0.0	17.09	72.11	60.83	30.0	89.89	59.23	88.57	55.32	25.46	56.85	32.25	28.28	34.23	62.8	42.47	71.93	76.84	32.75	34.37	33.12
24	37.95	47.2	42.19	60.83	18.44	58.31	29.73	8.0	22.09	56.64	53.25	17.2	15.62	68.03	69.97	34.06	34.0	32.25	42.05	56.57	14.42	34.93	32.56	17.09	0.0	56.04	45.61	30.07	73.24	45.69	77.67	42.05	12.17	41.04	34.0	14.56	41.76	55.61	43.35	61.45	60.25	45.0	18.03	16.4
25	22.36	31.62	86.76	30.07	55.71	24.08	38.47	48.04	78.1	38.63	49.4	43.68	45.61	30.59	38.21	38.42	87.86	88.2	84.12	10.0	44.41	76.16	70.71	72.11	56.04	0.0	47.2	60.83	44.18	21.26	42.76	24.08	55.79	42.52	64.5	54.41	77.9	47.41	89.1	36.3	38.26	88.27	38.01	44.64
26	48.66	64.78	50.0	27.2	30.0	29.53	56.32	41.18	60.46	75.31	80.02	29.53	30.53	34.93	32.0	14.14	61.35	68.0	46.04	39.6	46.82	79.92	34.23	60.83	45.61	47.2	0.0	70.94	32.56	55.79	87.73	54.92	35.38	6.0	75.39	32.56	85.88	80.22	52.8	76.39	20.64	90.54	38.33	30.02
27	38.47	36.06	70.23	77.9	48.04	73.54	22.36	30.59	40.0	40.79	31.3	41.76	41.23	83.45	87.86	57.27	56.04	48.08	70.88	66.03	24.17	16.12	62.51	30.0	30.07	60.83	70.94	0.0	92.46	41.76	63.56	37.95	42.0	65.39	4.47	44.05	17.2	34.93	70.82	47.25	80.45	27.84	33.12	41.48
28	59.09	73.38	82.22	15.23	60.93	20.88	72.72	66.84	91.24	82.0	91.08	56.04	57.69	14.14	6.0	39.45	93.68	99.54	78.1	34.23	69.31	104.65	66.75	89.89	73.24	44.18	32.56	92.46	0.0	62.64	86.09	63.91	65.3	34.18	96.83	62.61	109.12	89.84	85.04	80.36	13.06	116.27	60.11	56.86
29	8.49	10.77	83.74	47.54	52.35	41.76	20.1	38.47	67.05	20.0	28.64	39.6	41.04	50.16	56.92	43.08	79.62	77.2	82.07	29.53	31.62	57.72	69.31	59.23	45.69	21.26	55.79	41.76	62.64	0.0	34.06	4.0	50.0	50.0	44.94	49.68	58.31	27.2	85.61	20.65	53.96	69.6	29.41	40.31
30	42.52	30.53	117.46	72.69	86.28	66.75	48.37	71.22	97.53	22.8	34.0	73.59	74.97	72.03	80.1	76.16	111.52	107.33	115.97	52.61	63.25	78.92	103.32	88.57	77.67	42.76	87.73	63.56	86.09	34.06	0.0	36.77	83.55	82.29	64.78	83.45	76.11	30.0	119.22	16.66	81.02	89.03	62.97	74.28
31	6.32	10.0	80.72	48.7	49.52	43.08	16.12	34.99	63.25	20.4	27.2	36.88	38.21	51.88	58.31	41.76	76.03	73.38	79.2	31.62	27.86	53.85	66.6	55.32	42.05	24.08	54.92	37.95	63.91	4.0	36.77	0.0	46.86	49.03	41.23	46.69	54.63	26.31	82.53	22.26	54.6	65.77	26.25	37.54
32	41.62	53.81	33.94	54.41	6.32	52.95	37.74	13.42	26.0	64.03	62.61	12.17	10.2	62.1	62.77	26.0	32.25	34.93	32.8	54.15	22.36	46.82	21.54	25.46	12.17	55.79	35.38	42.0	65.3	50.0	83.55	46.86	0.0	31.62	46.04	2.83	53.85	64.5	35.68	68.05	52.25	56.33	20.62	11.18
33	42.76	58.86	50.36	26.08	26.83	27.2	50.36	36.06	57.31	69.43	74.03	24.41	25.61	34.06	32.56	8.25	59.67	65.39	46.69	35.61	41.23	74.89	34.06	56.85	41.04	42.52	6.0	65.39	34.18	50.0	82.29	49.03	31.62	0.0	69.86	28.84	80.62	74.24	53.09	70.63	21.37	85.74	32.57	25.0
34	42.19	38.47	73.38	82.22	52.15	77.79	26.08	34.93	42.19	42.19	31.62	46.17	45.61	87.68	92.2	61.74	58.31	49.68	74.22	70.0	28.64	14.14	66.27	32.25	34.0	64.5	75.39	4.47	96.83	44.94	64.78	41.23	46.04	69.86	0.0	48.17	13.42	35.44	73.84	48.77	84.87	25.05	37.59	45.88
35	41.23	54.04	34.06	51.92	4.0	50.64	38.47	14.56	28.64	64.4	63.56	10.77	8.94	59.67	60.17	23.41	34.06	37.36	32.56	52.35	23.41	49.4	20.59	28.28	14.56	54.41	32.56	44.05	62.61	49.68	83.45	46.69	2.83	28.84	48.17	0.0	56.32	65.3	35.97	68.19	49.57	59.05	20.52	9.85
36	55.57	51.42	76.66	94.76	60.17	90.55	39.45	44.72	43.17	54.04	42.19	56.36	55.46	100.5	104.69	72.72	58.82	48.33	78.23	83.23	40.0	8.25	72.25	34.23	41.76	77.9	85.88	17.2	109.12	58.31	76.11	54.63	53.85	80.62	13.42	56.32	0.0	46.17	76.63	60.69	96.88	13.03	49.2	55.9
37	32.06	16.49	97.65	74.73	68.88	68.96	26.83	51.11	72.47	10.0	4.0	57.58	58.31	77.25	84.12	66.48	87.73	81.61	97.1	56.46	42.19	49.48	85.88	62.8	55.61	47.41	80.22	34.93	89.84	27.2	30.0	26.31	64.5	74.24	35.44	65.3	46.17	0.0	98.92	16.0	80.89	59.15	45.88	57.94
38	77.19	89.34	2.84	79.16	33.73	79.96	72.64	48.37	33.67	99.36	96.6	46.46	44.8	87.13	84.8	52.58	20.23	32.36	7.23	85.37	57.02	68.41	19.13	42.47	43.35	89.1	52.8	70.82	85.04	85.61	119.22	82.53	35.68	53.09	73.84	35.97	76.63	98.92	0.0	103.62	73.44	73.1	56.28	45.63
39	28.51	14.3	101.98	65.77	71.26	59.79	31.9	55.33	80.96	6.66	19.72	58.83	60.03	66.9	74.42	63.71	95.14	90.72	100.74	46.14	47.07	62.89	88.45	71.93	61.45	36.3	76.39	47.25	80.36	20.65	16.66	22.26	68.05	70.63	48.77	68.19	60.69	16.0	103.62	0.0	73.1	73.44	47.69	59.42
40	49.2	64.43	70.64	9.26	47.97	14.57	61.61	53.99	78.2	73.85	81.7	43.04	44.67	15.35	11.37	26.39	81.03	86.59	66.69	28.52	56.91	92.12	54.76	76.84	60.25	38.26	20.64	80.45	13.06	53.96	81.02	54.6	52.25	21.37	84.87	49.57	96.88	80.89	73.44	73.1	0.0	103.62	47.69	43.85
41	65.95	63.52	73.6	102.5	62.57	98.77	49.98	49.86	39.65	66.8	55.18	61.37	60.13	108.77	112.25	78.27	53.8	42.17	75.86	92.75	47.2	12.14	72.05	32.75	45.0	88.27	90.54	27.84	116.27	69.6	89.03	65.77	56.33	85.74	25.05	59.05	13.03	59.15	73.1	73.44	103.62	0.0	56.28	60.74
42	21.1	33.6	54.49	46.23	23.6	42.72	19.42	10.05	40.11	44.1	44.64	11.7	12.53	52.7	55.97	24.35	50.92	50.25	53.08	39.05	9.22	44.55	40.8	34.37	18.03	38.01	38.33	33.12	60.11	29.41	62.97	26.25	20.62	32.57	37.59	20.52	49.2	45.88	56.28	47.69	47.69	56.28	0.0	12.08
43	31.83	45.49	43.6	44.78	12.04	42.72	31.32	11.18	35.9	56.08	56.61	1.0	1.0	52.2	53.71	17.69	43.42	45.4	41.77	43.05	18.03	49.93	29.07	33.12	16.4	44.64	30.02	41.48	56.86	40.31	74.28	37.54	11.18	25.0	45.88	9.85	55.9	57.94	45.63	59.42	43.85	60.74	12.08	0.0
;
