vehicles
vehicle_idx, capacity, cost_per_unit_distance
1,100,1
2,100,1
3,100,1
4,100,1
5,100,1
6,100,1
depot
node_idx,x,y
0,14,68
home delivery customers
node_idx,x,y,service_time,demand
1,34,63,15,19
2,58,98,15,9
3,33,42,15,18
4,17,28,15,3
5,72,67,15,14
6,32,82,15,4
7,39,53,15,14
8,87,1,15,8
9,79,92,15,2
10,53,84,15,3
11,38,37,15,24
12,63,59,15,8
13,32,88,15,14
14,73,1,15,14
15,17,32,15,18
16,87,79,15,24
17,48,53,15,8
18,48,23,15,13
19,34,12,15,18
self pickup customers
node_idx,x,y,service_time,demand,locker_idxs
20,13,47,15,24,44-48-49
21,18,98,15,9,47
22,24,79,15,14,47
23,1,2,15,13,44
24,2,28,15,18,44
25,97,38,15,24,46
26,42,88,15,24,45-47-49
27,38,23,15,13,44-49-48
28,63,32,15,24,46-48-49
29,43,62,15,14,48-49
30,12,24,15,4,44
31,7,37,15,4,44-49
flexible customers
node_idx,x,y,service_time,demand,locker_idxs
32,73,2,15,8,46
33,37,44,15,9,49-48
34,78,63,15,8,45-48-49
35,42,48,15,8,49-48
36,42,77,15,18,47-49-48
37,83,27,15,13,46-48
38,22,39,15,9,49-48-44
39,58,32,15,18,46-48-49
40,22,73,15,23,48-49-47
41,88,94,15,9,45
42,58,78,15,13,45-49-48
43,98,77,15,14,45
lockers
node_idx,x,y,service_time,capacity,cost_per_unit_good
44,8.275000000000002,8.275000000000002,30,342,100
45,82.48,90.72500000000001,30,342,100
46,82.48,8.275000000000002,30,342,100
47,8.275000000000002,90.72500000000001,30,342,100
48,51,44,15,85,100
49,38,59,15,85,100
mrt lines
start_node_idx,end_node_idx,freight_capacity,cost_per_unit_good
44,45,342,5
45,44,342,5
46,47,342,5
47,46,342,5
distance matrix
,0,1,2,3,4,5,6,7,8,9,10,11,12,13,14,15,16,17,18,19,20,21,22,23,24,25,26,27,28,29,30,31,32,33,34,35,36,37,38,39,40,41,42,43,44,45,46,47,48,49,
0,0.0,20.62,53.25,32.2,40.11,58.01,22.8,29.15,99.09,69.29,42.15,39.2,49.82,26.91,89.27,36.12,73.82,37.16,56.4,59.46,21.02,30.27,14.87,67.27,41.76,88.26,34.41,51.0,60.8,29.61,44.05,31.78,88.53,33.24,64.2,34.41,29.41,80.26,30.08,56.85,9.43,78.43,45.12,84.48,60.0,72.15,90.87,23.44,44.1,25.63
1,20.62,0.0,42.44,21.02,38.91,38.21,19.1,11.18,81.57,53.54,28.32,26.31,29.27,25.08,73.25,35.36,55.36,17.2,42.38,51.0,26.4,38.48,18.87,69.35,47.42,67.78,26.25,40.2,42.45,9.06,44.78,37.48,72.4,19.24,44.0,17.0,16.12,60.8,26.83,39.2,15.62,62.27,28.3,65.51,60.47,55.85,73.11,37.82,25.5,5.66
2,53.25,42.44,0.0,61.33,81.12,34.01,30.53,48.85,101.24,21.84,14.87,64.2,39.32,27.86,98.15,77.7,34.67,46.1,75.66,89.29,68.01,40.0,38.95,111.65,89.64,71.56,18.87,77.62,66.19,39.0,87.13,79.51,97.16,57.94,40.31,52.5,26.4,75.27,69.12,66.0,43.83,30.27,20.0,45.18,102.58,25.54,93.0,50.25,54.45,43.83
3,32.2,21.02,61.33,0.0,21.26,46.32,40.01,12.53,67.8,67.94,46.52,7.07,34.48,46.01,57.28,18.87,65.46,18.6,24.21,30.02,20.62,57.97,38.08,51.22,34.01,64.12,46.87,19.65,31.62,22.36,27.66,26.48,56.57,4.47,49.66,10.82,36.14,52.2,11.4,26.93,32.89,75.69,43.83,73.82,41.82,69.44,59.88,54.64,18.11,17.72
4,40.11,38.91,81.12,21.26,0.0,67.42,56.04,33.3,75.03,89.11,66.57,22.85,55.47,61.85,62.17,4.0,86.61,39.82,31.4,23.35,19.42,70.01,51.48,30.53,15.0,80.62,65.0,21.59,46.17,42.8,6.4,13.45,61.74,25.61,70.33,32.02,55.01,66.01,12.08,41.19,45.28,96.94,64.66,94.67,21.57,90.68,68.39,63.33,37.58,37.44
5,58.01,38.21,34.01,46.32,67.42,0.0,42.72,35.85,67.68,25.96,25.5,45.34,12.04,45.18,66.01,65.19,19.21,27.78,50.12,66.85,62.3,62.27,49.48,96.26,80.13,38.29,36.62,55.61,36.14,29.43,73.82,71.59,65.01,41.88,7.21,35.51,31.62,41.48,57.31,37.7,50.36,31.38,17.8,27.86,86.66,25.94,59.65,68.0,31.14,34.93
6,22.8,19.1,30.53,40.01,56.04,42.72,0.0,29.83,97.91,48.05,21.1,45.4,38.6,6.0,90.79,52.2,55.08,33.12,61.13,70.03,39.82,21.26,8.54,85.8,61.77,78.49,11.66,59.3,58.83,22.83,61.35,51.48,89.89,38.33,49.77,35.44,11.18,75.01,44.15,56.36,13.45,57.27,26.31,66.19,77.45,51.23,89.35,25.28,42.49,23.77
7,29.15,11.18,48.85,12.53,33.3,35.85,29.83,0.0,70.77,55.87,34.01,16.03,24.74,35.69,62.13,30.41,54.59,9.0,31.32,41.3,26.68,49.66,30.02,63.6,44.65,59.91,35.13,30.02,31.89,9.85,39.62,35.78,61.29,9.22,40.26,5.83,24.19,51.11,22.02,28.32,26.25,63.89,31.4,63.69,54.26,57.56,62.38,48.65,15.0,6.08
8,99.09,81.57,101.24,67.8,75.03,67.68,97.91,70.77,0.0,91.35,89.69,60.8,62.77,102.93,14.0,76.56,78.0,65.0,44.78,54.13,87.13,119.04,100.26,86.01,89.19,38.33,97.95,53.71,39.2,75.21,78.45,87.73,14.04,65.95,62.65,65.07,88.32,26.31,75.29,42.45,97.0,93.01,82.28,76.79,79.06,89.84,8.56,119.37,56.08,75.93
9,69.29,53.54,21.84,67.94,89.11,25.96,48.05,55.87,91.35,0.0,27.2,68.6,36.67,47.17,91.2,86.28,15.26,49.82,75.64,91.79,79.88,61.29,56.52,119.1,100.12,56.92,37.22,80.26,62.1,46.86,95.46,90.6,90.2,63.78,29.02,57.49,39.92,65.12,77.83,63.57,60.08,9.22,25.24,24.21,109.6,3.71,83.8,70.74,55.57,52.63
10,42.15,28.32,14.87,46.52,66.57,25.5,21.1,34.01,89.69,27.2,0.0,49.34,26.93,21.38,85.38,63.25,34.37,31.4,61.2,74.46,54.49,37.7,29.43,97.1,75.74,63.66,11.7,62.82,52.95,24.17,72.67,65.76,84.4,43.08,32.65,37.64,13.04,64.41,54.64,52.24,32.89,36.4,7.81,45.54,87.95,30.24,81.26,45.23,40.05,29.15
11,39.2,26.31,64.2,7.07,22.85,45.34,45.4,16.03,60.8,68.6,49.34,0.0,33.3,51.35,50.21,21.59,64.54,18.87,17.2,25.32,26.93,64.2,44.27,50.93,37.11,59.01,51.16,14.0,25.5,25.5,29.07,31.0,49.5,7.07,47.71,11.7,40.2,46.1,16.12,20.62,39.4,75.82,45.62,72.11,41.34,69.75,52.95,61.4,14.76,22.0
12,49.82,29.27,39.32,34.48,55.47,12.04,38.6,24.74,62.77,36.67,26.93,33.3,0.0,42.45,58.86,53.34,31.24,16.16,39.0,55.23,51.42,59.55,43.83,84.22,68.43,39.96,35.81,43.83,27.0,20.22,61.85,60.17,57.87,30.02,15.52,23.71,27.66,37.74,45.62,27.46,43.32,43.01,19.65,39.36,74.62,37.23,54.34,63.26,19.21,25.0
13,26.91,25.08,27.86,46.01,61.85,45.18,6.0,35.69,102.93,47.17,21.38,51.35,42.45,0.0,96.18,57.97,55.73,38.48,66.94,76.03,45.19,17.2,12.04,91.42,67.08,82.01,10.0,65.28,64.01,28.23,67.05,56.8,95.27,44.28,52.35,41.23,14.87,79.51,50.01,61.74,18.03,56.32,27.86,66.91,83.18,50.55,94.36,23.88,47.93,29.61
14,89.27,73.25,98.15,57.28,62.17,66.01,90.79,62.13,14.0,91.2,85.38,50.21,58.86,96.18,0.0,64.01,79.25,57.7,33.3,40.52,75.6,111.51,92.11,72.01,75.96,44.1,92.36,41.34,32.57,67.98,65.19,75.18,1.0,56.08,62.2,56.3,82.08,27.86,63.6,34.44,88.23,94.2,78.45,80.01,65.13,90.22,11.95,110.63,48.3,67.74
15,36.12,35.36,77.7,18.87,4.0,65.19,52.2,30.41,76.56,86.28,63.25,21.59,53.34,57.97,64.01,0.0,84.31,37.44,32.28,26.25,15.52,66.01,47.52,34.0,15.52,80.22,61.33,22.85,46.0,39.7,9.43,11.18,63.53,23.32,68.43,29.68,51.48,66.19,8.6,41.0,41.3,94.26,61.62,92.66,25.28,87.96,69.65,59.37,36.06,34.21
16,73.82,55.36,34.67,65.46,86.61,19.21,55.08,54.59,78.0,15.26,34.37,64.54,31.24,55.73,79.25,84.31,0.0,46.87,68.24,85.43,80.62,71.57,63.0,115.43,99.13,42.2,45.89,74.41,52.77,47.17,93.01,90.35,78.26,61.03,18.36,54.64,45.04,52.15,76.32,55.23,65.28,15.03,29.02,11.18,105.83,12.57,70.87,79.59,50.21,52.92
17,37.16,17.2,46.1,18.6,39.82,27.78,33.12,9.0,65.0,49.82,31.4,18.87,16.16,38.48,57.7,37.44,46.87,0.0,30.0,43.32,35.51,54.08,35.38,69.35,52.35,51.24,35.51,31.62,25.81,10.3,46.23,44.01,56.8,14.21,31.62,7.81,24.74,43.6,29.53,23.26,32.8,57.28,26.93,55.46,59.82,51.11,56.47,54.78,9.49,11.66
18,56.4,42.38,75.66,24.21,31.4,50.12,61.13,31.32,44.78,75.64,61.2,17.2,39.0,66.94,33.3,32.28,68.24,30.0,0.0,17.8,42.44,80.78,60.93,51.48,46.27,51.24,65.28,10.0,17.49,39.32,36.01,43.32,32.65,23.71,50.0,25.71,54.33,35.23,30.53,13.45,56.36,81.49,55.9,73.59,42.37,76.0,37.49,78.52,21.21,37.36
19,59.46,51.0,89.29,30.02,23.35,66.85,70.03,41.3,54.13,91.79,74.46,25.32,55.23,76.03,40.52,26.25,85.43,43.32,17.8,0.0,40.82,87.48,67.74,34.48,35.78,68.15,76.42,11.7,35.23,50.8,25.06,36.8,40.26,32.14,67.36,36.88,65.49,51.24,29.55,31.24,62.17,98.18,70.23,91.22,25.99,92.46,48.62,82.82,36.24,47.17
20,21.02,26.4,68.01,20.62,19.42,62.3,39.82,26.68,87.13,79.88,54.49,26.93,51.42,45.19,75.6,15.52,80.62,35.51,42.44,40.82,0.0,51.24,33.84,46.57,21.95,84.48,50.22,34.66,52.2,33.54,23.02,11.66,75.0,24.19,66.94,29.02,41.73,72.8,12.04,47.43,27.51,88.51,54.64,90.14,39.01,82.09,79.54,43.98,38.12,27.73
21,30.27,38.48,40.0,57.97,70.01,62.27,21.26,49.66,119.04,61.29,37.7,64.2,59.55,17.2,111.51,66.01,71.57,54.08,80.78,87.48,51.24,0.0,19.92,97.49,71.81,99.2,26.0,77.62,79.88,43.83,74.24,61.98,110.64,57.25,69.46,55.46,31.89,96.26,59.14,77.18,25.32,70.11,44.72,82.71,90.25,64.89,110.49,12.15,63.29,43.83
22,14.87,18.87,38.95,38.08,51.48,49.48,8.54,30.02,100.26,56.52,29.43,44.27,43.83,12.04,92.11,47.52,63.0,35.38,60.93,67.74,33.84,19.92,0.0,80.36,55.54,83.73,20.12,57.72,61.07,25.5,56.29,45.31,91.27,37.34,56.32,35.85,18.11,78.64,40.05,58.01,6.32,65.73,34.01,74.03,72.45,59.64,91.77,19.62,44.2,24.41
23,67.27,69.35,111.65,51.22,30.53,96.26,85.8,63.6,86.01,119.1,97.1,50.93,84.22,91.42,72.01,34.0,115.43,69.35,51.48,34.48,46.57,97.49,80.36,0.0,26.02,102.53,95.27,42.54,68.88,73.24,24.6,35.51,72.0,55.32,98.23,61.62,85.48,85.73,42.54,64.41,74.04,126.62,95.0,122.61,9.61,120.46,81.72,89.02,65.3,67.96
24,41.76,47.42,89.64,34.01,15.0,80.13,61.77,44.65,89.19,100.12,75.74,37.11,68.43,67.08,75.96,15.52,99.13,52.35,46.27,35.78,21.95,71.81,55.54,26.02,0.0,95.52,72.11,36.35,61.13,53.26,10.77,10.3,75.61,38.48,83.67,44.72,63.25,81.01,22.83,56.14,49.24,108.41,75.07,107.78,20.7,102.04,82.86,63.04,51.55,47.51
25,88.26,67.78,71.56,64.12,80.62,38.29,78.49,59.91,38.33,56.92,63.66,59.01,39.96,82.01,44.1,80.22,42.2,51.24,51.24,68.15,84.48,99.2,83.73,102.53,95.52,0.0,74.33,60.88,34.53,59.09,86.15,90.01,43.27,60.3,31.4,55.9,67.42,17.8,75.01,39.46,82.76,56.72,55.87,39.01,93.57,54.69,33.08,103.21,46.39,62.63
26,34.41,26.25,18.87,46.87,65.0,36.62,11.66,35.13,97.95,37.22,11.7,51.16,35.81,10.0,92.36,61.33,45.89,35.51,65.28,76.42,50.22,26.0,20.12,95.27,72.11,74.33,0.0,65.12,59.81,26.02,70.68,61.85,91.42,44.28,43.83,40.0,11.0,73.5,52.92,58.24,25.0,46.39,18.87,57.07,86.56,40.57,89.41,33.83,44.91,29.27
27,51.0,40.2,77.62,19.65,21.59,55.61,59.3,30.02,53.71,80.26,62.82,14.0,43.83,65.28,41.34,22.85,74.41,31.62,10.0,11.7,34.66,77.62,57.72,42.54,36.35,60.88,65.12,0.0,26.57,39.32,26.02,34.01,40.82,21.02,56.57,25.32,54.15,45.18,22.63,21.93,52.5,86.84,58.52,80.72,33.17,81.03,46.85,73.96,24.7,36.0
28,60.8,42.45,66.19,31.62,46.17,36.14,58.83,31.89,39.2,62.1,52.95,25.5,27.0,64.01,32.57,46.0,52.77,25.81,17.49,35.23,52.2,79.88,61.07,68.88,61.13,34.53,59.81,26.57,0.0,36.06,51.62,56.22,31.62,28.64,34.44,26.4,49.66,20.62,41.59,5.0,57.98,66.85,46.27,57.01,59.65,61.87,30.7,80.27,16.97,36.8
29,29.61,9.06,39.0,22.36,42.8,29.43,22.83,9.85,75.21,46.86,24.17,25.5,20.22,28.23,67.98,39.7,47.17,10.3,39.32,50.8,33.54,43.83,25.5,73.24,53.26,59.09,26.02,39.32,36.06,0.0,49.04,43.83,67.08,18.97,35.01,14.04,15.03,53.15,31.14,33.54,23.71,55.22,21.93,57.01,63.97,48.82,66.67,45.07,19.7,5.83
30,44.05,44.78,87.13,27.66,6.4,73.82,61.35,39.62,78.45,95.46,72.67,29.07,61.85,67.05,65.19,9.43,93.01,46.23,36.01,25.06,23.02,74.24,56.29,24.6,10.77,86.15,70.68,26.02,51.62,49.04,0.0,13.93,64.85,32.02,76.66,38.42,60.9,71.06,18.03,46.69,50.01,103.32,70.94,101.02,16.16,97.05,72.21,66.83,43.83,43.6
31,31.78,37.48,79.51,26.48,13.45,71.59,51.48,35.78,87.73,90.6,65.76,31.0,60.17,56.8,75.18,11.18,90.35,44.01,43.32,36.8,11.66,61.98,45.31,35.51,10.3,90.01,61.85,34.01,56.22,43.83,13.93,0.0,74.71,30.81,75.61,36.69,53.15,76.66,15.13,51.24,39.0,99.05,65.44,99.4,28.75,92.65,80.76,53.74,44.55,38.01
32,88.53,72.4,97.16,56.57,61.74,65.01,89.89,61.29,14.04,90.2,84.4,49.5,57.87,95.27,1.0,63.53,78.26,56.8,32.65,40.26,75.0,110.64,91.27,72.0,75.61,43.27,91.42,40.82,31.62,67.08,64.85,74.71,0.0,55.32,61.2,55.47,81.15,26.93,63.01,33.54,87.42,93.21,77.47,79.06,65.03,89.23,11.37,109.82,47.41,66.89
33,33.24,19.24,57.94,4.47,25.61,41.88,38.33,9.22,65.95,63.78,43.08,7.07,30.02,44.28,56.08,23.32,61.03,14.21,23.71,32.14,24.19,57.25,37.34,55.32,38.48,60.3,44.28,21.02,28.64,18.97,32.02,30.81,55.32,0.0,45.19,6.4,33.38,49.04,15.81,24.19,32.65,71.42,39.96,69.35,45.84,65.2,57.83,54.85,14.0,15.03
34,64.2,44.0,40.31,49.66,70.33,7.21,49.77,40.26,62.65,29.02,32.65,47.71,15.52,52.35,62.2,68.43,18.36,31.62,50.0,67.36,66.94,69.46,56.32,98.23,83.67,31.4,43.83,56.57,34.44,35.01,76.66,75.61,61.2,45.19,0.0,39.0,38.63,36.35,60.93,36.89,56.89,32.57,25.0,24.41,88.64,28.08,54.91,75.04,33.02,40.2
35,34.41,17.0,52.5,10.82,32.02,35.51,35.44,5.83,65.07,57.49,37.64,11.7,23.71,41.23,56.3,29.68,54.64,7.81,25.71,36.88,29.02,55.46,35.85,61.62,44.72,55.9,40.0,25.32,26.4,14.04,38.42,36.69,55.47,6.4,39.0,0.0,29.0,46.07,21.93,22.63,32.02,65.05,34.0,63.06,52.11,58.86,56.72,54.43,9.85,11.7
36,29.41,16.12,26.4,36.14,55.01,31.62,11.18,24.19,88.32,39.92,13.04,40.2,27.66,14.87,82.08,51.48,45.04,24.74,54.33,65.49,41.73,31.89,18.11,85.48,63.25,67.42,11.0,54.15,49.66,15.03,60.9,53.15,81.15,33.38,38.63,29.0,0.0,64.66,42.94,47.76,20.4,49.04,16.03,56.0,76.55,42.74,79.76,36.41,34.21,18.44
37,80.26,60.8,75.27,52.2,66.01,41.48,75.01,51.11,26.31,65.12,64.41,46.1,37.74,79.51,27.86,66.19,52.15,43.6,35.23,51.24,72.8,96.26,78.64,85.73,81.01,17.8,73.5,45.18,20.62,53.15,71.06,76.66,26.93,49.04,36.35,46.07,64.66,0.0,62.17,25.5,76.4,67.19,56.8,52.2,77.04,63.73,18.73,98.21,36.24,55.22
38,30.08,26.83,69.12,11.4,12.08,57.31,44.15,22.02,75.29,77.83,54.64,16.12,45.62,50.01,63.6,8.6,76.32,29.53,30.53,29.55,12.04,59.14,40.05,42.54,22.83,75.01,52.92,22.63,41.59,31.14,18.03,15.13,63.01,15.81,60.93,21.93,42.94,62.17,0.0,36.67,34.0,85.91,53.08,84.97,33.65,79.58,67.84,53.51,29.43,25.61
39,56.85,39.2,66.0,26.93,41.19,37.7,56.36,28.32,42.45,63.57,52.24,20.62,27.46,61.74,34.44,41.0,55.23,23.26,13.45,31.24,47.43,77.18,58.01,64.41,56.14,39.46,58.24,21.93,5.0,33.54,46.69,51.24,33.54,24.19,36.89,22.63,47.76,25.5,36.67,0.0,54.56,68.88,46.0,60.21,55.09,63.62,34.09,76.95,13.89,33.6
40,9.43,15.62,43.83,32.89,45.28,50.36,13.45,26.25,97.0,60.08,32.89,39.4,43.32,18.03,88.23,41.3,65.28,32.8,56.36,62.17,27.51,25.32,6.32,74.04,49.24,82.76,25.0,52.5,57.98,23.71,50.01,39.0,87.42,32.65,56.89,32.02,20.4,76.4,34.0,54.56,0.0,69.26,36.35,76.11,66.16,63.02,88.58,22.42,41.01,21.26
41,78.43,62.27,30.27,75.69,96.94,31.38,57.27,63.89,93.01,9.22,36.4,75.82,43.01,56.32,94.2,94.26,15.03,57.28,81.49,98.18,88.51,70.11,65.73,126.62,108.41,56.72,46.39,86.84,66.85,55.22,103.32,99.05,93.21,71.42,32.57,65.05,49.04,67.19,85.91,68.88,69.26,0.0,34.0,19.72,117.07,6.42,85.9,79.79,62.2,61.03
42,45.12,28.3,20.0,43.83,64.66,17.8,26.31,31.4,82.28,25.24,7.81,45.62,19.65,27.86,78.45,61.62,29.02,26.93,55.9,70.23,54.64,44.72,34.01,95.0,75.07,55.87,18.87,58.52,46.27,21.93,70.94,65.44,77.47,39.96,25.0,34.0,16.03,56.8,53.08,46.0,36.35,34.0,0.0,40.01,85.64,27.59,73.9,51.33,34.71,27.59
43,84.48,65.51,45.18,73.82,94.67,27.86,66.19,63.69,76.79,24.21,45.54,72.11,39.36,66.91,80.01,92.66,11.18,55.46,73.59,91.22,90.14,82.71,74.03,122.61,107.78,39.01,57.07,80.72,57.01,57.01,101.02,99.4,79.06,69.35,24.41,63.06,56.0,52.2,84.97,60.21,76.11,19.72,40.01,0.0,113.02,20.72,70.46,90.77,57.43,62.64
44,60.0,60.47,102.58,41.82,21.57,86.66,77.45,54.26,79.06,109.6,87.95,41.34,74.62,83.18,65.13,25.28,105.83,59.82,42.37,25.99,39.01,90.25,72.45,9.61,20.7,93.57,86.56,33.17,59.65,63.97,16.16,28.75,65.03,45.84,88.64,52.11,76.55,77.04,33.65,55.09,66.16,117.07,85.64,113.02,0.0,110.93,74.2,82.45,55.69,58.79
45,72.15,55.85,25.54,69.44,90.68,25.94,51.23,57.56,89.84,3.71,30.24,69.75,37.23,50.55,90.22,87.96,12.57,51.11,76.0,92.46,82.09,64.89,59.64,120.46,102.04,54.69,40.57,81.03,61.87,48.82,97.05,92.65,89.23,65.2,28.08,58.86,42.74,63.73,79.58,63.62,63.02,6.42,27.59,20.72,110.93,0.0,82.45,74.2,56.34,54.63
46,90.87,73.11,93.0,59.88,68.39,59.65,89.35,62.38,8.56,83.8,81.26,52.95,54.34,94.36,11.95,69.65,70.87,56.47,37.49,48.62,79.54,110.49,91.77,81.72,82.86,33.08,89.41,46.85,30.7,66.67,72.21,80.76,11.37,57.83,54.91,56.72,79.76,18.73,67.84,34.09,88.58,85.9,73.9,70.46,74.2,82.45,0.0,110.93,47.62,67.46
47,23.44,37.82,50.25,54.64,63.33,68.0,25.28,48.65,119.37,70.74,45.23,61.4,63.26,23.88,110.63,59.37,79.59,54.78,78.52,82.82,43.98,12.15,19.62,89.02,63.04,103.21,33.83,73.96,80.27,45.07,66.83,53.74,109.82,54.85,75.04,54.43,36.41,98.21,53.51,76.95,22.42,79.79,51.33,90.77,82.45,74.2,110.93,0.0,63.31,43.47
48,44.1,25.5,54.45,18.11,37.58,31.14,42.49,15.0,56.08,55.57,40.05,14.76,19.21,47.93,48.3,36.06,50.21,9.49,21.21,36.24,38.12,63.29,44.2,65.3,51.55,46.39,44.91,24.7,16.97,19.7,43.83,44.55,47.41,14.0,33.02,9.85,34.21,36.24,29.43,13.89,41.01,62.2,34.71,57.43,55.69,56.34,47.62,63.31,0.0,19.85
49,25.63,5.66,43.83,17.72,37.44,34.93,23.77,6.08,75.93,52.63,29.15,22.0,25.0,29.61,67.74,34.21,52.92,11.66,37.36,47.17,27.73,43.83,24.41,67.96,47.51,62.63,29.27,36.0,36.8,5.83,43.6,38.01,66.89,15.03,40.2,11.7,18.44,55.22,25.61,33.6,21.26,61.03,27.59,62.64,58.79,54.63,67.46,43.47,19.85,0.0
