set K:= 1	2	3	4	5	6	7;
set C_H:= 1	2	3	4	5	6	7	8	9	10	11	12	13	14	15	16;
set C_S:= 17	18	19	20	21	22	23	24	25	26	27	28	29	30;
set C_F:= 31	32	33	34	35	36	37	38	39	40	41	42	43	44;
set M:= 45	46	47	48	49	50;
set L_B:= 51	52	53	54	55	56	57;
set A1:=
(0,*) 1 2 3 4 5 6 7 8 9 10 11 12 13 14 15 16 31 32 33 34 35 36 37 38 39 40 41 42 43 44 45 46 47 48 49 50 51 52 53 54 55 56 57 58
(1,*) 0 2 3 4 5 6 7 8 9 10 11 12 13 14 15 16 31 32 33 34 35 36 37 38 39 40 41 42 43 44 45 46 47 48 49 50 51 52 53 54 55 56 57 58
(2,*) 0 1 3 4 5 6 7 8 9 10 11 12 13 14 15 16 31 32 33 34 35 36 37 38 39 40 41 42 43 44 45 46 47 48 49 50 51 52 53 54 55 56 57 58
(3,*) 0 1 2 4 5 6 7 8 9 10 11 12 13 14 15 16 31 32 33 34 35 36 37 38 39 40 41 42 43 44 45 46 47 48 49 50 51 52 53 54 55 56 57 58
(4,*) 0 1 2 3 5 6 7 8 9 10 11 12 13 14 15 16 31 32 33 34 35 36 37 38 39 40 41 42 43 44 45 46 47 48 49 50 51 52 53 54 55 56 57 58
(5,*) 0 1 2 3 4 6 7 8 9 10 11 12 13 14 15 16 31 32 33 34 35 36 37 38 39 40 41 42 43 44 45 46 47 48 49 50 51 52 53 54 55 56 57 58
(6,*) 0 1 2 3 4 5 7 8 9 10 11 12 13 14 15 16 31 32 33 34 35 36 37 38 39 40 41 42 43 44 45 46 47 48 49 50 51 52 53 54 55 56 57 58
(7,*) 0 1 2 3 4 5 6 8 9 10 11 12 13 14 15 16 31 32 33 34 35 36 37 38 39 40 41 42 43 44 45 46 47 48 49 50 51 52 53 54 55 56 57 58
(8,*) 0 1 2 3 4 5 6 7 9 10 11 12 13 14 15 16 31 32 33 34 35 36 37 38 39 40 41 42 43 44 45 46 47 48 49 50 51 52 53 54 55 56 57 58
(9,*) 0 1 2 3 4 5 6 7 8 10 11 12 13 14 15 16 31 32 33 34 35 36 37 38 39 40 41 42 43 44 45 46 47 48 49 50 51 52 53 54 55 56 57 58
(10,*) 0 1 2 3 4 5 6 7 8 9 11 12 13 14 15 16 31 32 33 34 35 36 37 38 39 40 41 42 43 44 45 46 47 48 49 50 51 52 53 54 55 56 57 58
(11,*) 0 1 2 3 4 5 6 7 8 9 10 12 13 14 15 16 31 32 33 34 35 36 37 38 39 40 41 42 43 44 45 46 47 48 49 50 51 52 53 54 55 56 57 58
(12,*) 0 1 2 3 4 5 6 7 8 9 10 11 13 14 15 16 31 32 33 34 35 36 37 38 39 40 41 42 43 44 45 46 47 48 49 50 51 52 53 54 55 56 57 58
(13,*) 0 1 2 3 4 5 6 7 8 9 10 11 12 14 15 16 31 32 33 34 35 36 37 38 39 40 41 42 43 44 45 46 47 48 49 50 51 52 53 54 55 56 57 58
(14,*) 0 1 2 3 4 5 6 7 8 9 10 11 12 13 15 16 31 32 33 34 35 36 37 38 39 40 41 42 43 44 45 46 47 48 49 50 51 52 53 54 55 56 57 58
(15,*) 0 1 2 3 4 5 6 7 8 9 10 11 12 13 14 16 31 32 33 34 35 36 37 38 39 40 41 42 43 44 45 46 47 48 49 50 51 52 53 54 55 56 57 58
(16,*) 0 1 2 3 4 5 6 7 8 9 10 11 12 13 14 15 31 32 33 34 35 36 37 38 39 40 41 42 43 44 45 46 47 48 49 50 51 52 53 54 55 56 57 58
(31,*) 0 1 2 3 4 5 6 7 8 9 10 11 12 13 14 15 16 32 33 34 35 36 37 38 39 40 41 42 43 44 45 46 47 48 49 50 51 52 53 54 55 56 57 58
(32,*) 0 1 2 3 4 5 6 7 8 9 10 11 12 13 14 15 16 31 33 34 35 36 37 38 39 40 41 42 43 44 45 46 47 48 49 50 51 52 53 54 55 56 57 58
(33,*) 0 1 2 3 4 5 6 7 8 9 10 11 12 13 14 15 16 31 32 34 35 36 37 38 39 40 41 42 43 44 45 46 47 48 49 50 51 52 53 54 55 56 57 58
(34,*) 0 1 2 3 4 5 6 7 8 9 10 11 12 13 14 15 16 31 32 33 35 36 37 38 39 40 41 42 43 44 45 46 47 48 49 50 51 52 53 54 55 56 57 58
(35,*) 0 1 2 3 4 5 6 7 8 9 10 11 12 13 14 15 16 31 32 33 34 36 37 38 39 40 41 42 43 44 45 46 47 48 49 50 51 52 53 54 55 56 57 58
(36,*) 0 1 2 3 4 5 6 7 8 9 10 11 12 13 14 15 16 31 32 33 34 35 37 38 39 40 41 42 43 44 45 46 47 48 49 50 51 52 53 54 55 56 57 58
(37,*) 0 1 2 3 4 5 6 7 8 9 10 11 12 13 14 15 16 31 32 33 34 35 36 38 39 40 41 42 43 44 45 46 47 48 49 50 51 52 53 54 55 56 57 58
(38,*) 0 1 2 3 4 5 6 7 8 9 10 11 12 13 14 15 16 31 32 33 34 35 36 37 39 40 41 42 43 44 45 46 47 48 49 50 51 52 53 54 55 56 57 58
(39,*) 0 1 2 3 4 5 6 7 8 9 10 11 12 13 14 15 16 31 32 33 34 35 36 37 38 40 41 42 43 44 45 46 47 48 49 50 51 52 53 54 55 56 57 58
(40,*) 0 1 2 3 4 5 6 7 8 9 10 11 12 13 14 15 16 31 32 33 34 35 36 37 38 39 41 42 43 44 45 46 47 48 49 50 51 52 53 54 55 56 57 58
(41,*) 0 1 2 3 4 5 6 7 8 9 10 11 12 13 14 15 16 31 32 33 34 35 36 37 38 39 40 42 43 44 45 46 47 48 49 50 51 52 53 54 55 56 57 58
(42,*) 0 1 2 3 4 5 6 7 8 9 10 11 12 13 14 15 16 31 32 33 34 35 36 37 38 39 40 41 43 44 45 46 47 48 49 50 51 52 53 54 55 56 57 58
(43,*) 0 1 2 3 4 5 6 7 8 9 10 11 12 13 14 15 16 31 32 33 34 35 36 37 38 39 40 41 42 44 45 46 47 48 49 50 51 52 53 54 55 56 57 58
(44,*) 0 1 2 3 4 5 6 7 8 9 10 11 12 13 14 15 16 31 32 33 34 35 36 37 38 39 40 41 42 43 45 46 47 48 49 50 51 52 53 54 55 56 57 58
(45,*) 0 1 2 3 4 5 6 7 8 9 10 11 12 13 14 15 16 31 32 33 34 35 36 37 38 39 40 41 42 43 44 46 47 48 49 50 51 52 53 54 55 56 57 58
(46,*) 0 1 2 3 4 5 6 7 8 9 10 11 12 13 14 15 16 31 32 33 34 35 36 37 38 39 40 41 42 43 44 45 47 48 49 50 51 52 53 54 55 56 57 58
(47,*) 0 1 2 3 4 5 6 7 8 9 10 11 12 13 14 15 16 31 32 33 34 35 36 37 38 39 40 41 42 43 44 45 46 48 49 50 51 52 53 54 55 56 57 58
(48,*) 0 1 2 3 4 5 6 7 8 9 10 11 12 13 14 15 16 31 32 33 34 35 36 37 38 39 40 41 42 43 44 45 46 47 49 50 51 52 53 54 55 56 57 58
(49,*) 0 1 2 3 4 5 6 7 8 9 10 11 12 13 14 15 16 31 32 33 34 35 36 37 38 39 40 41 42 43 44 45 46 47 48 50 51 52 53 54 55 56 57 58
(50,*) 0 1 2 3 4 5 6 7 8 9 10 11 12 13 14 15 16 31 32 33 34 35 36 37 38 39 40 41 42 43 44 45 46 47 48 49 51 52 53 54 55 56 57 58
(51,*) 0 1 2 3 4 5 6 7 8 9 10 11 12 13 14 15 16 31 32 33 34 35 36 37 38 39 40 41 42 43 44 45 46 47 48 49 50 52 53 54 55 56 57 58
(52,*) 0 1 2 3 4 5 6 7 8 9 10 11 12 13 14 15 16 31 32 33 34 35 36 37 38 39 40 41 42 43 44 45 46 47 48 49 50 51 53 54 55 56 57 58
(53,*) 0 1 2 3 4 5 6 7 8 9 10 11 12 13 14 15 16 31 32 33 34 35 36 37 38 39 40 41 42 43 44 45 46 47 48 49 50 51 52 54 55 56 57 58
(54,*) 0 1 2 3 4 5 6 7 8 9 10 11 12 13 14 15 16 31 32 33 34 35 36 37 38 39 40 41 42 43 44 45 46 47 48 49 50 51 52 53 55 56 57 58
(55,*) 0 1 2 3 4 5 6 7 8 9 10 11 12 13 14 15 16 31 32 33 34 35 36 37 38 39 40 41 42 43 44 45 46 47 48 49 50 51 52 53 54 56 57 58
(56,*) 0 1 2 3 4 5 6 7 8 9 10 11 12 13 14 15 16 31 32 33 34 35 36 37 38 39 40 41 42 43 44 45 46 47 48 49 50 51 52 53 54 55 57 58
(57,*) 0 1 2 3 4 5 6 7 8 9 10 11 12 13 14 15 16 31 32 33 34 35 36 37 38 39 40 41 42 43 44 45 46 47 48 49 50 51 52 53 54 55 56 58
(58,*) 0 1 2 3 4 5 6 7 8 9 10 11 12 13 14 15 16 31 32 33 34 35 36 37 38 39 40 41 42 43 44 45 46 47 48 49 50 51 52 53 54 55 56 57
;
set A2:=
(45,*) 46
(46,*) 45
(47,*) 48
(48,*) 47
(49,*) 50
(50,*) 49
;
param BigM:=99999;
param n:= 7;
param d:=
1	23
2	1
3	7
4	19
5	13
6	3
7	17
8	16
9	22
10	20
11	12
12	14
13	19
14	10
15	6
16	24
17	14
18	16
19	12
20	5
21	20
22	21
23	8
24	24
25	22
26	20
27	12
28	20
29	2
30	11
31	1
32	6
33	13
34	14
35	18
36	8
37	20
38	26
39	8
40	25
41	17
42	15
43	9
44	21
;
param Q:=100;
param w:=
[45,*] 46 2
[46,*] 45 2
[47,*] 48 2
[48,*] 47 2
[49,*] 50 2
[50,*] 49 2
;
param V:=
[45,*] 46 89
[46,*] 45 89
[47,*] 48 93
[48,*] 47 93
[49,*] 50 86
[50,*] 49 86
;
param e:
	45	46	47	48	49	50	51	52	53	54	55	56	57:=
17		0		0		1		0		0		1		0		0		0		0		0		0		0	
18		0		0		0		0		0		0		0		0		0		0		1		0		0	
19		0		0		0		0		0		0		1		0		0		0		0		0		0	
20		0		0		0		0		1		0		0		1		0		0		0		0		0	
21		0		0		0		0		0		1		0		0		0		0		0		0		0	
22		0		0		1		0		0		1		0		0		0		0		0		0		0	
23		0		0		0		0		1		0		0		0		0		0		0		0		0	
24		0		0		1		0		0		0		0		0		0		0		0		0		0	
25		0		0		0		0		0		0		0		0		0		0		0		0		1	
26		0		1		0		0		0		0		0		0		1		0		0		0		0	
27		0		0		0		1		0		0		0		0		0		0		0		0		0	
28		0		1		0		0		0		0		0		0		0		0		0		0		0	
29		0		0		0		0		1		0		0		1		0		0		0		0		0	
30		0		0		1		0		0		1		0		0		0		0		0		0		0	
31		1		0		0		1		0		0		0		0		0		1		0		1		0	
32		0		0		0		1		0		0		0		0		0		0		1		0		0	
33		0		0		0		0		0		0		0		1		0		1		0		0		1	
34		0		1		0		0		0		0		0		0		0		0		0		0		0	
35		0		0		0		0		0		0		0		0		0		0		0		1		0	
36		0		0		0		0		0		1		1		0		1		0		1		0		1	
37		0		0		0		0		1		0		0		1		0		0		0		0		0	
38		0		0		0		0		0		1		0		0		1		0		0		0		0	
39		0		0		1		0		0		1		0		0		0		0		0		0		0	
40		0		0		0		0		0		0		1		0		1		0		0		0		0	
41		1		0		0		0		0		0		0		1		0		1		0		1		0	
42		0		0		1		0		0		1		0		0		0		0		0		0		0	
43		1		0		0		0		0		0		0		1		0		1		0		1		0	
44		0		1		0		0		0		0		0		0		0		0		0		0		0	
;
param p:=
1	1
2	1
3	1
4	1
5	1
6	1
7	1
;
param G:=
45	70
46	89
47	93
48	74
49	72
50	86
51	96
52	100
53	86
54	75
55	72
56	71
57	90
;
param s:=
0	0
1	10
2	10
3	10
4	10
5	10
6	10
7	10
8	10
9	10
10	10
11	10
12	10
13	10
14	10
15	10
16	10
31	10
32	10
33	10
34	10
35	10
36	10
37	10
38	10
39	10
40	10
41	10
42	10
43	10
44	10
45	10
46	10
47	10
48	10
49	10
50	10
51	10
52	10
53	10
54	10
55	10
56	10
57	10
;
param t:
	0	1	2	3	4	5	6	7	8	9	10	11	12	13	14	15	16	17	18	19	20	21	22	23	24	25	26	27	28	29	30	31	32	33	34	35	36	37	38	39	40	41	42	43	44	45	46	47	48	49	50	51	52	53	54	55	56	57	58:=
0	0.0	32.56	38.63	26.08	95.35	43.86	32.31	73.35	26.08	94.25	90.02	88.29	24.74	18.44	33.53	96.6	69.08	98.08	69.43	76.24	32.8	65.12	72.11	39.6	62.61	58.31	86.16	58.82	95.35	42.94	77.25	20.0	42.52	38.21	77.67	22.0	63.15	25.46	74.03	71.69	74.73	25.06	94.59	18.44	91.61	11.7	91.39	92.7	40.52	19.42	85.71	64.94	21.84	66.27	32.28	51.48	16.64	46.27	0.0
1	32.56	0.0	37.95	36.06	70.26	54.33	11.66	68.41	8.25	66.27	70.23	62.03	28.0	18.97	55.79	65.79	40.2	88.09	36.88	54.41	48.17	52.5	63.66	50.16	59.36	30.0	56.89	27.86	70.26	44.27	69.31	13.42	10.77	29.53	45.65	24.0	39.29	40.45	55.46	65.3	48.04	10.2	80.99	18.97	59.36	29.07	61.61	82.98	21.4	40.16	69.35	41.48	28.16	44.94	14.76	21.21	16.4	27.8	32.56
2	38.63	37.95	0.0	14.0	65.3	18.97	26.68	34.99	31.3	68.41	55.32	60.46	14.42	25.46	31.62	76.58	48.83	59.46	62.1	44.72	20.0	28.07	33.53	16.12	24.41	40.25	63.66	62.03	65.3	6.32	38.63	38.42	46.69	10.2	64.4	50.91	36.77	18.44	39.85	33.11	49.52	29.53	56.57	25.46	77.9	26.93	69.31	54.08	58.6	25.08	49.09	37.54	17.0	36.06	23.54	40.02	31.83	21.47	38.63
3	26.08	36.06	14.0	0.0	78.0	19.7	27.2	47.54	28.0	79.92	69.05	72.47	8.25	18.44	21.63	86.37	58.0	72.8	67.08	57.58	12.17	42.05	47.07	15.23	36.77	48.17	74.03	63.15	78.0	17.09	51.92	31.62	46.39	18.87	71.61	42.19	47.71	5.66	53.37	46.17	60.46	26.0	70.46	18.44	85.6	14.87	79.65	67.45	54.13	11.18	63.07	48.88	8.06	48.33	24.7	45.28	24.35	30.61	26.08
4	95.35	70.26	65.3	78.0	0.0	80.0	64.12	55.57	72.03	12.65	18.44	8.94	73.38	76.94	96.75	29.12	31.62	50.04	51.61	20.59	85.09	41.04	47.71	79.32	58.14	40.45	21.26	68.0	0.0	66.57	49.19	82.0	67.91	59.46	41.04	94.19	32.25	83.26	26.91	52.15	22.36	72.11	38.05	76.94	42.94	85.38	22.36	48.51	86.13	88.96	28.46	30.41	76.24	29.73	63.39	49.82	80.31	49.24	95.35
5	43.86	54.33	18.97	19.7	80.0	0.0	44.0	36.0	46.69	84.85	67.08	76.42	26.68	37.95	20.0	94.4	67.23	62.03	81.04	59.67	11.66	39.45	38.83	4.47	26.31	59.09	81.22	80.1	80.0	14.42	42.19	51.26	64.03	29.12	83.26	61.77	54.41	18.44	53.25	36.22	66.84	44.72	62.8	37.95	96.6	33.84	86.83	57.0	73.5	24.84	58.87	54.82	27.51	52.35	41.01	58.94	44.01	40.31	43.86
6	32.31	11.66	26.68	27.2	64.12	44.0	0.0	56.85	8.25	62.1	61.61	56.57	18.97	14.42	48.33	64.5	36.77	77.2	40.5	46.39	39.29	41.62	52.35	40.05	47.71	26.0	53.85	36.22	64.12	32.98	58.0	18.44	20.1	17.89	46.69	31.62	32.0	32.31	46.17	53.81	42.76	8.0	70.71	14.42	60.83	24.84	59.09	72.01	33.02	33.84	59.62	34.01	20.12	36.5	3.16	19.85	16.28	17.46	32.31
7	73.35	68.41	34.99	47.54	55.57	36.0	56.85	0.0	63.66	64.62	38.42	55.71	49.4	60.0	56.0	78.59	58.03	26.08	79.25	39.29	46.39	20.1	8.25	38.21	10.77	55.32	65.51	86.16	55.57	30.46	7.21	72.25	74.43	39.6	76.03	85.28	44.18	50.0	31.05	4.0	52.35	62.23	27.86	60.0	86.37	61.72	70.34	21.0	89.81	57.28	28.32	43.05	51.97	38.0	53.91	60.75	66.22	42.06	73.35
8	26.08	8.25	31.3	28.0	72.03	46.69	8.25	63.66	0.0	69.43	69.86	64.28	20.1	10.77	47.54	70.68	43.68	84.88	43.86	54.59	40.05	49.4	59.67	42.43	54.04	32.98	60.73	36.06	72.03	37.58	65.3	10.2	18.97	24.08	51.61	23.41	40.05	32.25	54.41	60.83	50.36	2.0	78.71	10.77	65.6	21.1	65.79	79.63	27.31	31.95	67.78	42.11	20.02	44.72	10.3	25.5	9.43	25.63	26.08
9	94.25	66.27	68.41	79.92	12.65	84.85	62.1	64.62	69.43	0.0	30.0	8.94	74.24	75.89	100.0	16.49	26.08	62.03	42.05	26.08	88.41	47.71	56.46	83.55	65.51	36.5	10.77	59.46	12.65	70.77	58.82	78.92	62.13	61.06	30.53	90.2	32.25	85.44	34.0	60.93	19.7	69.86	50.04	75.89	30.53	85.23	10.0	60.07	79.76	90.43	39.32	31.06	76.92	32.56	61.98	45.1	78.34	49.65	94.25
10	90.02	70.23	55.32	69.05	18.44	67.08	61.61	38.42	69.86	30.0	0.0	22.36	66.12	72.25	85.44	46.17	38.21	32.06	61.22	16.12	74.0	27.86	31.11	67.23	42.8	43.27	35.44	75.07	18.44	55.03	31.62	80.05	70.71	52.04	52.84	93.15	31.3	73.76	16.0	35.38	28.43	69.43	20.1	72.25	58.24	79.03	38.47	30.15	89.01	80.23	10.3	29.07	69.12	25.3	60.02	52.48	76.79	44.55	90.02
11	88.29	62.03	60.46	72.47	8.94	76.42	56.57	55.71	64.28	8.94	22.36	0.0	67.23	69.86	92.09	24.0	22.8	54.33	42.8	17.2	80.45	38.83	47.54	75.29	56.6	32.06	13.42	59.06	8.94	62.48	50.0	74.11	59.23	53.67	32.56	86.02	25.3	77.9	25.06	52.0	14.0	64.5	42.43	69.86	36.06	78.75	16.12	52.01	77.37	83.19	31.02	23.77	70.01	24.41	56.09	41.3	72.84	42.72	88.29
12	24.74	28.0	14.42	8.25	73.38	26.68	18.97	49.4	20.1	74.24	66.12	67.23	0.0	11.66	29.53	79.65	51.22	73.54	59.06	53.37	20.4	40.45	47.54	22.36	38.83	41.04	67.68	54.92	73.38	19.8	52.8	25.06	38.21	14.14	64.03	36.88	42.05	13.42	50.16	47.41	54.59	18.11	69.86	11.66	78.1	13.15	73.24	68.15	46.84	16.4	61.2	43.46	3.0	43.68	16.55	37.44	18.03	24.6	24.74
13	18.44	18.97	25.46	18.44	76.94	37.95	14.42	60.0	10.77	75.89	72.25	69.86	11.66	0.0	36.88	78.89	50.99	83.19	54.04	58.03	30.07	48.7	57.31	33.53	49.68	40.25	68.03	46.82	76.94	31.24	62.77	13.42	29.73	21.54	60.96	25.46	44.72	22.0	56.32	57.69	56.32	8.94	78.43	0.0	75.07	10.63	73.35	77.83	35.69	21.19	68.66	46.53	10.44	48.04	13.93	34.21	6.4	28.02	18.44
14	33.53	55.79	31.62	21.63	96.75	20.0	48.33	56.0	47.54	100.0	85.44	92.09	29.53	36.88	0.0	107.48	79.25	82.02	88.59	76.16	11.66	57.58	58.55	18.44	46.17	69.66	94.85	83.52	96.75	30.46	62.13	48.04	66.48	39.6	93.23	54.92	68.12	16.12	70.68	56.14	80.92	45.61	82.61	36.88	107.2	28.02	100.5	77.0	71.01	16.03	77.88	69.03	28.23	67.68	46.07	66.89	41.19	51.62	33.53
15	96.6	65.79	76.58	86.37	29.12	94.4	64.5	78.59	70.68	16.49	46.17	24.0	79.65	78.89	107.48	0.0	28.43	78.23	34.06	39.29	96.21	60.17	70.34	92.46	78.0	38.83	13.42	52.15	29.12	80.0	73.35	79.12	59.23	67.88	22.0	88.77	40.0	92.02	47.54	74.73	27.78	71.55	66.27	78.89	15.62	89.04	8.25	76.01	75.17	96.05	55.01	39.66	82.01	42.94	65.19	45.19	80.06	55.87	96.6
16	69.08	40.2	48.83	58.0	31.62	67.23	36.77	58.03	43.68	26.08	38.21	22.8	51.22	50.99	79.25	28.43	0.0	66.21	23.32	23.32	68.12	38.0	50.16	64.9	54.59	10.77	17.09	37.2	31.62	52.84	54.59	52.95	36.5	39.7	18.0	64.12	14.14	63.66	29.73	54.04	10.0	44.27	55.57	50.99	29.73	60.9	22.36	62.39	54.57	67.62	42.54	15.0	53.6	20.1	37.12	19.03	52.81	27.66	69.08
17	98.08	88.09	59.46	72.8	50.04	62.03	77.2	26.08	84.88	62.03	32.06	54.33	73.54	83.19	82.02	78.23	66.21	0.0	89.44	43.08	72.44	35.61	26.0	64.28	36.5	67.68	67.08	100.44	50.04	55.79	20.88	94.34	91.93	61.77	82.87	107.7	54.92	75.71	36.72	26.68	57.58	83.76	12.0	83.19	89.82	86.38	70.46	5.39	109.04	82.98	24.04	53.0	76.32	47.71	74.63	75.43	89.07	60.31	98.08
18	69.43	36.88	62.1	67.08	51.61	81.04	40.5	79.25	43.86	42.05	61.22	42.8	59.06	54.04	88.59	34.06	23.32	89.44	0.0	46.65	78.79	59.23	71.81	77.79	74.11	24.08	31.3	18.11	51.61	67.47	76.66	50.0	27.78	51.92	12.17	57.27	35.44	72.47	52.8	75.31	32.8	45.34	78.89	54.04	23.41	64.66	33.53	85.49	41.59	74.33	65.86	37.0	60.54	42.38	42.54	22.14	53.04	41.44	69.43
19	76.24	54.41	44.72	57.58	20.59	59.67	46.39	39.29	54.59	26.08	16.12	17.2	53.37	58.03	76.16	39.29	23.32	43.08	46.65	0.0	64.5	21.63	31.05	58.82	39.45	27.2	26.31	59.4	20.59	46.04	34.23	64.78	54.59	39.29	39.85	77.67	15.23	62.77	8.25	35.44	14.56	54.33	32.25	58.03	48.04	65.76	31.05	39.56	72.9	68.62	19.24	13.0	56.29	10.0	45.1	36.36	62.07	30.02	76.24
20	32.8	48.17	20.0	12.17	85.09	11.66	39.29	46.39	40.05	88.41	74.0	80.45	20.4	30.07	11.66	96.21	68.12	72.44	78.79	64.5	0.0	46.17	48.04	8.25	36.06	58.82	83.45	75.31	85.09	18.97	52.04	42.76	58.55	28.43	82.68	52.0	56.64	8.25	59.09	46.04	69.43	38.05	72.11	30.07	96.52	23.77	89.11	67.27	65.62	13.45	66.71	57.49	20.02	56.04	36.69	56.8	35.51	40.46	32.8
21	65.12	52.5	28.07	42.05	41.04	39.45	41.62	20.1	49.4	47.71	27.86	38.83	40.45	48.7	57.58	60.17	38.0	35.61	59.23	21.63	46.17	0.0	12.65	39.4	17.89	35.44	46.82	67.08	41.04	27.2	17.89	59.06	56.85	27.2	56.0	72.47	24.08	46.39	14.14	16.12	32.98	48.37	29.73	48.7	66.75	53.6	52.0	30.48	73.55	53.15	21.02	23.0	43.42	18.11	39.12	41.59	54.23	24.76	65.12
22	72.11	63.66	33.53	47.07	47.71	38.83	52.35	8.25	59.67	56.46	31.11	47.54	47.54	57.31	58.55	70.34	50.16	26.0	71.81	31.05	48.04	12.65	0.0	40.2	12.65	48.08	57.27	79.62	47.71	30.27	5.66	68.82	68.82	36.06	68.12	82.1	36.5	50.36	22.8	4.47	44.18	58.41	24.08	57.31	78.23	60.41	62.1	20.62	84.96	57.56	21.4	35.23	50.33	30.07	49.58	54.13	63.29	36.4	72.11
23	39.6	50.16	16.12	15.23	79.32	4.47	40.05	38.21	42.43	83.55	67.23	75.29	22.36	33.53	18.44	92.46	64.9	64.28	77.79	58.82	8.25	39.4	40.2	0.0	28.0	56.36	79.4	76.24	79.32	12.81	44.0	46.82	60.0	26.0	80.5	57.31	52.5	14.14	52.84	38.0	65.12	40.45	64.28	33.53	94.02	29.41	85.04	59.14	69.12	20.81	59.48	53.08	23.09	50.99	37.12	55.66	39.56	37.59	39.6
24	62.61	59.36	24.41	36.77	58.14	26.31	47.71	10.77	54.04	65.51	42.8	56.6	38.83	49.68	46.17	78.0	54.59	36.5	74.11	39.45	36.06	17.89	12.65	28.0	0.0	50.04	64.62	79.12	58.14	19.7	16.0	62.23	66.21	30.0	72.44	75.07	40.45	39.29	31.62	10.0	50.6	52.5	36.5	49.68	83.95	51.0	69.86	31.26	80.71	46.57	33.62	39.81	41.34	35.44	44.65	54.13	55.97	34.48	62.61
25	58.31	30.0	40.25	48.17	40.45	59.09	26.0	55.32	32.98	36.5	43.27	32.06	41.04	40.25	69.66	38.83	10.77	67.68	24.08	27.2	58.82	35.44	48.08	56.36	50.04	0.0	27.86	32.8	40.45	44.94	53.14	42.43	27.86	30.53	24.17	54.0	12.81	53.81	31.24	51.42	18.11	33.53	58.14	40.25	37.74	50.25	33.11	63.29	46.24	57.38	45.28	14.87	43.28	20.0	26.42	9.49	42.06	18.79	58.31
26	86.16	56.89	63.66	74.03	21.26	81.22	53.85	65.51	60.73	10.77	35.44	13.42	67.68	68.03	94.85	13.42	17.09	67.08	31.3	26.31	83.45	46.82	57.27	79.4	64.62	27.86	0.0	48.7	21.26	66.84	60.53	69.86	52.0	55.32	20.0	80.62	26.91	79.65	34.53	61.61	14.42	61.35	55.32	68.03	22.8	77.83	5.66	64.38	69.35	84.05	43.29	26.4	70.18	29.53	54.13	35.69	69.89	43.42	86.16
27	58.82	27.86	62.03	63.15	68.0	80.1	36.22	86.16	36.06	59.46	75.07	59.06	54.92	46.82	83.52	52.15	37.2	100.44	18.11	59.4	75.31	67.08	79.62	76.24	79.12	32.8	48.7	0.0	68.0	68.12	84.97	38.83	17.09	52.15	30.27	42.8	45.61	67.91	64.03	82.46	47.2	37.95	90.91	46.82	40.45	56.86	51.42	95.96	24.7	68.01	77.99	47.63	55.54	52.8	39.12	25.5	43.83	44.64	58.82
28	95.35	70.26	65.3	78.0	0.0	80.0	64.12	55.57	72.03	12.65	18.44	8.94	73.38	76.94	96.75	29.12	31.62	50.04	51.61	20.59	85.09	41.04	47.71	79.32	58.14	40.45	21.26	68.0	0.0	66.57	49.19	82.0	67.91	59.46	41.04	94.19	32.25	83.26	26.91	52.15	22.36	72.11	38.05	76.94	42.94	85.38	22.36	48.51	86.13	88.96	28.46	30.41	76.24	29.73	63.39	49.82	80.31	49.24	95.35
29	42.94	44.27	6.32	17.09	66.57	14.42	32.98	30.46	37.58	70.77	55.03	62.48	19.8	31.24	30.46	80.0	52.84	55.79	67.47	46.04	18.97	27.2	30.27	12.81	19.7	44.94	66.84	68.12	66.57	0.0	34.93	44.41	52.95	16.0	69.08	56.64	40.0	20.1	40.25	29.12	52.5	35.78	54.04	31.24	82.29	31.38	72.47	50.45	64.88	27.29	47.85	40.46	22.02	38.21	29.83	45.54	37.64	26.25	42.94
30	77.25	69.31	38.63	51.92	49.19	42.19	58.0	7.21	65.3	58.82	31.62	50.0	52.8	62.77	62.13	73.35	54.59	20.88	76.66	34.23	52.04	17.89	5.66	44.0	16.0	53.14	60.53	84.97	49.19	34.93	0.0	74.4	74.4	41.62	72.44	87.66	41.23	54.92	26.08	6.0	48.0	64.03	20.88	62.77	82.02	65.55	65.12	15.52	90.61	62.17	21.4	39.81	55.54	34.53	55.23	59.48	68.8	42.01	77.25
31	20.0	13.42	38.42	31.62	82.0	51.26	18.44	72.25	10.2	78.92	80.05	74.11	25.06	13.42	48.04	79.12	52.95	94.34	50.0	64.78	42.76	59.06	68.82	46.82	62.23	42.43	69.86	38.83	82.0	44.41	74.4	0.0	22.63	32.8	59.06	13.42	50.16	34.53	64.56	69.66	60.13	10.77	88.57	13.42	72.72	20.02	74.73	89.04	23.02	32.02	77.83	52.24	23.77	54.92	20.25	34.21	7.28	35.74	20.0
32	42.52	10.77	46.69	46.39	67.91	64.03	20.1	74.43	18.97	62.13	70.71	59.23	38.21	29.73	66.48	59.23	36.5	91.93	27.78	54.59	58.55	56.85	68.82	60.0	66.21	27.86	52.0	17.09	67.91	52.95	74.4	22.63	0.0	37.36	37.95	29.73	39.45	50.99	57.2	71.02	45.61	20.88	83.74	29.73	50.99	39.81	56.14	87.05	18.38	50.92	71.4	41.68	38.64	46.04	23.19	18.38	26.93	32.45	42.52
33	38.21	29.53	10.2	18.87	59.46	29.12	17.89	39.6	24.08	61.06	52.04	53.67	14.14	21.54	39.6	67.88	39.7	61.77	51.92	39.29	28.43	27.2	36.06	26.0	30.0	30.53	55.32	52.15	59.46	16.0	41.62	32.8	37.36	0.0	54.59	46.04	28.84	24.41	36.06	36.88	41.62	22.63	56.92	21.54	68.26	27.0	60.96	56.44	50.77	29.55	47.52	30.02	17.12	29.73	14.76	29.83	27.29	12.04	38.21
34	77.67	45.65	64.4	71.61	41.04	83.26	46.69	76.03	51.61	30.53	52.84	32.56	64.03	60.96	93.23	22.0	18.0	82.87	12.17	39.85	82.68	56.0	68.12	80.5	72.44	24.17	20.0	30.27	41.04	69.08	72.44	59.06	37.95	54.59	0.0	67.68	32.06	77.2	47.07	72.03	25.3	52.8	71.69	60.96	14.14	71.51	21.54	79.4	53.24	80.06	58.87	33.0	65.95	38.05	48.1	26.87	61.03	42.95	77.67
35	22.0	24.0	50.91	42.19	94.19	61.77	31.62	85.28	23.41	90.2	93.15	86.02	36.88	25.46	54.92	88.77	64.12	107.7	57.27	77.67	52.0	72.47	82.1	57.31	75.07	54.0	80.62	42.8	94.19	56.64	87.66	13.42	29.73	46.04	67.68	0.0	62.8	43.86	77.79	82.8	72.03	24.17	101.98	25.46	80.62	28.23	85.16	102.4	20.25	39.56	91.18	64.94	35.0	67.91	33.62	45.1	19.1	49.04	22.0
36	63.15	39.29	36.77	47.71	32.25	54.41	32.0	44.18	40.05	32.25	31.3	25.3	42.05	44.72	68.12	40.0	14.14	54.92	35.44	15.23	56.64	24.08	36.5	52.5	40.45	12.81	26.91	45.61	32.25	40.0	41.23	50.16	39.45	28.84	32.06	62.8	0.0	53.25	18.44	40.2	12.81	40.0	45.34	44.72	43.68	53.45	32.56	50.61	57.71	58.18	32.53	2.24	44.78	7.21	31.14	21.4	48.09	17.46	63.15
37	25.46	40.45	18.44	5.66	83.26	18.44	32.31	50.0	32.25	85.44	73.76	77.9	13.42	22.0	16.12	92.02	63.66	75.71	72.47	62.77	8.25	46.39	50.36	14.14	39.29	53.81	79.65	67.91	83.26	20.1	54.92	34.53	50.99	24.41	77.2	43.86	53.25	0.0	58.24	49.03	66.03	30.27	74.11	22.0	91.21	15.65	85.28	70.41	57.43	7.28	67.36	54.38	12.37	53.67	29.97	50.77	27.29	36.24	25.46
38	74.03	55.46	39.85	53.37	26.91	53.25	46.17	31.05	54.41	34.0	16.0	25.06	50.16	56.32	70.68	47.54	29.73	36.72	52.8	8.25	59.09	14.14	22.8	52.84	31.62	31.24	34.53	64.03	26.91	40.25	26.08	64.56	57.2	36.06	47.07	77.79	18.44	58.24	0.0	27.2	22.09	53.85	26.91	56.32	56.0	63.03	39.29	32.7	75.17	64.54	14.21	16.4	53.15	11.31	44.38	39.62	61.0	28.86	74.03
39	71.69	65.3	33.11	46.17	52.15	36.22	53.81	4.0	60.83	60.93	35.38	52.0	47.41	57.69	56.14	74.73	54.04	26.68	75.31	35.44	46.04	16.12	4.47	38.0	10.0	51.42	61.61	82.46	52.15	29.12	6.0	69.66	71.02	36.88	72.03	82.8	40.2	49.03	27.2	0.0	48.37	59.46	26.68	57.69	82.39	60.01	66.48	21.38	86.68	56.29	25.5	39.05	50.09	34.0	50.93	57.01	63.82	38.59	71.69
40	74.73	48.04	49.52	60.46	22.36	66.84	42.76	52.35	50.36	19.7	28.43	14.0	54.59	56.32	80.92	27.78	10.0	57.58	32.8	14.56	69.43	32.98	44.18	65.12	50.6	18.11	14.42	47.2	22.36	52.5	48.0	60.13	45.61	41.62	25.3	72.03	12.81	66.03	22.09	48.37	0.0	50.64	46.52	56.32	34.06	65.55	20.0	54.12	63.89	70.83	33.62	12.04	57.25	15.23	42.45	27.46	59.03	30.02	74.73
41	25.06	10.2	29.53	26.0	72.11	44.72	8.0	62.23	2.0	69.86	69.43	64.5	18.11	8.94	45.61	71.55	44.27	83.76	45.34	54.33	38.05	48.37	58.41	40.45	52.5	33.53	61.35	37.95	72.11	35.78	64.03	10.77	20.88	22.63	52.8	24.17	40.0	30.27	53.85	59.46	50.64	0.0	77.82	8.94	66.84	19.42	66.48	78.49	29.15	30.08	67.07	42.01	18.03	44.41	9.49	26.42	8.54	25.0	25.06
42	94.59	80.99	56.57	70.46	38.05	62.8	70.71	27.86	78.71	50.04	20.1	42.43	69.86	78.43	82.61	66.27	55.57	12.0	78.89	32.25	72.11	29.73	24.08	64.28	36.5	58.14	55.32	90.91	38.05	54.04	20.88	88.57	83.74	56.92	71.69	101.98	45.34	74.11	26.91	26.68	46.52	77.82	0.0	78.43	78.1	82.98	58.55	11.18	101.4	81.22	13.04	43.28	72.78	38.21	68.43	66.47	83.93	53.34	94.59
43	18.44	18.97	25.46	18.44	76.94	37.95	14.42	60.0	10.77	75.89	72.25	69.86	11.66	0.0	36.88	78.89	50.99	83.19	54.04	58.03	30.07	48.7	57.31	33.53	49.68	40.25	68.03	46.82	76.94	31.24	62.77	13.42	29.73	21.54	60.96	25.46	44.72	22.0	56.32	57.69	56.32	8.94	78.43	0.0	75.07	10.63	73.35	77.83	35.69	21.19	68.66	46.53	10.44	48.04	13.93	34.21	6.4	28.02	18.44
44	91.61	59.36	77.9	85.6	42.94	96.6	60.83	86.37	65.6	30.53	58.24	36.06	78.1	75.07	107.2	15.62	29.73	89.82	23.41	48.04	96.52	66.75	78.23	94.02	83.95	37.74	22.8	40.45	42.94	82.29	82.02	72.72	50.99	68.26	14.14	80.62	43.68	91.21	56.0	82.39	34.06	66.84	78.1	75.07	0.0	85.63	20.59	86.98	64.76	94.18	65.92	44.15	80.06	48.66	62.24	41.01	75.0	56.44	91.61
45	11.7	29.07	26.93	14.87	85.38	33.84	24.84	61.72	21.1	85.23	79.03	78.75	13.15	10.63	28.02	89.04	60.9	86.38	64.66	65.76	23.77	53.6	60.41	29.41	51.0	50.25	77.83	56.86	85.38	31.38	65.55	20.02	39.81	27.0	71.51	28.23	53.45	15.65	63.03	60.01	65.55	19.42	82.98	10.63	85.63	0.0	83.24	80.99	43.0	12.0	74.33	55.08	10.2	55.9	23.85	44.69	13.34	36.14	11.7
46	91.39	61.61	69.31	79.65	22.36	86.83	59.09	70.34	65.79	10.0	38.47	16.12	73.24	73.35	100.5	8.25	22.36	70.46	33.53	31.05	89.11	52.0	62.1	85.04	69.86	33.11	5.66	51.42	22.36	72.47	65.12	74.73	56.14	60.96	21.54	85.16	32.56	85.28	39.29	66.48	20.0	66.48	58.55	73.35	20.59	83.24	0.0	68.07	73.06	89.63	47.01	32.02	75.72	34.99	59.48	40.52	75.03	49.04	91.39
47	92.7	82.98	54.08	67.45	48.51	57.0	72.01	21.0	79.63	60.07	30.15	52.01	68.15	77.83	77.0	76.01	62.39	5.39	85.49	39.56	67.27	30.48	20.62	59.14	31.26	63.29	64.38	95.96	48.51	50.45	15.52	89.04	87.05	56.44	79.4	102.4	50.61	70.41	32.7	21.38	54.12	78.49	11.18	77.83	86.98	80.99	68.07	0.0	104.0	77.67	21.1	48.76	70.94	43.42	69.4	70.8	83.73	55.23	92.7
48	40.52	21.4	58.6	54.13	86.13	73.5	33.02	89.81	27.31	79.76	89.01	77.37	46.84	35.69	71.01	75.17	54.57	109.04	41.59	72.9	65.62	73.55	84.96	69.12	80.71	46.24	69.35	24.7	86.13	64.88	90.61	23.02	18.38	50.77	53.24	20.25	57.71	57.43	75.17	86.68	63.89	29.15	101.4	35.69	64.76	43.0	73.06	104.0	0.0	55.0	89.31	59.94	46.1	64.14	36.06	36.77	30.15	48.8	40.52
49	19.42	40.16	25.08	11.18	88.96	24.84	33.84	57.28	31.95	90.43	80.23	83.19	16.4	21.19	16.03	96.05	67.62	82.98	74.33	68.62	13.45	53.15	57.56	20.81	46.57	57.38	84.05	68.01	88.96	27.29	62.17	32.02	50.92	29.55	80.06	39.56	58.18	7.28	64.54	56.29	70.83	30.08	81.22	21.19	94.18	12.0	89.63	77.67	55.0	0.0	74.17	59.48	14.14	59.24	32.02	53.26	25.18	40.82	19.42
50	85.71	69.35	49.09	63.07	28.46	58.87	59.62	28.32	67.78	39.32	10.3	31.02	61.2	68.66	77.88	55.01	42.54	24.04	65.86	19.24	66.71	21.02	21.4	59.48	33.62	45.28	43.29	77.99	28.46	47.85	21.4	77.83	71.4	47.52	58.87	91.18	32.53	67.36	14.21	25.5	33.62	67.07	13.04	68.66	65.92	74.33	47.01	21.1	89.31	74.17	0.0	30.41	64.2	25.5	57.58	53.81	73.76	42.15	85.71
51	64.94	41.48	37.54	48.88	30.41	54.82	34.01	43.05	42.11	31.06	29.07	23.77	43.46	46.53	69.03	39.66	15.0	53.0	37.0	13.0	57.49	23.0	35.23	53.08	39.81	14.87	26.4	47.63	30.41	40.46	39.81	52.24	41.68	30.02	33.0	64.94	2.24	54.38	16.4	39.05	12.04	42.01	43.28	46.53	44.15	55.08	32.02	48.76	59.94	59.48	30.41	0.0	46.24	5.39	33.06	23.6	50.04	18.97	64.94
52	21.84	28.16	17.0	8.06	76.24	27.51	20.12	51.97	20.02	76.92	69.12	70.01	3.0	10.44	28.23	82.01	53.6	76.32	60.54	56.29	20.02	43.42	50.33	23.09	41.34	43.28	70.18	55.54	76.24	22.02	55.54	23.77	38.64	17.12	65.95	35.0	44.78	12.37	53.15	50.09	57.25	18.03	72.78	10.44	80.06	10.2	75.72	70.94	46.1	14.14	64.2	46.24	0.0	46.57	18.03	39.2	16.55	27.31	21.84
53	66.27	44.94	36.06	48.33	29.73	52.35	36.5	38.0	44.72	32.56	25.3	24.41	43.68	48.04	67.68	42.94	20.1	47.71	42.38	10.0	56.04	18.11	30.07	50.99	35.44	20.0	29.53	52.8	29.73	38.21	34.53	54.92	46.04	29.73	38.05	67.91	7.21	53.67	11.31	34.0	15.23	44.41	38.21	48.04	48.66	55.9	34.99	43.42	64.14	59.24	25.5	5.39	46.57	0.0	35.13	28.32	52.09	20.02	66.27
54	32.28	14.76	23.54	24.7	63.39	41.01	3.16	53.91	10.3	61.98	60.02	56.09	16.55	13.93	46.07	65.19	37.12	74.63	42.54	45.1	36.69	39.12	49.58	37.12	44.65	26.42	54.13	39.12	63.39	29.83	55.23	20.25	23.19	14.76	48.1	33.62	31.14	29.97	44.38	50.93	42.45	9.49	68.43	13.93	62.24	23.85	59.48	69.4	36.06	32.02	57.58	33.06	18.03	35.13	0.0	21.26	17.0	15.52	32.28
55	51.48	21.21	40.02	45.28	49.82	58.94	19.85	60.75	25.5	45.1	52.48	41.3	37.44	34.21	66.89	45.19	19.03	75.43	22.14	36.36	56.8	41.59	54.13	55.66	54.13	9.49	35.69	25.5	49.82	45.54	59.48	34.21	18.38	29.83	26.87	45.1	21.4	50.77	39.62	57.01	27.46	26.42	66.47	34.21	41.01	44.69	40.52	70.8	36.77	53.26	53.81	23.6	39.2	28.32	21.26	0.0	34.89	20.02	51.48
56	16.64	16.4	31.83	24.35	80.31	44.01	16.28	66.22	9.43	78.34	76.79	72.84	18.03	6.4	41.19	80.06	52.81	89.07	53.04	62.07	35.51	54.23	63.29	39.56	55.97	42.06	69.89	43.83	80.31	37.64	68.8	7.28	26.93	27.29	61.03	19.1	48.09	27.29	61.0	63.82	59.03	8.54	83.93	6.4	75.0	13.34	75.03	83.73	30.15	25.18	73.76	50.04	16.55	52.09	17.0	34.89	0.0	32.25	16.64
57	46.27	27.8	21.47	30.61	49.24	40.31	17.46	42.06	25.63	49.65	44.55	42.72	24.6	28.02	51.62	55.87	27.66	60.31	41.44	30.02	40.46	24.76	36.4	37.59	34.48	18.79	43.42	44.64	49.24	26.25	42.01	35.74	32.45	12.04	42.95	49.04	17.46	36.24	28.86	38.59	30.02	25.0	53.34	28.02	56.44	36.14	49.04	55.23	48.8	40.82	42.15	18.97	27.31	20.02	15.52	20.02	32.25	0.0	46.27
;
