set K:= 1	2	3	4	5	6	7;
set C_H:= 1	2	3	4	5	6	7	8	9	10	11	12	13	14	15	16;
set C_S:= 17	18	19	20	21	22	23	24	25	26	27	28	29	30;
set C_F:= 31	32	33	34	35	36	37	38	39	40	41	42	43	44;
set M:= 0	1	2	3;
set L_B:= 4	5	51	52	53	54	55	56	57;
set A1:=
(0,*) 2 3 4 5 6 7 8 9 10 11 12 13 14 15 16 31 32 33 34 35 36 37 38 39 40 41 42 43 44 2 3 4 5 51 52 53 54 55 56 57
(1,*) 2 3 4 5 6 7 8 9 10 11 12 13 14 15 16 31 32 33 34 35 36 37 38 39 40 41 42 43 44 2 3 4 5 51 52 53 54 55 56 57
(2,*) 0 1 4 5 6 7 8 9 10 11 12 13 14 15 16 31 32 33 34 35 36 37 38 39 40 41 42 43 44 0 1 4 5 51 52 53 54 55 56 57
(3,*) 0 1 4 5 6 7 8 9 10 11 12 13 14 15 16 31 32 33 34 35 36 37 38 39 40 41 42 43 44 0 1 4 5 51 52 53 54 55 56 57
(4,*) 0 1 2 3 5 6 7 8 9 10 11 12 13 14 15 16 31 32 33 34 35 36 37 38 39 40 41 42 43 44 0 1 2 3 5 51 52 53 54 55 56 57
(5,*) 0 1 2 3 4 6 7 8 9 10 11 12 13 14 15 16 31 32 33 34 35 36 37 38 39 40 41 42 43 44 0 1 2 3 4 51 52 53 54 55 56 57
(6,*) 0 1 2 3 4 5 7 8 9 10 11 12 13 14 15 16 31 32 33 34 35 36 37 38 39 40 41 42 43 44 0 1 2 3 4 5 51 52 53 54 55 56 57
(7,*) 0 1 2 3 4 5 6 8 9 10 11 12 13 14 15 16 31 32 33 34 35 36 37 38 39 40 41 42 43 44 0 1 2 3 4 5 51 52 53 54 55 56 57
(8,*) 0 1 2 3 4 5 6 7 9 10 11 12 13 14 15 16 31 32 33 34 35 36 37 38 39 40 41 42 43 44 0 1 2 3 4 5 51 52 53 54 55 56 57
(9,*) 0 1 2 3 4 5 6 7 8 10 11 12 13 14 15 16 31 32 33 34 35 36 37 38 39 40 41 42 43 44 0 1 2 3 4 5 51 52 53 54 55 56 57
(10,*) 0 1 2 3 4 5 6 7 8 9 11 12 13 14 15 16 31 32 33 34 35 36 37 38 39 40 41 42 43 44 0 1 2 3 4 5 51 52 53 54 55 56 57
(11,*) 0 1 2 3 4 5 6 7 8 9 10 12 13 14 15 16 31 32 33 34 35 36 37 38 39 40 41 42 43 44 0 1 2 3 4 5 51 52 53 54 55 56 57
(12,*) 0 1 2 3 4 5 6 7 8 9 10 11 13 14 15 16 31 32 33 34 35 36 37 38 39 40 41 42 43 44 0 1 2 3 4 5 51 52 53 54 55 56 57
(13,*) 0 1 2 3 4 5 6 7 8 9 10 11 12 14 15 16 31 32 33 34 35 36 37 38 39 40 41 42 43 44 0 1 2 3 4 5 51 52 53 54 55 56 57
(14,*) 0 1 2 3 4 5 6 7 8 9 10 11 12 13 15 16 31 32 33 34 35 36 37 38 39 40 41 42 43 44 0 1 2 3 4 5 51 52 53 54 55 56 57
(15,*) 0 1 2 3 4 5 6 7 8 9 10 11 12 13 14 16 31 32 33 34 35 36 37 38 39 40 41 42 43 44 0 1 2 3 4 5 51 52 53 54 55 56 57
(16,*) 0 1 2 3 4 5 6 7 8 9 10 11 12 13 14 15 31 32 33 34 35 36 37 38 39 40 41 42 43 44 0 1 2 3 4 5 51 52 53 54 55 56 57
(31,*) 0 1 2 3 4 5 6 7 8 9 10 11 12 13 14 15 16 32 33 34 35 36 37 38 39 40 41 42 43 44 0 1 2 3 4 5 51 52 53 54 55 56 57
(32,*) 0 1 2 3 4 5 6 7 8 9 10 11 12 13 14 15 16 31 33 34 35 36 37 38 39 40 41 42 43 44 0 1 2 3 4 5 51 52 53 54 55 56 57
(33,*) 0 1 2 3 4 5 6 7 8 9 10 11 12 13 14 15 16 31 32 34 35 36 37 38 39 40 41 42 43 44 0 1 2 3 4 5 51 52 53 54 55 56 57
(34,*) 0 1 2 3 4 5 6 7 8 9 10 11 12 13 14 15 16 31 32 33 35 36 37 38 39 40 41 42 43 44 0 1 2 3 4 5 51 52 53 54 55 56 57
(35,*) 0 1 2 3 4 5 6 7 8 9 10 11 12 13 14 15 16 31 32 33 34 36 37 38 39 40 41 42 43 44 0 1 2 3 4 5 51 52 53 54 55 56 57
(36,*) 0 1 2 3 4 5 6 7 8 9 10 11 12 13 14 15 16 31 32 33 34 35 37 38 39 40 41 42 43 44 0 1 2 3 4 5 51 52 53 54 55 56 57
(37,*) 0 1 2 3 4 5 6 7 8 9 10 11 12 13 14 15 16 31 32 33 34 35 36 38 39 40 41 42 43 44 0 1 2 3 4 5 51 52 53 54 55 56 57
(38,*) 0 1 2 3 4 5 6 7 8 9 10 11 12 13 14 15 16 31 32 33 34 35 36 37 39 40 41 42 43 44 0 1 2 3 4 5 51 52 53 54 55 56 57
(39,*) 0 1 2 3 4 5 6 7 8 9 10 11 12 13 14 15 16 31 32 33 34 35 36 37 38 40 41 42 43 44 0 1 2 3 4 5 51 52 53 54 55 56 57
(40,*) 0 1 2 3 4 5 6 7 8 9 10 11 12 13 14 15 16 31 32 33 34 35 36 37 38 39 41 42 43 44 0 1 2 3 4 5 51 52 53 54 55 56 57
(41,*) 0 1 2 3 4 5 6 7 8 9 10 11 12 13 14 15 16 31 32 33 34 35 36 37 38 39 40 42 43 44 0 1 2 3 4 5 51 52 53 54 55 56 57
(42,*) 0 1 2 3 4 5 6 7 8 9 10 11 12 13 14 15 16 31 32 33 34 35 36 37 38 39 40 41 43 44 0 1 2 3 4 5 51 52 53 54 55 56 57
(43,*) 0 1 2 3 4 5 6 7 8 9 10 11 12 13 14 15 16 31 32 33 34 35 36 37 38 39 40 41 42 44 0 1 2 3 4 5 51 52 53 54 55 56 57
(44,*) 0 1 2 3 4 5 6 7 8 9 10 11 12 13 14 15 16 31 32 33 34 35 36 37 38 39 40 41 42 43 0 1 2 3 4 5 51 52 53 54 55 56 57
(0,*) 2 3 4 5 6 7 8 9 10 11 12 13 14 15 16 31 32 33 34 35 36 37 38 39 40 41 42 43 44 2 3 4 5 51 52 53 54 55 56 57
(1,*) 2 3 4 5 6 7 8 9 10 11 12 13 14 15 16 31 32 33 34 35 36 37 38 39 40 41 42 43 44 2 3 4 5 51 52 53 54 55 56 57
(2,*) 0 1 4 5 6 7 8 9 10 11 12 13 14 15 16 31 32 33 34 35 36 37 38 39 40 41 42 43 44 0 1 4 5 51 52 53 54 55 56 57
(3,*) 0 1 4 5 6 7 8 9 10 11 12 13 14 15 16 31 32 33 34 35 36 37 38 39 40 41 42 43 44 0 1 4 5 51 52 53 54 55 56 57
(4,*) 0 1 2 3 5 6 7 8 9 10 11 12 13 14 15 16 31 32 33 34 35 36 37 38 39 40 41 42 43 44 0 1 2 3 5 51 52 53 54 55 56 57
(5,*) 0 1 2 3 4 6 7 8 9 10 11 12 13 14 15 16 31 32 33 34 35 36 37 38 39 40 41 42 43 44 0 1 2 3 4 51 52 53 54 55 56 57
(51,*) 0 1 2 3 4 5 6 7 8 9 10 11 12 13 14 15 16 31 32 33 34 35 36 37 38 39 40 41 42 43 44 0 1 2 3 4 5 52 53 54 55 56 57
(52,*) 0 1 2 3 4 5 6 7 8 9 10 11 12 13 14 15 16 31 32 33 34 35 36 37 38 39 40 41 42 43 44 0 1 2 3 4 5 51 53 54 55 56 57
(53,*) 0 1 2 3 4 5 6 7 8 9 10 11 12 13 14 15 16 31 32 33 34 35 36 37 38 39 40 41 42 43 44 0 1 2 3 4 5 51 52 54 55 56 57
(54,*) 0 1 2 3 4 5 6 7 8 9 10 11 12 13 14 15 16 31 32 33 34 35 36 37 38 39 40 41 42 43 44 0 1 2 3 4 5 51 52 53 55 56 57
(55,*) 0 1 2 3 4 5 6 7 8 9 10 11 12 13 14 15 16 31 32 33 34 35 36 37 38 39 40 41 42 43 44 0 1 2 3 4 5 51 52 53 54 56 57
(56,*) 0 1 2 3 4 5 6 7 8 9 10 11 12 13 14 15 16 31 32 33 34 35 36 37 38 39 40 41 42 43 44 0 1 2 3 4 5 51 52 53 54 55 57
(57,*) 0 1 2 3 4 5 6 7 8 9 10 11 12 13 14 15 16 31 32 33 34 35 36 37 38 39 40 41 42 43 44 0 1 2 3 4 5 51 52 53 54 55 56
;
set A2:=
(0,*) 1
(1,*) 0
(2,*) 3
(3,*) 2
;
param BigM:=99999;
param n:= 7;
param d:=
1	16
2	23
3	6
4	5
5	20
6	14
7	19
8	8
9	25
10	17
11	19
12	15
13	2
14	9
15	10
16	21
17	14
18	1
19	1
20	13
21	18
22	7
23	8
24	24
25	20
26	3
27	26
28	16
29	20
30	20
31	12
32	8
33	21
34	13
35	17
36	22
37	20
38	12
39	22
40	12
41	14
42	6
43	11
44	24
;
param Q:=100;
param w:=
[0,*] 1 0.5
[1,*] 0 0.5
[2,*] 3 0.5
[3,*] 2 0.5
;
param V:=
[0,*] 1 86
[1,*] 0 86
[2,*] 3 75
[3,*] 2 75
;
param e:
	0	1	2	3	4	5	51	52	53	54	55	56	57:=
17	0	0	0	0	0	0	1	0	0	0	0	0	0	
18	0	0	0	0	0	0	0	0	0	0	0	0	0	
19	0	0	0	0	0	0	0	0	0	0	0	0	0	
20	0	0	0	0	0	0	0	0	0	0	0	0	0	
21	0	0	0	0	0	0	0	0	0	0	0	0	0	
22	0	0	0	0	0	0	0	0	0	0	0	0	0	
23	0	0	0	0	0	0	0	0	0	0	0	0	0	
24	0	0	0	0	0	0	0	0	0	0	0	0	0	
25	0	0	0	0	0	0	0	0	0	0	0	0	0	
26	0	0	0	0	0	0	1	0	0	0	0	0	0	
27	0	0	0	0	0	0	0	0	0	0	0	0	0	
28	0	0	0	0	0	0	0	0	0	0	0	0	0	
29	0	0	0	0	0	0	0	0	0	0	0	0	0	
30	0	0	0	0	0	0	0	0	0	0	0	0	0	
31	0	0	0	0	0	0	0	0	0	0	0	0	0	
32	0	0	0	0	0	0	1	0	0	0	0	0	0	
33	0	0	0	0	0	0	0	0	0	0	0	0	0	
34	0	0	0	0	0	0	0	0	0	0	0	0	0	
35	0	0	0	0	0	0	0	0	0	0	0	0	0	
36	0	0	0	0	0	0	1	0	0	0	0	0	0	
37	0	0	0	0	0	0	0	0	0	0	0	0	0	
38	0	0	0	0	0	0	0	0	0	0	0	0	0	
39	0	0	0	0	0	0	0	0	0	0	0	0	0	
40	0	0	0	0	0	0	0	0	0	0	0	0	0	
41	0	0	0	0	0	0	0	0	0	0	0	0	0	
42	0	0	0	0	0	0	0	0	0	0	0	0	0	
43	0	0	0	0	0	0	0	0	0	0	0	0	0	
44	0	0	0	0	0	0	1	0	0	0	0	0	0	
;
param p:=
1	3
2	3
3	3
4	3
5	3
6	3
7	3
;
param G:=
0	78
1	86
2	73
3	75
4	72
5	88
51	87
52	96
53	82
54	82
55	81
56	94
57	86
;
param s:=
0	0
1	15
2	15
3	15
4	15
5	15
6	15
7	15
8	15
9	15
10	15
11	15
12	15
13	15
14	15
15	15
16	15
31	15
32	15
33	15
34	15
35	15
36	15
37	15
38	15
39	15
40	15
41	15
42	15
43	15
44	15
0	10
1	10
2	10
3	10
4	10
5	10
51	10
52	10
53	10
54	10
55	10
56	10
57	10
;
param t:
	0	1	2	3	4	5	6	7	8	9	10	11	12	13	14	15	16	17	18	19	20	21	22	23	24	25	26	27	28	29	30	31	32	33	34	35	36	37	38	39	40	41	42	43	44	45	46	47	48	49	50	51	52	53	54	55	56	57:=
0	0.0	69.43	32.56	42.52	32.8	65.12	77.67	95.35	71.69	74.73	25.06	18.44	94.59	42.94	18.44	33.53	91.61	98.08	20.0	38.63	38.21	22.0	26.08	39.6	62.61	25.46	32.31	74.03	26.08	90.02	95.35	76.24	63.15	72.11	43.86	73.35	58.31	86.16	58.82	94.25	88.29	24.74	96.6	77.25	69.08	92.7	40.52	11.7	91.39	19.42	85.71	67.74	13.89	50.49	20.4	73.35	27.29	49.65
1	69.43	0.0	36.88	27.78	78.79	59.23	12.17	51.61	75.31	32.8	45.34	54.04	78.89	67.47	54.04	88.59	23.41	89.44	50.0	62.1	51.92	57.27	67.08	77.79	74.11	72.47	40.5	52.8	43.86	61.22	51.61	46.65	35.44	71.81	81.04	79.25	24.08	31.3	18.11	42.05	42.8	59.06	34.06	76.66	23.32	85.49	41.59	64.66	33.53	74.33	65.86	39.0	66.4	53.04	52.8	37.74	55.9	24.35
2	32.56	36.88	0.0	10.77	48.17	52.5	45.65	70.26	65.3	48.04	10.2	18.97	80.99	44.27	18.97	55.79	59.36	88.09	13.42	37.95	29.53	24.0	36.06	50.16	59.36	40.45	11.66	55.46	8.25	70.23	70.26	54.41	39.29	63.66	54.33	68.41	30.0	56.89	27.86	66.27	62.03	28.0	65.79	69.31	40.2	82.98	21.4	29.07	61.61	40.16	69.35	44.64	31.38	38.95	18.44	48.66	26.17	20.02
3	42.52	27.78	10.77	0.0	58.55	56.85	37.95	67.91	71.02	45.61	20.88	29.73	83.74	52.95	29.73	66.48	50.99	91.93	22.63	46.69	37.36	29.73	46.39	60.0	66.21	50.99	20.1	57.2	18.97	70.71	67.91	54.59	39.45	68.82	64.03	74.43	27.86	52.0	17.09	62.13	59.23	38.21	59.23	74.4	36.5	87.05	18.38	39.81	56.14	50.92	71.4	44.78	42.15	44.78	29.12	47.54	36.01	18.36
4	32.8	78.79	48.17	58.55	0.0	46.17	82.68	85.09	46.04	69.43	38.05	30.07	72.11	18.97	30.07	11.66	96.52	72.44	42.76	20.0	28.43	52.0	12.17	8.25	36.06	8.25	39.29	59.09	40.05	74.0	85.09	64.5	56.64	48.04	11.66	46.39	58.82	83.45	75.31	88.41	80.45	20.4	96.21	52.04	68.12	67.27	65.62	23.77	89.11	13.45	66.71	59.2	20.62	35.51	30.0	65.6	23.09	54.56
5	65.12	59.23	52.5	56.85	46.17	0.0	56.0	41.04	16.12	32.98	48.37	48.7	29.73	27.2	48.7	57.58	66.75	35.61	59.06	28.07	27.2	72.47	42.05	39.4	17.89	46.39	41.62	14.14	49.4	27.86	41.04	21.63	24.08	12.65	39.45	20.1	35.44	46.82	67.08	47.71	38.83	40.45	60.17	17.89	38.0	30.48	73.55	53.6	52.0	53.15	21.02	22.2	52.24	14.87	46.82	27.2	37.85	40.31
6	77.67	12.17	45.65	37.95	82.68	56.0	0.0	41.04	72.03	25.3	52.8	60.96	71.69	69.08	60.96	93.23	14.14	82.87	59.06	64.4	54.59	67.68	71.61	80.5	72.44	77.2	46.69	47.07	51.61	52.84	41.04	39.85	32.06	68.12	83.26	76.03	24.17	20.0	30.27	30.53	32.56	64.03	22.0	72.44	18.0	79.4	53.24	71.51	21.54	80.06	58.87	34.13	72.84	52.89	59.46	31.05	60.61	29.0
7	95.35	51.61	70.26	67.91	85.09	41.04	41.04	0.0	52.15	22.36	72.11	76.94	38.05	66.57	76.94	96.75	42.94	50.04	82.0	65.3	59.46	94.19	78.0	79.32	58.14	83.26	64.12	26.91	72.03	18.44	0.0	20.59	32.25	47.71	80.0	55.57	40.45	21.26	68.0	12.65	8.94	73.38	29.12	49.19	31.62	48.51	86.13	85.38	22.36	88.96	28.46	27.66	85.16	49.65	74.97	22.09	69.92	50.49
8	71.69	75.31	65.3	71.02	46.04	16.12	72.03	52.15	0.0	48.37	59.46	57.69	26.68	29.12	57.69	56.14	82.39	26.68	69.66	33.11	36.88	82.8	46.17	38.0	10.0	49.03	53.81	27.2	60.83	35.38	52.15	35.44	40.2	4.47	36.22	4.0	51.42	61.61	82.46	60.93	52.0	47.41	74.73	6.0	54.04	21.38	86.68	60.01	66.48	56.29	25.5	38.01	57.94	26.4	56.04	42.43	45.79	55.54
9	74.73	32.8	48.04	45.61	69.43	32.98	25.3	22.36	48.37	0.0	50.64	56.32	46.52	52.5	56.32	80.92	34.06	57.58	60.13	49.52	41.62	72.03	60.46	65.12	50.6	66.03	42.76	22.09	50.36	28.43	22.36	14.56	12.81	44.18	66.84	52.35	18.11	14.42	47.2	19.7	14.0	54.59	27.78	48.0	10.0	54.12	63.89	65.55	20.0	70.83	33.62	11.18	65.8	34.83	54.41	6.0	51.0	28.16
10	25.06	45.34	10.2	20.88	38.05	48.37	52.8	72.11	59.46	50.64	0.0	8.94	77.82	35.78	8.94	45.61	66.84	83.76	10.77	29.53	22.63	24.17	26.0	40.45	52.5	30.27	8.0	53.85	2.0	69.43	72.11	54.33	40.0	58.41	44.72	62.23	33.53	61.35	37.95	69.86	64.5	18.11	71.55	64.03	44.27	78.49	29.15	19.42	66.48	30.08	67.07	45.04	21.47	33.84	8.25	50.04	16.76	24.6
11	18.44	54.04	18.97	29.73	30.07	48.7	60.96	76.94	57.69	56.32	8.94	0.0	78.43	31.24	0.0	36.88	75.07	83.19	13.42	25.46	21.54	25.46	18.44	33.53	49.68	22.0	14.42	56.32	10.77	72.25	76.94	58.03	44.72	57.31	37.95	60.0	40.25	68.03	46.82	75.89	69.86	11.66	78.89	62.77	50.99	77.83	35.69	10.63	73.35	21.19	68.66	49.37	12.53	33.84	2.0	54.92	12.04	32.2
12	94.59	78.89	80.99	83.74	72.11	29.73	71.69	38.05	26.68	46.52	77.82	78.43	0.0	54.04	78.43	82.61	78.1	12.0	88.57	56.57	56.92	101.98	70.46	64.28	36.5	74.11	70.71	26.91	78.71	20.1	38.05	32.25	45.34	24.08	62.8	27.86	58.14	55.32	90.91	50.04	42.43	69.86	66.27	20.88	55.57	11.18	101.4	82.98	58.55	81.22	13.04	40.61	81.39	44.6	76.55	41.18	67.45	65.8
13	42.94	67.47	44.27	52.95	18.97	27.2	69.08	66.57	29.12	52.5	35.78	31.24	54.04	0.0	31.24	30.46	82.29	55.79	44.41	6.32	16.0	56.64	17.09	12.81	19.7	20.1	32.98	40.25	37.58	55.03	66.57	46.04	40.0	30.27	14.42	30.46	44.94	66.84	68.12	70.77	62.48	19.8	80.0	34.93	52.84	50.45	64.88	31.38	72.47	27.29	47.85	41.73	29.07	17.69	30.0	48.08	19.42	43.42
14	18.44	54.04	18.97	29.73	30.07	48.7	60.96	76.94	57.69	56.32	8.94	0.0	78.43	31.24	0.0	36.88	75.07	83.19	13.42	25.46	21.54	25.46	18.44	33.53	49.68	22.0	14.42	56.32	10.77	72.25	76.94	58.03	44.72	57.31	37.95	60.0	40.25	68.03	46.82	75.89	69.86	11.66	78.89	62.77	50.99	77.83	35.69	10.63	73.35	21.19	68.66	49.37	12.53	33.84	2.0	54.92	12.04	32.2
15	33.53	88.59	55.79	66.48	11.66	57.58	93.23	96.75	56.14	80.92	45.61	36.88	82.61	30.46	36.88	0.0	107.2	82.02	48.04	31.62	39.6	54.92	21.63	18.44	46.17	16.12	48.33	70.68	47.54	85.44	96.75	76.16	68.12	58.55	20.0	56.0	69.66	94.85	83.52	100.0	92.09	29.53	107.48	62.13	79.25	77.0	71.01	28.02	100.5	16.03	77.88	70.8	25.08	47.17	37.36	77.2	32.76	64.66
16	91.61	23.41	59.36	50.99	96.52	66.75	14.14	42.94	82.39	34.06	66.84	75.07	78.1	82.29	75.07	107.2	0.0	89.82	72.72	77.9	68.26	80.62	85.6	94.02	83.95	91.21	60.83	56.0	65.6	58.24	42.94	48.04	43.68	78.23	96.6	86.37	37.74	22.8	40.45	30.53	36.06	78.1	15.62	82.02	29.73	86.98	64.76	85.63	20.59	94.18	65.92	44.55	86.98	65.55	73.59	40.05	74.65	43.14
17	98.08	89.44	88.09	91.93	72.44	35.61	82.87	50.04	26.68	57.58	83.76	83.19	12.0	55.79	83.19	82.02	89.82	0.0	94.34	59.46	61.77	107.7	72.8	64.28	36.5	75.71	77.2	36.72	84.88	32.06	50.04	43.08	54.92	26.0	62.03	26.08	67.68	67.08	100.44	62.03	54.33	73.54	78.23	20.88	66.21	5.39	109.04	86.38	70.46	82.98	24.04	50.61	84.43	49.93	81.41	52.0	71.59	74.52
18	20.0	50.0	13.42	22.63	42.76	59.06	59.06	82.0	69.66	60.13	10.77	13.42	88.57	44.41	13.42	48.04	72.72	94.34	0.0	38.42	32.8	13.42	31.62	46.82	62.23	34.53	18.44	64.56	10.2	80.05	82.0	64.78	50.16	68.82	51.26	72.25	42.43	69.86	38.83	78.92	74.11	25.06	79.12	74.4	52.95	89.04	23.02	20.02	74.73	32.02	77.83	55.33	23.0	44.42	14.42	60.03	25.0	32.76
19	38.63	62.1	37.95	46.69	20.0	28.07	64.4	65.3	33.11	49.52	29.53	25.46	56.57	6.32	25.46	31.62	77.9	59.46	38.42	0.0	10.2	50.91	14.0	16.12	24.41	18.44	26.68	39.85	31.3	55.32	65.3	44.72	36.77	33.53	18.97	34.99	40.25	63.66	62.03	68.41	60.46	14.42	76.58	38.63	48.83	54.08	58.6	26.93	69.31	25.08	49.09	39.2	25.0	15.65	24.08	45.61	13.45	37.85
20	38.21	51.92	29.53	37.36	28.43	27.2	54.59	59.46	36.88	41.62	22.63	21.54	56.92	16.0	21.54	39.6	68.26	61.77	32.8	10.2	0.0	46.04	18.87	26.0	30.0	24.41	17.89	36.06	24.08	52.04	59.46	39.29	28.84	36.06	29.12	39.6	30.53	55.32	52.15	61.06	53.67	14.14	67.88	41.62	39.7	56.44	50.77	27.0	60.96	29.55	47.52	32.2	26.17	12.37	19.7	38.47	11.0	27.66
21	22.0	57.27	24.0	29.73	52.0	72.47	67.68	94.19	82.8	72.03	24.17	25.46	101.98	56.64	25.46	54.92	80.62	107.7	13.42	50.91	46.04	0.0	42.19	57.31	75.07	43.86	31.62	77.79	23.41	93.15	94.19	77.67	62.8	82.1	61.77	85.28	54.0	80.62	42.8	90.2	86.02	36.88	88.77	87.66	64.12	102.4	20.25	28.23	85.16	39.56	91.18	68.07	31.38	57.8	26.91	72.44	37.48	44.01
22	26.08	67.08	36.06	46.39	12.17	42.05	71.61	78.0	46.17	60.46	26.0	18.44	70.46	17.09	18.44	21.63	85.6	72.8	31.62	14.0	18.87	42.19	0.0	15.23	36.77	5.66	27.2	53.37	28.0	69.05	78.0	57.58	47.71	47.07	19.7	47.54	48.17	74.03	63.15	79.92	72.47	8.25	86.37	51.92	58.0	67.45	54.13	14.87	79.65	11.18	63.07	51.0	12.21	28.86	18.11	57.31	11.18	43.05
23	39.6	77.79	50.16	60.0	8.25	39.4	80.5	79.32	38.0	65.12	40.45	33.53	64.28	12.81	33.53	18.44	94.02	64.28	46.82	16.12	26.0	57.31	15.23	0.0	28.0	14.14	40.05	52.84	42.43	67.23	79.32	58.82	52.5	40.2	4.47	38.21	56.36	79.4	76.24	83.55	75.29	22.36	92.46	44.0	64.9	59.14	69.12	29.41	85.04	20.81	59.48	54.45	26.4	30.41	32.98	60.83	24.02	53.45
24	62.61	74.11	59.36	66.21	36.06	17.89	72.44	58.14	10.0	50.6	52.5	49.68	36.5	19.7	49.68	46.17	83.95	36.5	62.23	24.41	30.0	75.07	36.77	28.0	0.0	39.29	47.71	31.62	54.04	42.8	58.14	39.45	40.45	12.65	26.31	10.77	50.04	64.62	79.12	65.51	56.6	38.83	78.0	16.0	54.59	31.26	80.71	51.0	69.86	46.57	33.62	39.56	48.75	21.84	48.17	44.94	37.64	52.39
25	25.46	72.47	40.45	50.99	8.25	46.39	77.2	83.26	49.03	66.03	30.27	22.0	74.11	20.1	22.0	16.12	91.21	75.71	34.53	18.44	24.41	43.86	5.66	14.14	39.29	0.0	32.31	58.24	32.25	73.76	83.26	62.77	53.25	50.36	18.44	50.0	53.81	79.65	67.91	85.44	77.9	13.42	92.02	54.92	63.66	70.41	57.43	15.65	85.28	7.28	67.36	56.44	12.53	33.84	22.09	62.77	16.64	48.55
26	32.31	40.5	11.66	20.1	39.29	41.62	46.69	64.12	53.81	42.76	8.0	14.42	70.71	32.98	14.42	48.33	60.83	77.2	18.44	26.68	17.89	31.62	27.2	40.05	47.71	32.31	0.0	46.17	8.25	61.61	64.12	46.39	32.0	52.35	44.0	56.85	26.0	53.85	36.22	62.1	56.57	18.97	64.5	58.0	36.77	72.01	33.02	24.84	59.09	33.84	59.62	37.05	26.17	27.59	12.81	42.05	16.28	17.8
27	74.03	52.8	55.46	57.2	59.09	14.14	47.07	26.91	27.2	22.09	53.85	56.32	26.91	40.25	56.32	70.68	56.0	36.72	64.56	39.85	36.06	77.79	53.37	52.84	31.62	58.24	46.17	0.0	54.41	16.0	26.91	8.25	18.44	22.8	53.25	31.05	31.24	34.53	64.03	34.0	25.06	50.16	47.54	26.08	29.73	32.7	75.17	63.03	39.29	64.54	14.21	13.89	62.2	24.52	54.33	16.12	47.04	39.05
28	26.08	43.86	8.25	18.97	40.05	49.4	51.61	72.03	60.83	50.36	2.0	10.77	78.71	37.58	10.77	47.54	65.6	84.88	10.2	31.3	24.08	23.41	28.0	42.43	54.04	32.25	8.25	54.41	0.0	69.86	72.03	54.59	40.05	59.67	46.69	63.66	32.98	60.73	36.06	69.43	64.28	20.1	70.68	65.3	43.68	79.63	27.31	21.1	65.79	31.95	67.78	45.18	23.26	35.0	10.2	50.0	18.68	23.77
29	90.02	61.22	70.23	70.71	74.0	27.86	52.84	18.44	35.38	28.43	69.43	72.25	20.1	55.03	72.25	85.44	58.24	32.06	80.05	55.32	52.04	93.15	69.05	67.23	42.8	73.76	61.61	16.0	69.86	0.0	18.44	16.12	31.3	31.11	67.08	38.42	43.27	35.44	75.07	30.0	22.36	66.12	46.17	31.62	38.21	30.15	89.01	79.03	38.47	80.23	10.3	25.94	78.16	40.31	70.26	24.08	63.03	52.35
30	95.35	51.61	70.26	67.91	85.09	41.04	41.04	0.0	52.15	22.36	72.11	76.94	38.05	66.57	76.94	96.75	42.94	50.04	82.0	65.3	59.46	94.19	78.0	79.32	58.14	83.26	64.12	26.91	72.03	18.44	0.0	20.59	32.25	47.71	80.0	55.57	40.45	21.26	68.0	12.65	8.94	73.38	29.12	49.19	31.62	48.51	86.13	85.38	22.36	88.96	28.46	27.66	85.16	49.65	74.97	22.09	69.92	50.49
31	76.24	46.65	54.41	54.59	64.5	21.63	39.85	20.59	35.44	14.56	54.33	58.03	32.25	46.04	58.03	76.16	48.04	43.08	64.78	44.72	39.29	77.67	57.58	58.82	39.45	62.77	46.39	8.25	54.59	16.12	20.59	0.0	15.23	31.05	59.67	39.29	27.2	26.31	59.4	26.08	17.2	53.37	39.29	34.23	23.32	39.56	72.9	65.76	31.05	68.62	19.24	9.85	65.31	29.07	56.04	8.94	50.01	36.24
32	63.15	35.44	39.29	39.45	56.64	24.08	32.06	32.25	40.2	12.81	40.0	44.72	45.34	40.0	44.72	68.12	43.68	54.92	50.16	36.77	28.84	62.8	47.71	52.5	40.45	53.25	32.0	18.44	40.05	31.3	32.25	15.23	0.0	36.5	54.41	44.18	12.81	26.91	45.61	32.25	25.3	42.05	40.0	41.23	14.14	50.61	57.71	53.45	32.56	58.18	32.53	5.39	53.49	22.47	42.76	10.2	38.48	21.1
33	72.11	71.81	63.66	68.82	48.04	12.65	68.12	47.71	4.47	44.18	58.41	57.31	24.08	30.27	57.31	58.55	78.23	26.0	68.82	33.53	36.06	82.1	47.07	40.2	12.65	50.36	52.35	22.8	59.67	31.11	47.71	31.05	36.5	0.0	38.83	8.25	48.08	57.27	79.62	56.46	47.54	47.54	70.34	5.66	50.16	20.62	84.96	60.41	62.1	57.56	21.4	34.01	58.52	24.76	55.57	38.21	45.62	52.77
34	43.86	81.04	54.33	64.03	11.66	39.45	83.26	80.0	36.22	66.84	44.72	37.95	62.8	14.42	37.95	20.0	96.6	62.03	51.26	18.97	29.12	61.77	19.7	4.47	26.31	18.44	44.0	53.25	46.69	67.08	80.0	59.67	54.41	38.83	0.0	36.0	59.09	81.22	80.1	84.85	76.42	26.68	94.4	42.19	67.23	57.0	73.5	33.84	86.83	24.84	58.87	55.97	30.81	32.02	37.36	62.29	28.16	56.75
35	73.35	79.25	68.41	74.43	46.39	20.1	76.03	55.57	4.0	52.35	62.23	60.0	27.86	30.46	60.0	56.0	86.37	26.08	72.25	34.99	39.6	85.28	47.54	38.21	10.77	50.0	56.85	31.05	63.66	38.42	55.57	39.29	44.18	8.25	36.0	0.0	55.32	65.51	86.16	64.62	55.71	49.4	78.59	7.21	58.03	21.0	89.81	61.72	70.34	57.28	28.32	42.01	59.51	29.68	58.41	46.39	48.01	59.24
36	58.31	24.08	30.0	27.86	58.82	35.44	24.17	40.45	51.42	18.11	33.53	40.25	58.14	44.94	40.25	69.66	37.74	67.68	42.43	40.25	30.53	54.0	48.17	56.36	50.04	53.81	26.0	31.24	32.98	43.27	40.45	27.2	12.81	48.08	59.09	55.32	0.0	27.86	32.8	36.5	32.06	41.04	38.83	53.14	10.77	63.29	46.24	50.25	33.11	57.38	45.28	17.69	51.04	29.27	38.47	19.7	37.48	10.05
37	86.16	31.3	56.89	52.0	83.45	46.82	20.0	21.26	61.61	14.42	61.35	68.03	55.32	66.84	68.03	94.85	22.8	67.08	69.86	63.66	55.32	80.62	74.03	79.4	64.62	79.65	53.85	34.53	60.73	35.44	21.26	26.31	26.91	57.27	81.22	65.51	27.86	0.0	48.7	10.77	13.42	67.68	13.42	60.53	17.09	64.38	69.35	77.83	5.66	84.05	43.29	25.55	78.39	49.2	66.21	19.7	64.07	37.11
38	58.82	18.11	27.86	17.09	75.31	67.08	30.27	68.0	82.46	47.2	37.95	46.82	90.91	68.12	46.82	83.52	40.45	100.44	38.83	62.03	52.15	42.8	63.15	76.24	79.12	67.91	36.22	64.03	36.06	75.07	68.0	59.4	45.61	79.62	80.1	86.16	32.8	48.7	0.0	59.46	59.06	54.92	52.15	84.97	37.2	95.96	24.7	56.86	51.42	68.01	77.99	50.33	59.24	57.28	46.17	50.99	52.47	26.93
39	94.25	42.05	66.27	62.13	88.41	47.71	30.53	12.65	60.93	19.7	69.86	75.89	50.04	70.77	75.89	100.0	30.53	62.03	78.92	68.41	61.06	90.2	79.92	83.55	65.51	85.44	62.1	34.0	69.43	30.0	12.65	26.08	32.25	56.46	84.85	64.62	36.5	10.77	59.46	0.0	8.94	74.24	16.49	58.82	26.08	60.07	79.76	85.23	10.0	90.43	39.32	29.21	85.49	53.15	74.0	22.8	70.66	46.27
40	88.29	42.8	62.03	59.23	80.45	38.83	32.56	8.94	52.0	14.0	64.5	69.86	42.43	62.48	69.86	92.09	36.06	54.33	74.11	60.46	53.67	86.02	72.47	75.29	56.6	77.9	56.57	25.06	64.28	22.36	8.94	17.2	25.3	47.54	76.42	55.71	32.06	13.42	59.06	8.94	0.0	67.23	24.0	50.0	22.8	52.01	77.37	78.75	16.12	83.19	31.02	21.47	78.77	45.0	67.91	15.23	63.69	42.11
41	24.74	59.06	28.0	38.21	20.4	40.45	64.03	73.38	47.41	54.59	18.11	11.66	69.86	19.8	11.66	29.53	78.1	73.54	25.06	14.42	14.14	36.88	8.25	22.36	38.83	13.42	18.97	50.16	20.1	66.12	73.38	53.37	42.05	47.54	26.68	49.4	41.04	67.68	54.92	74.24	67.23	0.0	79.65	52.8	51.22	68.15	46.84	13.15	73.24	16.4	61.2	45.88	12.04	26.02	10.77	52.0	3.61	35.23
42	96.6	34.06	65.79	59.23	96.21	60.17	22.0	29.12	74.73	27.78	71.55	78.89	66.27	80.0	78.89	107.48	15.62	78.23	79.12	76.58	67.88	88.77	86.37	92.46	78.0	92.02	64.5	47.54	70.68	46.17	29.12	39.29	40.0	70.34	94.4	78.59	38.83	13.42	52.15	16.49	24.0	79.65	0.0	73.35	28.43	76.01	75.17	89.04	8.25	96.05	55.01	38.95	89.87	62.43	77.18	33.11	76.06	46.96
43	77.25	76.66	69.31	74.4	52.04	17.89	72.44	49.19	6.0	48.0	64.03	62.77	20.88	34.93	62.77	62.13	82.02	20.88	74.4	38.63	41.62	87.66	51.92	44.0	16.0	54.92	58.0	26.08	65.3	31.62	49.19	34.23	41.23	5.66	42.19	7.21	53.14	60.53	84.97	58.82	50.0	52.8	73.35	0.0	54.59	15.52	90.61	65.55	65.12	62.17	21.4	38.33	63.57	30.41	61.06	42.0	51.0	58.18
44	69.08	23.32	40.2	36.5	68.12	38.0	18.0	31.62	54.04	10.0	44.27	50.99	55.57	52.84	50.99	79.25	29.73	66.21	52.95	48.83	39.7	64.12	58.0	64.9	54.59	63.66	36.77	29.73	43.68	38.21	31.62	23.32	14.14	50.16	67.23	58.03	10.77	17.09	37.2	26.08	22.8	51.22	28.43	54.59	0.0	62.39	54.57	60.9	22.36	67.62	42.54	16.28	61.59	35.85	49.19	14.42	47.63	20.22
45	92.7	85.49	82.98	87.05	67.27	30.48	79.4	48.51	21.38	54.12	78.49	77.83	11.18	50.45	77.83	77.0	86.98	5.39	89.04	54.08	56.44	102.4	67.45	59.14	31.26	70.41	72.01	32.7	79.63	30.15	48.51	39.56	50.61	20.62	57.0	21.0	63.29	64.38	95.96	60.07	52.01	68.15	76.01	15.52	62.39	0.0	104.0	80.99	68.07	77.67	21.1	46.52	79.06	44.65	76.06	48.38	66.21	69.81
46	40.52	41.59	21.4	18.38	65.62	73.55	53.24	86.13	86.68	63.89	29.15	35.69	101.4	64.88	35.69	71.01	64.76	109.04	23.02	58.6	50.77	20.25	54.13	69.12	80.71	57.43	33.02	75.17	27.31	89.01	86.13	72.9	57.71	84.96	73.5	89.81	46.24	69.35	24.7	79.76	77.37	46.84	75.17	90.61	54.57	104.0	0.0	43.0	73.06	55.0	89.31	63.06	46.01	60.31	36.14	65.92	45.88	36.67
47	11.7	64.66	29.07	39.81	23.77	53.6	71.51	85.38	60.01	65.55	19.42	10.63	82.98	31.38	10.63	28.02	85.63	86.38	20.02	26.93	27.0	28.23	14.87	29.41	51.0	15.65	24.84	63.03	21.1	79.03	85.38	65.76	53.45	60.41	33.84	61.72	50.25	77.83	56.86	85.23	78.75	13.15	89.04	65.55	60.9	80.99	43.0	0.0	83.24	12.0	74.33	57.72	3.16	39.12	12.04	63.6	16.0	42.64
48	91.39	33.53	61.61	56.14	89.11	52.0	21.54	22.36	66.48	20.0	66.48	73.35	58.55	72.47	73.35	100.5	20.59	70.46	74.73	69.31	60.96	85.16	79.65	85.04	69.86	85.28	59.09	39.29	65.79	38.47	22.36	31.05	32.56	62.1	86.83	70.34	33.11	5.66	51.42	10.0	16.12	73.24	8.25	65.12	22.36	68.07	73.06	83.24	0.0	89.63	47.01	31.06	83.86	54.82	71.55	25.06	69.63	42.06
49	19.42	74.33	40.16	50.92	13.45	53.15	80.06	88.96	56.29	70.83	30.08	21.19	81.22	27.29	21.19	16.03	94.18	82.98	32.02	25.08	29.55	39.56	11.18	20.81	46.57	7.28	33.84	64.54	31.95	80.23	88.96	68.62	58.18	57.56	24.84	57.28	57.38	84.05	68.01	90.43	83.19	16.4	96.05	62.17	67.62	77.67	55.0	12.0	89.63	0.0	74.17	61.74	9.06	40.02	21.93	67.98	20.0	51.09
50	85.71	65.86	69.35	71.4	66.71	21.02	58.87	28.46	25.5	33.62	67.07	68.66	13.04	47.85	68.66	77.88	65.92	24.04	77.83	49.09	47.52	91.18	63.07	59.48	33.62	67.36	59.62	14.21	67.78	10.3	28.46	19.24	32.53	21.4	58.87	28.32	45.28	43.29	77.99	39.32	31.02	61.2	55.01	21.4	42.54	21.1	89.31	74.33	47.01	74.17	0.0	27.66	73.11	35.23	66.71	28.18	58.42	53.26
51	67.74	39.0	44.64	44.78	59.2	22.2	34.13	27.66	38.01	11.18	45.04	49.37	40.61	41.73	49.37	70.8	44.55	50.61	55.33	39.2	32.2	68.07	51.0	54.45	39.56	56.44	37.05	13.89	45.18	25.94	27.66	9.85	5.39	34.01	55.97	42.01	17.69	25.55	50.33	29.21	21.47	45.88	38.95	38.33	16.28	46.52	63.06	57.72	31.06	61.74	27.66	0.0	57.57	24.04	47.38	6.4	42.38	26.42
52	13.89	66.4	31.38	42.15	20.62	52.24	72.84	85.16	57.94	65.8	21.47	12.53	81.39	29.07	12.53	25.08	86.98	84.43	23.0	25.0	26.17	31.38	12.21	26.4	48.75	12.53	26.17	62.2	23.26	78.16	85.16	65.31	53.49	58.52	30.81	59.51	51.04	78.39	59.24	85.49	78.77	12.04	89.87	63.57	61.59	79.06	46.01	3.16	83.86	9.06	73.11	57.57	0.0	38.0	13.6	63.57	15.3	43.86
53	50.49	53.04	38.95	44.78	35.51	14.87	52.89	49.65	26.4	34.83	33.84	33.84	44.6	17.69	33.84	47.17	65.55	49.93	44.42	15.65	12.37	57.8	28.86	30.41	21.84	33.84	27.59	24.52	35.0	40.31	49.65	29.07	22.47	24.76	32.02	29.68	29.27	49.2	57.28	53.15	45.0	26.02	62.43	30.41	35.85	44.65	60.31	39.12	54.82	40.02	35.23	24.04	38.0	0.0	31.95	30.41	23.19	30.59
54	20.4	52.8	18.44	29.12	30.0	46.82	59.46	74.97	56.04	54.41	8.25	2.0	76.55	30.0	2.0	37.36	73.59	81.41	14.42	24.08	19.7	26.91	18.11	32.98	48.17	22.09	12.81	54.33	10.2	70.26	74.97	56.04	42.76	55.57	37.36	58.41	38.47	66.21	46.17	74.0	67.91	10.77	77.18	61.06	49.19	76.06	36.14	12.04	71.55	21.93	66.71	47.38	13.6	31.95	0.0	52.95	10.63	30.61
55	73.35	37.74	48.66	47.54	65.6	27.2	31.05	22.09	42.43	6.0	50.04	54.92	41.18	48.08	54.92	77.2	40.05	52.0	60.03	45.61	38.47	72.44	57.31	60.83	44.94	62.77	42.05	16.12	50.0	24.08	22.09	8.94	10.2	38.21	62.29	46.39	19.7	19.7	50.99	22.8	15.23	52.0	33.11	42.0	14.42	48.38	65.92	63.6	25.06	67.98	28.18	6.4	63.57	30.41	52.95	0.0	48.47	29.41
56	27.29	55.9	26.17	36.01	23.09	37.85	60.61	69.92	45.79	51.0	16.76	12.04	67.45	19.42	12.04	32.76	74.65	71.59	25.0	13.45	11.0	37.48	11.18	24.02	37.64	16.64	16.28	47.04	18.68	63.03	69.92	50.01	38.48	45.62	28.16	48.01	37.48	64.07	52.47	70.66	63.69	3.61	76.06	51.0	47.63	66.21	45.88	16.0	69.63	20.0	58.42	42.38	15.3	23.19	10.63	48.47	0.0	31.91
57	49.65	24.35	20.02	18.36	54.56	40.31	29.0	50.49	55.54	28.16	24.6	32.2	65.8	43.42	32.2	64.66	43.14	74.52	32.76	37.85	27.66	44.01	43.05	53.45	52.39	48.55	17.8	39.05	23.77	52.35	50.49	36.24	21.1	52.77	56.75	59.24	10.05	37.11	26.93	46.27	42.11	35.23	46.96	58.18	20.22	69.81	36.67	42.64	42.06	51.09	53.26	26.42	43.86	30.59	30.61	29.41	31.91	0.0
;
