vehicles
vehicle_idx, capacity, cost_per_unit_distance
1,100,3
2,100,3
3,100,3
4,100,3
5,100,3
6,100,3
7,100,3
depot
node_idx,x,y
0,61,5
home delivery customers
node_idx,x,y,service_time,demand
1,85,53,15,24
2,49,93,15,15
3,19,83,15,17
4,69,43,15,16
5,45,61,15,3
6,21,53,15,23
7,77,63,15,20
8,41,37,15,2
9,71,91,15,8
10,65,75,15,18
11,9,85,15,19
12,15,19,15,3
13,7,37,15,14
14,61,11,15,19
15,59,83,15,21
16,85,69,15,4
17,15,29,15,6
18,1,83,15,13
19,85,31,15,10
self pickup customers
node_idx,x,y,service_time,demand,locker_idxs
20,17,57,15,9,59-57-55
21,69,11,15,17,56
22,87,23,15,10,59
23,69,87,15,20,56
24,49,67,15,8,60
25,71,37,15,4,58
26,43,93,15,23,56
27,81,69,15,9,56-58
28,23,57,15,13,59
29,81,15,15,18,56
30,31,13,15,2,59
31,69,33,15,2,58
32,91,47,15,4,56
33,13,69,15,13,59
34,5,33,15,5,59
35,51,11,15,9,56
36,51,85,15,36,57
flexible customers
node_idx,x,y,service_time,demand,locker_idxs
37,87,15,15,2,59
38,49,39,15,19,54-60
39,17,61,15,12,57-59-55
40,53,23,15,23,60
41,89,7,15,2,58
42,21,83,15,19,56
43,77,25,15,2,54
44,85,95,15,23,56
45,75,25,15,5,54
46,1,43,15,12,59-57-55
47,7,7,15,15,55
48,77,35,15,16,60-58
49,49,3,15,7,57
50,21,93,15,6,60
51,91,27,15,9,58
52,1,13,15,22,59
53,95,25,15,18,57
lockers
node_idx,x,y,service_time,capacity,cost_per_unit_good
54,93,12,10,75
55,22,88,10,98
56,65,88,10,86
57,25,15,10,77
58,77,88,10,80
59,72,14,10,87
60,57,53,10,70
61,16,49,10,75
62,81,71,10,75
63,15,45,10,93
64,72,53,10,72
65,7,56,10,71
66,54,44,10,94
mrt lines
start_node_idx,end_node_idx,freight_capacity,cost_per_unit_good
distance matrix
,0,1,2,3,4,5,6,7,8,9,10,11,12,13,14,15,16,17,18,19,20,21,22,23,24,25,26,27,28,29,30,31,32,33,34,35,36,37,38,39,40,41,42,43,44,45,46,47,48,49,50,51,52,53,54,55,56,57,58,59,60,61,62,63,64,65,66,
0,0.0,53.67,88.81,88.59,38.83,58.24,62.48,60.17,37.74,86.58,70.11,95.41,48.08,62.77,6.0,78.03,68.35,51.88,98.41,35.38,68.12,10.0,31.62,82.39,63.15,33.53,89.82,67.05,64.4,22.36,31.05,29.12,51.61,80.0,62.61,11.66,80.62,27.86,36.06,71.22,19.7,28.07,87.66,25.61,93.15,24.41,71.02,54.04,34.0,12.17,96.66,37.2,60.53,39.45,32.76,91.71,83.1,37.36,84.53,14.21,48.17,62.94,68.96,60.96,49.24,74.28,39.62
1,53.67,0.0,53.81,72.5,18.87,40.79,64.0,12.81,46.82,40.5,29.73,82.46,77.82,79.62,48.37,39.7,16.0,74.0,89.2,22.0,68.12,44.94,30.07,37.58,38.63,21.26,58.0,16.49,62.13,38.21,67.2,25.61,8.49,73.76,82.46,54.04,46.69,38.05,38.63,68.47,43.86,46.17,70.68,29.12,42.0,29.73,84.59,90.55,19.7,61.61,75.47,26.68,93.04,29.73,41.77,72.07,40.31,71.02,35.9,41.11,28.0,69.12,18.44,70.46,13.0,78.06,32.28
2,88.81,53.81,0.0,31.62,53.85,32.25,48.83,41.04,56.57,22.09,24.08,40.79,81.44,70.0,82.87,14.14,43.27,72.47,49.03,71.69,48.17,84.4,79.65,20.88,26.0,60.17,6.0,40.0,44.41,84.31,82.0,63.25,62.29,43.27,74.4,82.02,8.25,86.76,54.0,45.25,70.11,94.85,29.73,73.54,36.06,72.8,69.31,95.71,64.4,90.0,28.0,78.23,93.3,82.1,92.18,27.46,16.76,81.61,28.44,82.28,40.79,55.0,38.83,58.82,46.14,55.97,49.25
3,88.59,72.5,31.62,0.0,64.03,34.06,30.07,61.35,50.99,52.61,46.69,10.2,64.12,47.54,83.35,40.0,67.47,54.15,18.0,84.02,26.08,87.66,90.69,50.16,34.0,69.43,26.0,63.56,26.31,92.02,71.02,70.71,80.5,15.23,51.92,78.79,32.06,96.17,53.25,22.09,68.96,103.32,2.0,82.02,67.08,80.62,43.86,76.94,75.29,85.44,10.2,91.21,72.28,95.6,102.55,5.83,46.27,68.26,58.22,87.01,48.41,34.13,63.15,38.21,60.9,29.55,52.4
4,38.83,18.87,53.85,64.03,0.0,30.0,49.03,21.54,28.64,48.04,32.25,73.24,59.09,62.29,32.98,41.23,30.53,55.79,78.89,20.0,53.85,32.0,26.91,44.0,31.24,6.32,56.36,28.64,48.08,30.46,48.41,10.0,22.36,61.74,64.78,36.72,45.69,33.29,20.4,55.03,25.61,41.18,62.48,19.7,54.41,18.97,68.0,71.69,11.31,44.72,69.31,27.2,74.32,31.62,39.2,65.07,45.18,52.15,45.71,29.15,15.62,53.34,30.46,54.04,10.44,63.35,15.03
5,58.24,40.79,32.25,34.06,30.0,0.0,25.3,32.06,24.33,39.7,24.41,43.27,51.61,44.94,52.5,26.08,40.79,43.86,49.19,50.0,28.28,55.46,56.64,35.38,7.21,35.38,32.06,36.88,22.36,58.41,50.0,36.88,48.08,32.98,48.83,50.36,24.74,62.29,22.36,28.0,38.83,69.66,32.56,48.17,52.5,46.86,47.54,66.03,41.23,58.14,40.0,57.2,65.12,61.61,68.59,35.47,33.6,50.16,41.87,54.2,14.42,31.38,37.36,34.0,28.16,38.33,19.24
6,62.48,64.0,48.83,30.07,49.03,25.3,0.0,56.89,25.61,62.8,49.19,34.18,34.53,21.26,58.0,48.41,65.97,24.74,36.06,67.68,5.66,63.78,72.5,58.82,31.3,52.5,45.65,62.1,4.47,71.02,41.23,52.0,70.26,17.89,25.61,51.61,43.86,76.16,31.3,8.94,43.86,82.1,30.0,62.61,76.55,60.83,22.36,48.08,58.82,57.31,40.0,74.67,44.72,79.12,82.86,35.01,56.22,38.21,66.04,64.2,36.0,6.4,62.64,10.0,51.0,14.32,34.21
7,60.17,12.81,41.04,61.35,21.54,32.06,56.89,0.0,44.41,28.64,16.97,71.47,76.03,74.67,54.41,26.91,10.0,70.71,78.59,32.98,60.3,52.61,41.23,25.3,28.28,26.68,45.34,7.21,54.33,48.17,67.94,31.05,21.26,64.28,78.0,58.14,34.06,49.03,36.88,60.03,46.65,57.27,59.46,38.0,32.98,38.05,78.59,89.64,28.0,66.21,63.53,38.63,90.97,42.05,53.45,60.42,27.73,70.77,25.0,49.25,22.36,62.59,8.94,64.56,11.18,70.35,29.83
8,37.74,46.82,56.57,50.99,28.64,24.33,25.61,44.41,0.0,61.77,44.94,57.69,31.62,34.0,32.8,49.4,54.41,27.2,60.96,44.41,31.24,38.21,48.08,57.31,31.05,30.0,56.04,51.22,26.91,45.65,26.0,28.28,50.99,42.52,36.22,27.86,49.03,50.99,8.25,33.94,18.44,56.6,50.16,37.95,72.8,36.06,40.45,45.34,36.06,34.93,59.46,50.99,46.65,55.32,57.7,54.42,56.36,27.2,62.43,38.6,22.63,27.73,52.5,27.2,34.89,38.95,14.76
9,86.58,40.5,22.09,52.61,48.04,39.7,62.8,28.64,61.77,0.0,17.09,62.29,91.21,83.74,80.62,14.42,26.08,83.55,70.46,61.61,63.81,80.02,69.86,4.47,32.56,54.0,28.07,24.17,58.82,76.66,87.66,58.03,48.33,62.03,87.86,82.46,20.88,77.67,56.46,61.77,70.34,85.91,50.64,66.27,14.56,66.12,84.88,105.6,56.32,90.71,50.04,67.05,104.8,70.23,82.01,49.09,6.71,88.84,6.71,77.01,40.5,69.2,22.36,72.47,38.01,72.95,49.98
10,70.11,29.73,24.08,46.69,32.25,24.41,49.19,16.97,44.94,17.09,0.0,56.89,75.07,69.34,64.12,10.0,20.88,67.94,64.5,48.33,51.26,64.12,56.46,12.65,17.89,38.47,28.43,17.09,45.69,62.1,70.71,42.19,38.21,52.35,73.24,65.51,17.2,63.91,39.4,50.0,53.37,72.11,44.72,51.42,28.28,50.99,71.55,89.38,41.76,73.76,47.54,54.59,89.11,58.31,68.94,44.92,13.0,72.11,17.69,61.4,23.41,55.47,16.49,58.31,23.09,61.03,32.89
11,95.41,82.46,40.79,10.2,73.24,43.27,34.18,71.47,57.69,62.29,56.89,0.0,66.27,48.04,90.44,50.04,77.67,56.32,8.25,93.23,29.12,95.27,99.64,60.03,43.86,78.41,34.93,73.76,31.3,100.42,75.29,79.4,90.38,16.49,52.15,85.09,42.0,104.8,60.96,25.3,76.03,111.73,12.17,90.69,76.66,89.2,42.76,78.03,84.4,91.24,14.42,100.44,72.44,104.86,111.29,13.34,56.08,71.81,68.07,94.92,57.69,36.67,73.35,40.45,70.66,29.07,60.88
12,48.08,77.82,81.44,64.12,59.09,51.61,34.53,76.03,31.62,91.21,75.07,66.27,0.0,19.7,46.69,77.67,86.02,10.0,65.51,71.02,38.05,54.59,72.11,86.83,58.82,58.82,79.12,82.8,38.83,66.12,17.09,55.79,80.99,50.04,17.2,36.88,75.18,72.11,39.45,42.05,38.21,74.97,64.28,62.29,103.32,60.3,27.78,14.42,64.03,37.58,74.24,76.42,15.23,80.22,78.31,69.35,85.21,10.77,92.76,57.22,54.04,30.02,84.02,26.0,66.37,37.85,46.32
13,62.77,79.62,70.0,47.54,62.29,44.94,21.26,74.67,34.0,83.74,69.34,48.04,19.7,0.0,59.93,69.43,84.31,11.31,46.39,78.23,22.36,67.23,81.22,79.65,51.61,64.0,66.57,80.62,25.61,77.2,33.94,62.13,84.59,32.56,4.47,51.11,65.12,82.97,42.05,26.0,48.08,87.32,48.08,71.02,97.2,69.05,8.49,30.0,70.03,54.04,57.72,84.59,24.74,88.81,89.56,53.16,77.23,28.43,86.61,68.95,52.5,15.0,81.44,11.31,66.94,19.0,47.52
14,6.0,48.37,82.87,83.35,32.98,52.5,58.0,54.41,32.8,80.62,64.12,90.44,46.69,59.93,0.0,72.03,62.77,49.4,93.72,31.24,63.66,8.0,28.64,76.42,57.27,27.86,83.95,61.35,59.67,20.4,30.07,23.41,46.86,75.29,60.17,10.0,74.67,26.31,30.46,66.6,14.42,28.28,82.37,21.26,87.36,19.8,68.0,54.15,28.84,14.42,91.24,34.0,60.03,36.77,32.02,86.31,77.1,36.22,78.64,11.4,42.19,58.9,63.25,57.2,43.42,70.29,33.73
15,78.03,39.7,14.14,40.0,41.23,26.08,48.41,26.91,49.4,14.42,10.0,50.04,77.67,69.43,72.03,0.0,29.53,69.66,58.0,58.14,49.4,72.69,66.21,10.77,18.87,47.54,18.87,26.08,44.41,71.47,75.39,50.99,48.17,48.08,73.59,72.44,8.25,73.54,45.12,47.41,60.3,81.71,38.0,60.73,28.64,60.17,70.46,92.09,51.26,80.62,39.29,64.5,90.91,68.26,78.72,37.34,7.81,76.03,18.68,70.21,30.07,54.82,25.06,58.14,32.7,58.59,39.32
16,68.35,16.0,43.27,67.47,30.53,40.79,65.97,10.0,54.41,26.08,20.88,77.67,86.02,84.31,62.77,29.53,0.0,80.62,85.16,38.0,69.05,60.17,46.04,24.08,36.06,34.93,48.37,4.0,63.15,54.15,77.79,39.4,22.8,72.0,87.73,67.23,37.58,54.04,46.86,68.47,56.04,62.13,65.51,44.72,26.0,45.12,87.93,99.64,34.93,75.18,68.35,42.43,100.96,45.12,57.56,65.8,27.59,80.72,20.62,56.52,32.25,71.84,4.47,74.0,20.62,79.08,39.82
17,51.88,74.0,72.47,54.15,55.79,43.86,24.74,70.71,27.2,83.55,67.94,56.32,10.0,11.31,49.4,69.66,80.62,0.0,55.79,70.03,28.07,56.92,72.25,79.25,50.99,56.57,69.86,77.18,29.12,67.47,22.63,54.15,78.1,40.05,10.77,40.25,66.57,73.35,35.44,32.06,38.47,77.2,54.33,62.13,96.21,60.13,19.8,23.41,62.29,42.8,64.28,76.03,21.26,80.1,79.83,59.41,77.34,17.2,85.59,58.94,48.37,20.02,78.23,16.0,61.85,28.16,41.79
18,98.41,89.2,49.03,18.0,78.89,49.19,36.06,78.59,60.96,70.46,64.5,8.25,65.51,46.39,93.72,58.0,85.16,55.79,0.0,98.79,30.53,99.04,104.86,68.12,50.6,83.76,43.17,81.22,34.06,105.0,76.16,84.4,96.93,18.44,50.16,87.66,50.04,109.64,65.12,27.2,79.4,116.28,20.0,95.6,84.85,94.02,40.0,76.24,89.89,93.3,22.36,106.0,70.0,110.45,116.21,21.59,64.2,72.11,76.16,99.01,63.53,37.16,80.89,40.5,77.08,27.66,65.8
19,35.38,22.0,71.69,84.02,20.0,50.0,67.68,32.98,44.41,61.61,48.33,93.23,71.02,78.23,31.24,58.14,38.0,70.03,98.79,0.0,72.8,25.61,8.25,58.24,50.91,15.23,74.89,38.21,67.23,16.49,56.92,16.12,17.09,81.41,80.02,39.45,63.81,16.12,36.88,74.32,32.98,24.33,82.46,10.0,64.0,11.66,84.85,81.61,8.94,45.61,89.11,7.21,85.91,11.66,20.62,84.96,60.41,62.1,57.56,21.4,35.61,71.31,40.2,71.39,25.55,81.91,33.62
20,68.12,68.12,48.17,26.08,53.85,28.28,5.66,60.3,31.24,63.81,51.26,29.12,38.05,22.36,63.66,49.4,69.05,28.07,30.53,72.8,0.0,69.43,77.82,60.03,33.53,57.58,44.41,65.12,6.0,76.55,46.17,57.27,74.67,12.65,26.83,57.2,44.05,81.63,36.72,4.0,49.52,87.66,26.31,68.0,77.9,66.24,21.26,50.99,63.91,62.77,36.22,79.85,46.82,84.31,88.32,31.4,57.14,42.76,67.54,69.81,40.2,8.06,65.51,12.17,55.15,10.05,39.22
21,10.0,44.94,84.4,87.66,32.0,55.46,63.78,52.61,38.21,80.02,64.12,95.27,54.59,67.23,8.0,72.69,60.17,56.92,99.04,25.61,69.43,0.0,21.63,76.0,59.46,26.08,86.02,59.23,65.05,12.65,38.05,22.0,42.19,80.62,67.68,18.0,76.16,18.44,34.41,72.14,20.0,20.4,86.53,16.12,85.51,15.23,75.15,62.13,25.3,21.54,95.02,27.2,68.03,29.53,24.02,90.21,77.1,44.18,77.41,4.24,43.68,65.22,61.19,63.81,42.11,76.61,36.25
22,31.62,30.07,79.65,90.69,26.91,56.64,72.5,41.23,48.08,69.86,56.46,99.64,72.11,81.22,28.64,66.21,46.04,72.25,104.86,8.25,77.82,21.63,0.0,66.48,58.14,21.26,82.68,46.39,72.47,10.0,56.89,20.59,24.33,87.13,82.61,37.95,71.69,8.0,41.23,79.65,34.0,16.12,89.2,10.2,72.03,12.17,88.29,81.58,15.62,42.94,96.21,5.66,86.58,8.25,12.53,91.92,68.62,62.51,65.76,17.49,42.43,75.61,48.37,75.29,33.54,86.54,39.12
23,82.39,37.58,20.88,50.16,44.0,35.38,58.82,25.3,57.31,4.47,12.65,60.03,86.83,79.65,76.42,10.77,24.08,79.25,68.12,58.24,60.03,76.0,66.48,0.0,28.28,50.04,26.68,21.63,54.92,72.99,83.19,54.0,45.65,58.82,83.74,78.1,18.11,74.22,52.0,58.14,65.97,82.46,48.17,62.51,17.89,62.29,80.99,101.21,52.61,86.35,48.37,63.91,100.5,67.23,78.75,47.01,4.12,84.38,8.06,73.06,36.06,65.22,20.0,68.41,34.13,69.32,45.54
24,63.15,38.63,26.0,34.0,31.24,7.21,31.3,28.28,31.05,32.56,17.89,43.86,58.82,51.61,57.27,18.87,36.06,50.99,50.6,50.91,33.53,59.46,58.14,28.28,0.0,37.2,26.68,32.06,27.86,61.06,56.92,39.45,46.52,36.06,55.61,56.04,18.11,64.4,28.0,32.56,44.18,72.11,32.25,50.48,45.61,49.4,53.67,73.24,42.52,64.0,38.21,58.0,72.25,62.29,70.43,34.21,26.4,57.27,35.0,57.78,16.12,37.59,32.25,40.5,26.93,43.42,23.54
25,33.53,21.26,60.17,69.43,6.32,35.38,52.5,26.68,30.0,54.0,38.47,78.41,58.82,64.0,27.86,47.54,34.93,56.57,83.76,15.23,57.58,26.08,21.26,50.04,37.2,0.0,62.61,33.53,52.0,24.17,46.65,4.47,22.36,66.24,66.12,32.8,52.0,27.2,22.09,59.09,22.8,34.99,67.94,13.42,59.67,12.65,70.26,70.68,6.32,40.5,75.07,22.36,74.0,26.83,33.3,70.72,51.35,50.99,51.35,23.02,21.26,56.29,35.44,56.57,16.03,66.76,18.38
26,89.82,58.0,6.0,26.0,56.36,32.06,45.65,45.34,56.04,28.07,28.43,34.93,79.12,66.57,83.95,18.87,48.37,69.86,43.17,74.89,44.41,86.02,82.68,26.68,26.68,62.61,0.0,44.94,41.18,86.76,80.89,65.39,66.48,38.42,71.02,82.39,11.31,89.55,54.33,41.23,70.71,97.53,24.17,76.03,42.05,75.15,65.3,93.23,67.23,90.2,22.0,81.61,90.35,85.6,95.19,21.59,22.56,80.05,34.37,84.15,42.38,51.62,43.91,55.57,49.41,51.62,50.22
27,67.05,16.49,40.0,63.56,28.64,36.88,62.1,7.21,51.22,24.17,17.09,73.76,82.8,80.62,61.35,26.08,4.0,77.18,81.22,38.21,65.12,59.23,46.39,21.63,32.06,33.53,44.94,0.0,59.23,54.0,75.07,37.95,24.17,68.0,84.1,65.3,34.0,54.33,43.86,64.5,53.85,62.51,61.61,44.18,26.31,44.41,84.12,96.54,34.23,73.35,64.62,43.17,97.65,46.17,58.25,61.98,24.84,77.79,19.42,55.73,28.84,68.01,2.0,70.23,18.36,75.13,36.8
28,64.4,62.13,44.41,26.31,48.08,22.36,4.47,54.33,26.91,58.82,45.69,31.3,38.83,25.61,59.67,44.41,63.15,29.12,34.06,67.23,6.0,65.05,72.47,54.92,27.86,52.0,41.18,59.23,0.0,71.61,44.72,51.88,68.73,15.62,30.0,53.85,39.6,76.55,31.62,7.21,45.34,82.8,26.08,62.77,72.72,61.06,26.08,52.5,58.31,59.93,36.06,74.32,49.19,78.79,83.22,31.02,52.2,42.05,62.27,65.19,34.23,10.63,59.67,14.42,49.16,16.03,33.62
29,22.36,38.21,84.31,92.02,30.46,58.41,71.02,48.17,45.65,76.66,62.1,100.42,66.12,77.2,20.4,71.47,54.15,67.47,105.0,16.49,76.55,12.65,10.0,72.99,61.06,24.17,86.76,54.0,71.61,0.0,50.04,21.63,33.53,86.83,78.1,30.27,76.16,6.0,40.0,78.82,29.12,11.31,90.69,10.77,80.1,11.66,84.76,74.43,20.4,34.18,98.41,15.62,80.02,17.2,12.37,93.86,74.73,56.0,73.11,9.06,44.94,73.36,56.0,72.5,39.05,84.6,39.62
30,31.05,67.2,82.0,71.02,48.41,50.0,41.23,67.94,26.0,87.66,70.71,75.29,17.09,33.94,30.07,75.39,77.79,22.63,76.16,56.92,46.17,38.05,56.89,83.19,56.92,46.65,80.89,75.07,44.72,50.04,0.0,42.94,68.96,58.82,32.8,20.1,74.73,56.04,31.62,50.0,24.17,58.31,70.71,47.54,98.18,45.61,42.43,24.74,50.99,20.59,80.62,61.61,30.0,65.12,62.01,75.54,82.35,6.32,87.98,41.01,47.71,39.0,76.58,35.78,57.28,49.24,38.6
31,29.12,25.61,63.25,70.71,10.0,36.88,52.0,31.05,28.28,58.03,42.19,79.4,55.79,62.13,23.41,50.99,39.4,54.15,84.4,16.12,57.27,22.0,20.59,54.0,39.45,4.47,65.39,37.95,51.88,21.63,42.94,0.0,26.08,66.57,64.0,28.43,55.03,25.46,20.88,59.06,18.87,32.8,69.31,11.31,64.03,10.0,68.73,67.23,8.25,36.06,76.84,22.8,70.88,27.2,31.89,72.35,55.15,47.54,55.58,19.24,23.32,55.36,39.85,55.32,20.22,66.13,18.6
32,51.61,8.49,62.29,80.5,22.36,48.08,70.26,21.26,50.99,48.33,38.21,90.38,80.99,84.59,46.86,48.17,22.8,78.1,96.93,17.09,74.67,42.19,24.33,45.65,46.52,22.36,66.48,24.17,68.73,33.53,68.96,26.08,0.0,81.04,87.13,53.81,55.17,32.25,42.76,75.31,44.94,40.05,78.71,26.08,48.37,27.2,90.09,93.04,18.44,60.83,83.76,20.0,96.21,22.36,35.06,80.26,48.55,73.35,43.32,38.08,34.53,75.03,26.0,76.03,19.92,84.48,37.12
33,80.0,73.76,43.27,15.23,61.74,32.98,17.89,64.28,42.52,62.03,52.35,16.49,50.04,32.56,75.29,48.08,72.0,40.05,18.44,81.41,12.65,80.62,87.13,58.82,36.06,66.24,38.42,68.0,15.62,86.83,58.82,66.57,81.04,0.0,36.88,69.34,41.23,91.61,46.86,8.94,60.96,98.08,16.12,77.67,76.55,76.03,28.64,62.29,72.47,75.18,25.3,88.59,57.27,93.06,98.23,21.02,55.36,55.32,66.76,80.66,46.82,20.22,68.03,24.08,61.13,14.32,48.02
34,62.61,82.46,74.4,51.92,64.78,48.83,25.61,78.0,36.22,87.86,73.24,52.15,17.2,4.47,60.17,73.59,87.73,10.77,50.16,80.02,26.83,67.68,82.61,83.74,55.61,66.12,71.02,84.1,30.0,78.1,32.8,64.0,87.13,36.88,0.0,50.99,69.43,83.95,44.41,30.46,49.03,87.93,52.5,72.44,101.21,70.46,10.77,26.08,72.03,53.25,62.1,86.21,20.4,90.35,90.47,57.57,81.39,26.91,90.6,69.64,55.71,19.42,84.97,15.62,69.92,23.09,50.22
35,11.66,54.04,82.02,78.79,36.72,50.36,51.61,58.14,27.86,82.46,65.51,85.09,36.88,51.11,10.0,72.44,67.23,40.25,87.66,39.45,57.2,18.0,37.95,78.1,56.04,32.8,82.39,65.3,53.85,30.27,20.1,28.43,53.81,69.34,50.99,0.0,74.0,36.22,28.07,60.46,12.17,38.21,78.0,29.53,90.62,27.78,59.36,44.18,35.38,8.25,87.32,43.08,50.04,46.17,42.01,82.28,78.26,26.31,81.27,21.21,42.43,51.66,67.08,49.52,46.96,62.94,33.14
36,80.62,46.69,8.25,32.06,45.69,24.74,43.86,34.06,49.03,20.88,17.2,42.0,75.18,65.12,74.67,8.25,37.58,66.57,50.04,63.81,44.05,76.16,71.69,18.11,18.11,52.0,11.31,34.0,39.6,76.16,74.73,55.03,55.17,41.23,69.43,74.0,0.0,78.71,46.04,41.62,62.03,86.76,30.07,65.39,35.44,64.62,65.3,89.55,56.36,82.02,31.05,70.46,87.66,74.4,84.22,29.15,14.32,74.67,26.17,74.04,32.56,50.21,33.11,53.81,38.28,52.7,41.11
37,27.86,38.05,86.76,96.17,33.29,62.29,76.16,49.03,50.99,77.67,63.91,104.8,72.11,82.97,26.31,73.54,54.04,73.35,109.64,16.12,81.63,18.44,8.0,74.22,64.4,27.2,89.55,54.33,76.55,6.0,56.04,25.46,32.25,91.61,83.95,36.22,78.71,0.0,44.94,83.76,34.93,8.25,94.76,14.14,80.02,15.62,90.44,80.4,22.36,39.85,102.18,12.65,86.02,12.81,6.71,97.74,76.24,62.0,73.68,15.03,48.41,78.72,56.32,78.0,40.85,89.89,43.93
38,36.06,38.63,54.0,53.25,20.4,22.36,31.3,36.88,8.25,56.46,39.4,60.96,39.45,42.05,30.46,45.12,46.86,35.44,65.12,36.88,36.72,34.41,41.23,52.0,28.0,22.09,54.33,43.86,31.62,40.0,31.62,20.88,42.76,46.86,44.41,28.07,46.04,44.94,0.0,38.83,16.49,51.22,52.15,31.3,66.57,29.53,48.17,52.8,28.28,36.0,60.83,43.68,54.59,48.08,51.62,55.95,51.55,33.94,56.44,33.97,16.12,34.48,45.25,34.53,26.93,45.31,7.07
39,71.22,68.47,45.25,22.09,55.03,28.0,8.94,60.03,33.94,61.77,50.0,25.3,42.05,26.0,66.6,47.41,68.47,32.06,27.2,74.32,4.0,72.14,79.65,58.14,32.56,59.09,41.23,64.5,7.21,78.82,50.0,59.06,75.31,8.94,30.46,60.46,41.62,83.76,38.83,0.0,52.35,90.0,22.36,69.97,76.03,68.26,24.08,54.92,65.39,66.24,32.25,81.44,50.6,85.91,90.43,27.46,55.07,46.69,65.8,72.35,40.79,12.04,64.78,16.12,55.58,11.18,40.72
40,19.7,43.86,70.11,68.96,25.61,38.83,43.86,46.65,18.44,70.34,53.37,76.03,38.21,48.08,14.42,60.3,56.04,38.47,79.4,32.98,49.52,20.0,34.0,65.97,44.18,22.8,70.71,53.85,45.34,29.12,24.17,18.87,44.94,60.96,49.03,12.17,62.03,34.93,16.49,52.35,0.0,39.4,68.0,24.08,78.79,22.09,55.71,48.7,26.83,20.4,76.97,38.21,52.95,42.05,41.48,72.01,66.1,29.12,69.29,21.02,30.27,45.22,55.57,43.91,35.51,56.61,21.02
41,28.07,46.17,94.85,103.32,41.18,69.66,82.1,57.27,56.6,85.91,72.11,111.73,74.97,87.32,28.28,81.71,62.13,77.2,116.28,24.33,87.66,20.4,16.12,82.46,72.11,34.99,97.53,62.51,82.8,11.31,58.31,32.8,40.05,98.08,87.93,38.21,86.76,8.25,51.22,90.0,39.4,0.0,101.98,21.63,88.09,22.8,95.08,82.0,30.46,40.2,109.64,20.1,88.2,18.97,6.4,105.12,84.48,64.5,81.88,18.38,56.04,84.22,64.5,83.19,49.04,95.52,50.93
42,87.66,70.68,29.73,2.0,62.48,32.56,30.0,59.46,50.16,50.64,44.72,12.17,64.28,48.08,82.37,38.0,65.51,54.33,20.0,82.46,26.31,86.53,89.2,48.17,32.25,67.94,24.17,61.61,26.08,90.69,70.71,69.31,78.71,16.12,52.5,78.0,30.07,94.76,52.15,22.36,68.0,101.98,0.0,80.62,65.12,79.25,44.72,77.28,73.76,84.76,10.0,89.64,72.8,94.02,101.12,5.1,44.28,68.12,56.22,85.8,46.86,34.37,61.19,38.47,59.17,30.41,51.09
43,25.61,29.12,73.54,82.02,19.7,48.17,62.61,38.0,37.95,66.27,51.42,90.69,62.29,71.02,21.26,60.73,44.72,62.13,95.6,10.0,68.0,16.12,10.2,62.51,50.48,13.42,76.03,44.18,62.77,10.77,47.54,11.31,26.08,77.67,72.44,29.53,65.39,14.14,31.3,69.97,24.08,21.63,80.62,0.0,70.46,2.0,78.1,72.28,10.0,35.61,88.09,14.14,76.94,18.0,20.62,83.63,64.13,52.95,63.0,12.08,34.41,65.55,46.17,65.15,28.44,76.56,29.83
44,93.15,42.0,36.06,67.08,54.41,52.5,76.55,32.98,72.8,14.56,28.28,76.66,103.32,97.2,87.36,28.64,26.0,96.21,84.85,64.0,77.9,85.51,72.03,17.89,45.61,59.67,42.05,26.31,72.72,80.1,98.18,64.03,48.37,76.55,101.21,90.62,35.44,80.02,66.57,76.03,78.79,88.09,65.12,70.46,0.0,70.71,98.79,117.59,60.53,98.79,64.03,68.26,117.39,70.71,83.38,63.39,21.19,100.0,10.63,82.04,50.48,82.93,24.33,86.02,43.97,87.21,59.68
45,24.41,29.73,72.8,80.62,18.97,46.86,60.83,38.05,36.06,66.12,50.99,89.2,60.3,69.05,19.8,60.17,45.12,60.13,94.02,11.66,66.24,15.23,12.17,62.29,49.4,12.65,75.15,44.41,61.06,11.66,45.61,10.0,27.2,76.03,70.46,27.78,64.62,15.62,29.53,68.26,22.09,22.8,79.25,2.0,70.71,0.0,76.16,70.34,10.2,34.06,86.83,16.12,74.97,20.0,22.2,82.33,63.79,50.99,63.03,11.4,33.29,63.69,46.39,63.25,28.16,74.73,28.32
46,71.02,84.59,69.31,43.86,68.0,47.54,22.36,78.59,40.45,84.88,71.55,42.76,27.78,8.49,68.0,70.46,87.93,19.8,40.0,84.85,21.26,75.15,88.29,80.99,53.67,70.26,65.3,84.12,26.08,84.76,42.43,68.73,90.09,28.64,10.77,59.36,65.3,90.44,48.17,24.08,55.71,95.08,44.72,78.1,98.79,76.16,0.0,36.5,76.42,62.48,53.85,91.41,30.0,95.71,97.08,49.66,78.24,36.88,88.32,76.69,56.89,16.16,84.76,14.14,71.7,14.32,53.01
47,54.04,90.55,95.71,76.94,71.69,66.03,48.08,89.64,45.34,105.6,89.38,78.03,14.42,30.0,54.15,92.09,99.64,23.41,76.24,81.61,50.99,62.13,81.58,101.21,73.24,70.68,93.23,96.54,52.5,74.43,24.74,67.23,93.04,62.29,26.08,44.18,89.55,80.4,52.8,54.92,48.7,82.0,77.28,72.28,117.59,70.34,36.5,0.0,75.39,42.19,87.13,86.35,8.49,89.82,86.15,82.38,99.62,19.7,107.06,65.38,67.94,42.95,97.84,38.83,79.63,49.0,59.82
48,34.0,19.7,64.4,75.29,11.31,41.23,58.82,28.0,36.06,56.32,41.76,84.4,64.03,70.03,28.84,51.26,34.93,62.29,89.89,8.94,63.91,25.3,15.62,52.61,42.52,6.32,67.23,34.23,58.31,20.4,50.99,8.25,18.44,72.47,72.03,35.38,56.36,22.36,28.28,65.39,26.83,30.46,73.76,10.0,60.53,10.2,76.42,75.39,0.0,42.52,80.62,16.12,79.12,20.59,28.02,76.38,54.34,55.71,53.0,21.59,26.91,62.59,36.22,62.8,18.68,73.08,24.7
49,12.17,61.61,90.0,85.44,44.72,58.14,57.31,66.21,34.93,90.71,73.76,91.24,37.58,54.04,14.42,80.62,75.18,42.8,93.3,45.61,62.77,21.54,42.94,86.35,64.0,40.5,90.2,73.35,59.93,34.18,20.59,36.06,60.83,75.18,53.25,8.25,82.02,39.85,36.0,66.24,20.4,40.2,84.76,35.61,98.79,34.06,62.48,42.19,42.52,0.0,94.25,48.37,49.03,50.99,44.91,89.19,86.49,26.83,89.49,25.5,50.64,56.61,75.15,54.04,55.04,67.62,41.3
50,96.66,75.47,28.0,10.2,69.31,40.0,40.0,63.53,59.46,50.04,47.54,14.42,74.24,57.72,91.24,39.29,68.35,64.28,22.36,89.11,36.22,95.02,96.21,48.37,38.21,75.07,22.0,64.62,36.06,98.41,80.62,76.84,83.76,25.3,62.1,87.32,31.05,102.18,60.83,32.25,76.97,109.64,10.0,88.09,64.03,86.83,53.85,87.13,80.62,94.25,0.0,96.21,82.46,100.5,108.37,5.1,44.28,78.1,56.22,94.03,53.81,44.28,63.91,48.37,64.82,39.56,59.08
51,37.2,26.68,78.23,91.21,27.2,57.2,74.67,38.63,50.99,67.05,54.59,100.44,76.42,84.59,34.0,64.5,42.43,76.03,106.0,7.21,79.85,27.2,5.66,63.91,58.0,22.36,81.61,43.17,74.32,15.62,61.61,22.8,20.0,88.59,86.21,43.08,70.46,12.65,43.68,81.44,38.21,20.1,89.64,14.14,68.26,16.12,91.41,86.35,16.12,48.37,96.21,0.0,91.08,4.47,15.13,92.1,66.31,67.08,62.59,23.02,42.8,78.16,45.12,78.1,32.2,88.87,40.72
52,60.53,93.04,93.3,72.28,74.32,65.12,44.72,90.97,46.65,104.8,89.11,72.44,15.23,24.74,60.03,90.91,100.96,21.26,70.0,85.91,46.82,68.03,86.58,100.5,72.25,74.0,90.35,97.65,49.19,80.02,30.0,70.88,96.21,57.27,20.4,50.04,87.66,86.02,54.59,50.6,52.95,88.2,72.8,76.94,117.39,74.97,30.0,8.49,79.12,49.03,82.46,91.08,0.0,94.76,92.01,77.88,98.6,24.08,106.78,71.01,68.82,39.0,98.81,34.93,81.49,43.42,61.4
53,39.45,29.73,82.1,95.6,31.62,61.61,79.12,42.05,55.32,70.23,58.31,104.86,80.22,88.81,36.77,68.26,45.12,80.1,110.45,11.66,84.31,29.53,8.25,67.23,62.29,26.83,85.6,46.17,78.79,17.2,65.12,27.2,22.36,93.06,90.35,46.17,74.4,12.81,48.08,85.91,42.05,18.97,94.02,18.0,70.71,20.0,95.71,89.82,20.59,50.99,100.5,4.47,94.76,0.0,13.15,96.43,69.78,70.71,65.52,25.5,47.2,82.57,48.08,82.46,36.24,93.3,45.19
54,32.76,41.77,92.18,102.55,39.2,68.59,82.86,53.45,57.7,82.01,68.94,111.29,78.31,89.56,32.02,78.72,57.56,79.83,116.21,20.62,88.32,24.02,12.53,78.75,70.43,33.3,95.19,58.25,83.22,12.37,62.01,31.89,35.06,98.23,90.47,42.01,84.22,6.71,51.62,90.43,41.48,6.4,101.12,20.62,83.38,22.2,97.08,86.15,28.02,44.91,108.37,15.13,92.01,13.15,0.0,104.0,80.99,68.07,77.67,21.1,54.56,85.43,60.21,84.69,46.07,96.6,50.45
55,91.71,72.07,27.46,5.83,65.07,35.47,35.01,60.42,54.42,49.09,44.92,13.34,69.35,53.16,86.31,37.34,65.8,59.41,21.59,84.96,31.4,90.21,91.92,47.01,34.21,70.72,21.59,61.98,31.02,93.86,75.54,72.35,80.26,21.02,57.57,82.28,29.15,97.74,55.95,27.46,72.01,105.12,5.1,83.63,63.39,82.33,49.66,82.38,76.38,89.19,5.1,92.1,77.88,96.43,104.0,0.0,43.0,73.06,55.0,89.31,49.5,39.46,61.4,43.57,61.03,35.34,54.41
56,83.1,40.31,16.76,46.27,45.18,33.6,56.22,27.73,56.36,6.71,13.0,56.08,85.21,77.23,77.1,7.81,27.59,77.34,64.2,60.41,57.14,77.1,68.62,4.12,26.4,51.35,22.56,24.84,52.2,74.73,82.35,55.15,48.55,55.36,81.39,78.26,14.32,76.24,51.55,55.07,66.1,84.48,44.28,64.13,21.19,63.79,78.24,99.62,54.34,86.49,44.28,66.31,98.6,69.78,80.99,43.0,0.0,83.24,12.0,74.33,35.9,62.63,23.35,65.95,35.69,66.24,45.35
57,37.36,71.02,81.61,68.26,52.15,50.16,38.21,70.77,27.2,88.84,72.11,71.81,10.77,28.43,36.22,76.03,80.72,17.2,72.11,62.1,42.76,44.18,62.51,84.38,57.27,50.99,80.05,77.79,42.05,56.0,6.32,47.54,73.35,55.32,26.91,26.31,74.67,62.0,33.94,46.69,29.12,64.5,68.12,52.95,100.0,50.99,36.88,19.7,55.71,26.83,78.1,67.08,24.08,70.71,68.07,73.06,83.24,0.0,89.63,47.01,49.68,35.17,79.2,31.62,60.44,44.78,41.01
58,84.53,35.9,28.44,58.22,45.71,41.87,66.04,25.0,62.43,6.71,17.69,68.07,92.76,86.61,78.64,18.68,20.62,85.59,76.16,57.56,67.54,77.41,65.76,8.06,35.0,51.35,34.37,19.42,62.27,73.11,87.98,55.58,43.32,66.76,90.6,81.27,26.17,73.68,56.44,65.8,69.29,81.88,56.22,63.0,10.63,63.03,88.32,107.06,53.0,89.49,56.22,62.59,106.78,65.52,77.67,55.0,12.0,89.63,0.0,74.17,40.31,72.4,17.46,75.45,35.36,76.97,49.65
59,14.21,41.11,82.28,87.01,29.15,54.2,64.2,49.25,38.6,77.01,61.4,94.92,57.22,68.95,11.4,70.21,56.52,58.94,99.01,21.4,69.81,4.24,17.49,73.06,57.78,23.02,84.15,55.73,65.19,9.06,41.01,19.24,38.08,80.66,69.64,21.21,74.04,15.03,33.97,72.35,21.02,18.38,85.8,12.08,82.04,11.4,76.69,65.38,21.59,25.5,94.03,23.02,71.01,25.5,21.1,89.31,74.33,47.01,74.17,0.0,41.79,66.04,57.71,64.88,39.0,77.39,34.99
60,48.17,28.0,40.79,48.41,15.62,14.42,36.0,22.36,22.63,40.5,23.41,57.69,54.04,52.5,42.19,30.07,32.25,48.37,63.53,35.61,40.2,43.68,42.43,36.06,16.12,21.26,42.38,28.84,34.23,44.94,47.71,23.32,34.53,46.82,55.71,42.43,32.56,48.41,16.12,40.79,30.27,56.04,46.86,34.41,50.48,33.29,56.89,67.94,26.91,50.64,53.81,42.8,68.82,47.2,54.56,49.5,35.9,49.68,40.31,41.79,0.0,41.19,30.0,42.76,15.0,50.09,9.49
61,62.94,69.12,55.0,34.13,53.34,31.38,6.4,62.59,27.73,69.2,55.47,36.67,30.02,15.0,58.9,54.82,71.84,20.02,37.16,71.31,8.06,65.22,75.61,65.22,37.59,56.29,51.62,68.01,10.63,73.36,39.0,55.36,75.03,20.22,19.42,51.66,50.21,78.72,34.48,12.04,45.22,84.22,34.37,65.55,82.93,63.69,16.16,42.95,62.59,56.61,44.28,78.16,39.0,82.57,85.43,39.46,62.63,35.17,72.4,66.04,41.19,0.0,68.62,4.12,56.14,11.4,38.33
62,68.96,18.44,38.83,63.15,30.46,37.36,62.64,8.94,52.5,22.36,16.49,73.35,84.02,81.44,63.25,25.06,4.47,78.23,80.89,40.2,65.51,61.19,48.37,20.0,32.25,35.44,43.91,2.0,59.67,56.0,76.58,39.85,26.0,68.03,84.97,67.08,33.11,56.32,45.25,64.78,55.57,64.5,61.19,46.17,24.33,46.39,84.76,97.84,36.22,75.15,63.91,45.12,98.81,48.08,60.21,61.4,23.35,79.2,17.46,57.71,30.0,68.62,0.0,70.94,20.12,75.5,38.18
63,60.96,70.46,58.82,38.21,54.04,34.0,10.0,64.56,27.2,72.47,58.31,40.45,26.0,11.31,57.2,58.14,74.0,16.0,40.5,71.39,12.17,63.81,75.29,68.41,40.5,56.57,55.57,70.23,14.42,72.5,35.78,55.32,76.03,24.08,15.62,49.52,53.81,78.0,34.53,16.12,43.91,83.19,38.47,65.15,86.02,63.25,14.14,38.83,62.8,54.04,48.37,78.1,34.93,82.46,84.69,43.57,65.95,31.62,75.45,64.88,42.76,4.12,70.94,0.0,57.56,13.6,39.01
64,49.24,13.0,46.14,60.9,10.44,28.16,51.0,11.18,34.89,38.01,23.09,70.66,66.37,66.94,43.42,32.7,20.62,61.85,77.08,25.55,55.15,42.11,33.54,34.13,26.93,16.03,49.41,18.36,49.16,39.05,57.28,20.22,19.92,61.13,69.92,46.96,38.28,40.85,26.93,55.58,35.51,49.04,59.17,28.44,43.97,28.16,71.7,79.63,18.68,55.04,64.82,32.2,81.49,36.24,46.07,61.03,35.69,60.44,35.36,39.0,15.0,56.14,20.12,57.56,0.0,65.07,20.12
65,74.28,78.06,55.97,29.55,63.35,38.33,14.32,70.35,38.95,72.95,61.03,29.07,37.85,19.0,70.29,58.59,79.08,28.16,27.66,81.91,10.05,76.61,86.54,69.32,43.42,66.76,51.62,75.13,16.03,84.6,49.24,66.13,84.48,14.32,23.09,62.94,52.7,89.89,45.31,11.18,56.61,95.52,30.41,76.56,87.21,74.73,14.32,49.0,73.08,67.62,39.56,88.87,43.42,93.3,96.6,35.34,66.24,44.78,76.97,77.39,50.09,11.4,75.5,13.6,65.07,0.0,48.51
66,39.62,32.28,49.25,52.4,15.03,19.24,34.21,29.83,14.76,49.98,32.89,60.88,46.32,47.52,33.73,39.32,39.82,41.79,65.8,33.62,39.22,36.25,39.12,45.54,23.54,18.38,50.22,36.8,33.62,39.62,38.6,18.6,37.12,48.02,50.22,33.14,41.11,43.93,7.07,40.72,21.02,50.93,51.09,29.83,59.68,28.32,53.01,59.82,24.7,41.3,59.08,40.72,61.4,45.19,50.45,54.41,45.35,41.01,49.65,34.99,9.49,38.33,38.18,39.01,20.12,48.51,0.0
