set K:= 1	2	3	4	5	6	7;
set C_H:= 1	2	3	4	5	6	7	8	9	10	11	12	13	14	15	16	17	18;
set C_S:= 19	20	21	22	23	24	25	26	27	28	29	30	31	32	33	34	35;
set C_F:= 36	37	38	39	40	41	42	43	44	45	46	47	48	49	50	51	52;
set M:= 53	54	55	56;
set L_B:= 57	58	59	60	61	62	63	64	65;
set A1:=
(0,*) 1 2 3 4 5 6 7 8 9 10 11 12 13 14 15 16 17 18 36 37 38 39 40 41 42 43 44 45 46 47 48 49 50 51 52 53 54 55 56 57 58 59 60 61 62 63 64 65
(1,*) 0 2 3 4 5 6 7 8 9 10 11 12 13 14 15 16 17 18 36 37 38 39 40 41 42 43 44 45 46 47 48 49 50 51 52 53 54 55 56 57 58 59 60 61 62 63 64 65
(2,*) 0 1 3 4 5 6 7 8 9 10 11 12 13 14 15 16 17 18 36 37 38 39 40 41 42 43 44 45 46 47 48 49 50 51 52 53 54 55 56 57 58 59 60 61 62 63 64 65
(3,*) 0 1 2 4 5 6 7 8 9 10 11 12 13 14 15 16 17 18 36 37 38 39 40 41 42 43 44 45 46 47 48 49 50 51 52 53 54 55 56 57 58 59 60 61 62 63 64 65
(4,*) 0 1 2 3 5 6 7 8 9 10 11 12 13 14 15 16 17 18 36 37 38 39 40 41 42 43 44 45 46 47 48 49 50 51 52 53 54 55 56 57 58 59 60 61 62 63 64 65
(5,*) 0 1 2 3 4 6 7 8 9 10 11 12 13 14 15 16 17 18 36 37 38 39 40 41 42 43 44 45 46 47 48 49 50 51 52 53 54 55 56 57 58 59 60 61 62 63 64 65
(6,*) 0 1 2 3 4 5 7 8 9 10 11 12 13 14 15 16 17 18 36 37 38 39 40 41 42 43 44 45 46 47 48 49 50 51 52 53 54 55 56 57 58 59 60 61 62 63 64 65
(7,*) 0 1 2 3 4 5 6 8 9 10 11 12 13 14 15 16 17 18 36 37 38 39 40 41 42 43 44 45 46 47 48 49 50 51 52 53 54 55 56 57 58 59 60 61 62 63 64 65
(8,*) 0 1 2 3 4 5 6 7 9 10 11 12 13 14 15 16 17 18 36 37 38 39 40 41 42 43 44 45 46 47 48 49 50 51 52 53 54 55 56 57 58 59 60 61 62 63 64 65
(9,*) 0 1 2 3 4 5 6 7 8 10 11 12 13 14 15 16 17 18 36 37 38 39 40 41 42 43 44 45 46 47 48 49 50 51 52 53 54 55 56 57 58 59 60 61 62 63 64 65
(10,*) 0 1 2 3 4 5 6 7 8 9 11 12 13 14 15 16 17 18 36 37 38 39 40 41 42 43 44 45 46 47 48 49 50 51 52 53 54 55 56 57 58 59 60 61 62 63 64 65
(11,*) 0 1 2 3 4 5 6 7 8 9 10 12 13 14 15 16 17 18 36 37 38 39 40 41 42 43 44 45 46 47 48 49 50 51 52 53 54 55 56 57 58 59 60 61 62 63 64 65
(12,*) 0 1 2 3 4 5 6 7 8 9 10 11 13 14 15 16 17 18 36 37 38 39 40 41 42 43 44 45 46 47 48 49 50 51 52 53 54 55 56 57 58 59 60 61 62 63 64 65
(13,*) 0 1 2 3 4 5 6 7 8 9 10 11 12 14 15 16 17 18 36 37 38 39 40 41 42 43 44 45 46 47 48 49 50 51 52 53 54 55 56 57 58 59 60 61 62 63 64 65
(14,*) 0 1 2 3 4 5 6 7 8 9 10 11 12 13 15 16 17 18 36 37 38 39 40 41 42 43 44 45 46 47 48 49 50 51 52 53 54 55 56 57 58 59 60 61 62 63 64 65
(15,*) 0 1 2 3 4 5 6 7 8 9 10 11 12 13 14 16 17 18 36 37 38 39 40 41 42 43 44 45 46 47 48 49 50 51 52 53 54 55 56 57 58 59 60 61 62 63 64 65
(16,*) 0 1 2 3 4 5 6 7 8 9 10 11 12 13 14 15 17 18 36 37 38 39 40 41 42 43 44 45 46 47 48 49 50 51 52 53 54 55 56 57 58 59 60 61 62 63 64 65
(17,*) 0 1 2 3 4 5 6 7 8 9 10 11 12 13 14 15 16 18 36 37 38 39 40 41 42 43 44 45 46 47 48 49 50 51 52 53 54 55 56 57 58 59 60 61 62 63 64 65
(18,*) 0 1 2 3 4 5 6 7 8 9 10 11 12 13 14 15 16 17 36 37 38 39 40 41 42 43 44 45 46 47 48 49 50 51 52 53 54 55 56 57 58 59 60 61 62 63 64 65
(36,*) 0 1 2 3 4 5 6 7 8 9 10 11 12 13 14 15 16 17 18 37 38 39 40 41 42 43 44 45 46 47 48 49 50 51 52 53 54 55 56 57 58 59 60 61 62 63 64 65
(37,*) 0 1 2 3 4 5 6 7 8 9 10 11 12 13 14 15 16 17 18 36 38 39 40 41 42 43 44 45 46 47 48 49 50 51 52 53 54 55 56 57 58 59 60 61 62 63 64 65
(38,*) 0 1 2 3 4 5 6 7 8 9 10 11 12 13 14 15 16 17 18 36 37 39 40 41 42 43 44 45 46 47 48 49 50 51 52 53 54 55 56 57 58 59 60 61 62 63 64 65
(39,*) 0 1 2 3 4 5 6 7 8 9 10 11 12 13 14 15 16 17 18 36 37 38 40 41 42 43 44 45 46 47 48 49 50 51 52 53 54 55 56 57 58 59 60 61 62 63 64 65
(40,*) 0 1 2 3 4 5 6 7 8 9 10 11 12 13 14 15 16 17 18 36 37 38 39 41 42 43 44 45 46 47 48 49 50 51 52 53 54 55 56 57 58 59 60 61 62 63 64 65
(41,*) 0 1 2 3 4 5 6 7 8 9 10 11 12 13 14 15 16 17 18 36 37 38 39 40 42 43 44 45 46 47 48 49 50 51 52 53 54 55 56 57 58 59 60 61 62 63 64 65
(42,*) 0 1 2 3 4 5 6 7 8 9 10 11 12 13 14 15 16 17 18 36 37 38 39 40 41 43 44 45 46 47 48 49 50 51 52 53 54 55 56 57 58 59 60 61 62 63 64 65
(43,*) 0 1 2 3 4 5 6 7 8 9 10 11 12 13 14 15 16 17 18 36 37 38 39 40 41 42 44 45 46 47 48 49 50 51 52 53 54 55 56 57 58 59 60 61 62 63 64 65
(44,*) 0 1 2 3 4 5 6 7 8 9 10 11 12 13 14 15 16 17 18 36 37 38 39 40 41 42 43 45 46 47 48 49 50 51 52 53 54 55 56 57 58 59 60 61 62 63 64 65
(45,*) 0 1 2 3 4 5 6 7 8 9 10 11 12 13 14 15 16 17 18 36 37 38 39 40 41 42 43 44 46 47 48 49 50 51 52 53 54 55 56 57 58 59 60 61 62 63 64 65
(46,*) 0 1 2 3 4 5 6 7 8 9 10 11 12 13 14 15 16 17 18 36 37 38 39 40 41 42 43 44 45 47 48 49 50 51 52 53 54 55 56 57 58 59 60 61 62 63 64 65
(47,*) 0 1 2 3 4 5 6 7 8 9 10 11 12 13 14 15 16 17 18 36 37 38 39 40 41 42 43 44 45 46 48 49 50 51 52 53 54 55 56 57 58 59 60 61 62 63 64 65
(48,*) 0 1 2 3 4 5 6 7 8 9 10 11 12 13 14 15 16 17 18 36 37 38 39 40 41 42 43 44 45 46 47 49 50 51 52 53 54 55 56 57 58 59 60 61 62 63 64 65
(49,*) 0 1 2 3 4 5 6 7 8 9 10 11 12 13 14 15 16 17 18 36 37 38 39 40 41 42 43 44 45 46 47 48 50 51 52 53 54 55 56 57 58 59 60 61 62 63 64 65
(50,*) 0 1 2 3 4 5 6 7 8 9 10 11 12 13 14 15 16 17 18 36 37 38 39 40 41 42 43 44 45 46 47 48 49 51 52 53 54 55 56 57 58 59 60 61 62 63 64 65
(51,*) 0 1 2 3 4 5 6 7 8 9 10 11 12 13 14 15 16 17 18 36 37 38 39 40 41 42 43 44 45 46 47 48 49 50 52 53 54 55 56 57 58 59 60 61 62 63 64 65
(52,*) 0 1 2 3 4 5 6 7 8 9 10 11 12 13 14 15 16 17 18 36 37 38 39 40 41 42 43 44 45 46 47 48 49 50 51 53 54 55 56 57 58 59 60 61 62 63 64 65
(53,*) 0 1 2 3 4 5 6 7 8 9 10 11 12 13 14 15 16 17 18 36 37 38 39 40 41 42 43 44 45 46 47 48 49 50 51 52 55 56 57 58 59 60 61 62 63 64 65
(54,*) 0 1 2 3 4 5 6 7 8 9 10 11 12 13 14 15 16 17 18 36 37 38 39 40 41 42 43 44 45 46 47 48 49 50 51 52 55 56 57 58 59 60 61 62 63 64 65
(55,*) 0 1 2 3 4 5 6 7 8 9 10 11 12 13 14 15 16 17 18 36 37 38 39 40 41 42 43 44 45 46 47 48 49 50 51 52 53 54 57 58 59 60 61 62 63 64 65
(56,*) 0 1 2 3 4 5 6 7 8 9 10 11 12 13 14 15 16 17 18 36 37 38 39 40 41 42 43 44 45 46 47 48 49 50 51 52 53 54 57 58 59 60 61 62 63 64 65
(57,*) 0 1 2 3 4 5 6 7 8 9 10 11 12 13 14 15 16 17 18 36 37 38 39 40 41 42 43 44 45 46 47 48 49 50 51 52 53 54 55 56 58 59 60 61 62 63 64 65
(58,*) 0 1 2 3 4 5 6 7 8 9 10 11 12 13 14 15 16 17 18 36 37 38 39 40 41 42 43 44 45 46 47 48 49 50 51 52 53 54 55 56 57 59 60 61 62 63 64 65
(59,*) 0 1 2 3 4 5 6 7 8 9 10 11 12 13 14 15 16 17 18 36 37 38 39 40 41 42 43 44 45 46 47 48 49 50 51 52 53 54 55 56 57 58 60 61 62 63 64 65
(60,*) 0 1 2 3 4 5 6 7 8 9 10 11 12 13 14 15 16 17 18 36 37 38 39 40 41 42 43 44 45 46 47 48 49 50 51 52 53 54 55 56 57 58 59 61 62 63 64 65
(61,*) 0 1 2 3 4 5 6 7 8 9 10 11 12 13 14 15 16 17 18 36 37 38 39 40 41 42 43 44 45 46 47 48 49 50 51 52 53 54 55 56 57 58 59 60 62 63 64 65
(62,*) 0 1 2 3 4 5 6 7 8 9 10 11 12 13 14 15 16 17 18 36 37 38 39 40 41 42 43 44 45 46 47 48 49 50 51 52 53 54 55 56 57 58 59 60 61 63 64 65
(63,*) 0 1 2 3 4 5 6 7 8 9 10 11 12 13 14 15 16 17 18 36 37 38 39 40 41 42 43 44 45 46 47 48 49 50 51 52 53 54 55 56 57 58 59 60 61 62 64 65
(64,*) 0 1 2 3 4 5 6 7 8 9 10 11 12 13 14 15 16 17 18 36 37 38 39 40 41 42 43 44 45 46 47 48 49 50 51 52 53 54 55 56 57 58 59 60 61 62 63 65
(65,*) 0 1 2 3 4 5 6 7 8 9 10 11 12 13 14 15 16 17 18 36 37 38 39 40 41 42 43 44 45 46 47 48 49 50 51 52 53 54 55 56 57 58 59 60 61 62 63 64
;
set A2:=
(53,*) 54
(54,*) 53
(55,*) 56
(56,*) 55
;
param BigM:=99999;
param n:= 7;
param d:=
1	20
2	7
3	3
4	6
5	13
6	22
7	1
8	18
9	10
10	30
11	23
12	22
13	1
14	8
15	15
16	22
17	19
18	13
19	2
20	12
21	14
22	17
23	26
24	18
25	3
26	6
27	18
28	9
29	10
30	8
31	2
32	4
33	21
34	25
35	5
36	2
37	2
38	24
39	23
40	13
41	25
42	20
43	23
44	2
45	7
46	2
47	16
48	18
49	26
50	2
51	3
52	3
;
param Q:=100;
param w:=
[53,*] 54 0.5
[54,*] 53 0.5
[55,*] 56 0.5
[56,*] 55 0.5
;
param V:=
[53,*] 54 97
[54,*] 53 97
[55,*] 56 85
[56,*] 55 85
;
param e:
	53	54	55	56	57	58	59	60	61	62	63	64	65:=
19	0	1	0	0	0	0	0	0	0	0	0	0	0	
20	0	0	1	0	0	0	0	0	0	0	0	0	0	
21	0	0	1	0	0	0	0	0	0	0	0	0	0	
22	0	0	0	0	1	0	0	0	0	0	0	0	0	
23	0	0	0	0	1	0	0	0	0	0	0	0	0	
24	0	0	1	0	0	0	0	0	0	0	0	0	0	
25	0	0	0	1	0	0	0	0	0	0	0	0	0	
26	0	0	1	0	0	0	0	0	0	0	0	0	0	
27	0	0	0	0	1	0	0	0	0	0	0	0	0	
28	0	0	0	0	1	0	0	0	0	0	0	0	0	
29	0	1	0	0	0	0	0	0	0	0	0	0	0	
30	0	0	1	0	0	1	0	0	0	0	0	0	0	
31	0	0	1	0	0	0	0	0	0	0	0	0	0	
32	1	0	0	0	0	0	0	0	0	0	0	0	0	
33	0	0	1	0	0	0	0	0	0	0	0	0	0	
34	0	1	0	0	0	0	0	0	0	0	0	0	0	
35	0	1	0	0	1	0	0	0	0	0	0	0	0	
36	0	0	0	1	0	0	0	0	0	0	0	0	0	
37	1	0	0	1	0	1	1	0	0	0	0	0	0	
38	0	0	0	0	1	0	0	0	0	0	0	0	0	
39	1	0	0	1	0	0	1	0	0	0	0	0	0	
40	0	0	0	1	0	1	1	0	0	0	0	0	0	
41	1	0	0	0	0	0	0	0	0	0	0	0	0	
42	1	0	0	0	0	0	0	0	0	0	0	0	0	
43	1	0	0	1	0	0	1	0	0	0	0	0	0	
44	0	0	1	0	0	0	0	0	0	0	0	0	0	
45	1	0	0	1	0	0	1	0	0	0	0	0	0	
46	0	0	0	0	1	0	0	0	0	0	0	0	0	
47	1	0	0	0	0	0	1	0	0	0	0	0	0	
48	0	0	1	0	1	0	0	0	0	0	0	0	0	
49	0	0	1	0	0	1	0	0	0	0	0	0	0	
50	0	0	0	0	1	0	0	0	0	0	0	0	0	
51	0	0	0	0	1	0	0	0	0	0	0	0	0	
52	0	0	1	0	0	0	0	0	0	0	0	0	0	
;
param p:=
1	3
2	3
3	3
4	3
5	3
6	3
7	3
;
param G:=
53	80
54	97
55	85
56	79
57	92
58	97
59	92
60	74
61	99
62	100
63	70
64	100
65	75
;
param s:=
0	0
1	15
2	15
3	15
4	15
5	15
6	15
7	15
8	15
9	15
10	15
11	15
12	15
13	15
14	15
15	15
16	15
17	15
18	15
36	15
37	15
38	15
39	15
40	15
41	15
42	15
43	15
44	15
45	15
46	15
47	15
48	15
49	15
50	15
51	15
52	15
53	10
54	10
55	10
56	10
57	10
58	10
59	10
60	10
61	10
62	10
63	10
64	10
65	10
;
param t:
	0	1	2	3	4	5	6	7	8	9	10	11	12	13	14	15	16	17	18	19	20	21	22	23	24	25	26	27	28	29	30	31	32	33	34	35	36	37	38	39	40	41	42	43	44	45	46	47	48	49	50	51	52	53	54	55	56	57	58	59	60	61	62	63	64	65:=
0	0.0	33.38	35.11	96.54	47.2	24.19	48.05	23.77	30.53	27.78	25.24	37.01	42.8	22.47	52.35	55.23	29.07	69.03	62.29	11.4	57.57	27.66	31.14	33.11	73.55	31.3	82.49	63.98	40.01	18.03	82.04	65.12	47.54	76.49	33.53	21.54	22.2	40.22	63.32	57.31	46.01	61.98	49.65	42.72	90.0	57.31	58.86	55.33	54.34	72.95	44.18	64.28	74.04	85.8	25.08	48.02	48.01	58.6	68.59	40.11	24.17	72.47	35.11	43.93	61.55	40.02
1	33.38	0.0	66.37	117.41	33.38	9.22	81.39	57.07	27.02	50.7	32.2	26.0	29.83	54.71	41.77	74.89	59.54	90.43	95.63	36.5	70.71	57.25	61.74	31.4	97.53	52.33	99.9	53.34	48.8	18.68	104.96	74.2	79.31	91.93	35.47	29.15	47.8	68.41	54.92	90.01	71.87	95.35	81.93	73.68	109.81	90.01	57.78	88.68	65.8	92.01	48.6	64.88	85.28	105.6	10.63	36.88	81.1	48.66	92.59	73.03	12.08	89.27	66.37	44.94	86.33	72.11
2	35.11	66.37	0.0	68.45	66.31	57.71	26.08	20.59	50.96	22.47	57.43	58.52	62.97	27.78	67.23	35.23	7.07	43.17	34.13	30.02	45.88	36.25	34.48	50.33	43.83	24.84	59.68	75.6	42.52	48.04	52.77	56.08	13.0	57.0	47.42	41.77	20.88	11.0	73.11	24.74	19.03	36.24	36.69	7.62	63.57	24.74	62.97	28.43	46.07	49.5	48.92	65.0	60.21	59.77	59.67	64.85	18.6	71.03	39.4	11.4	55.04	52.01	0.0	52.2	32.31	6.71
3	96.54	117.41	68.45	0.0	96.93	111.52	85.33	89.0	91.59	69.31	121.66	96.18	96.66	96.15	91.39	42.64	70.83	27.59	80.0	86.31	48.85	104.69	102.69	87.82	24.7	66.48	20.22	90.43	69.84	100.12	15.81	50.99	64.03	29.43	83.35	88.41	74.41	58.67	86.31	68.18	51.31	85.01	98.66	62.97	8.25	68.18	73.76	80.31	54.23	25.55	72.5	68.73	41.11	12.08	115.52	93.05	74.33	89.5	29.07	74.33	105.6	29.73	68.45	77.47	36.24	68.95
4	47.2	33.38	66.31	96.93	0.0	35.23	89.04	67.36	16.97	44.27	60.64	10.3	4.47	68.62	8.54	57.71	59.51	72.78	100.18	41.11	48.1	74.81	77.99	16.12	82.04	43.17	77.39	20.02	29.07	30.87	87.56	47.71	78.43	68.43	18.97	26.91	45.62	62.82	21.59	90.82	62.39	101.6	94.37	71.78	88.77	90.82	26.91	93.94	42.72	71.78	24.74	34.06	59.08	84.86	40.11	4.24	84.53	15.3	77.65	76.48	28.64	67.23	66.31	19.65	73.11	73.01
5	24.19	9.22	57.71	111.52	35.23	0.0	72.18	47.85	24.35	43.42	26.0	26.02	31.06	45.54	43.01	68.88	50.99	84.2	86.47	28.16	66.22	48.37	52.77	28.79	90.74	45.49	94.76	55.08	44.65	11.4	98.47	70.83	70.58	87.21	32.2	23.35	39.92	60.41	56.01	81.06	64.4	86.15	72.8	65.12	104.14	81.06	56.75	79.51	61.61	86.37	45.62	63.6	81.54	99.9	5.1	38.01	72.03	50.01	85.76	64.0	7.28	84.17	57.71	42.72	79.26	63.29
6	48.05	81.39	26.08	85.33	89.04	72.18	0.0	24.33	72.56	47.38	61.98	80.13	85.23	28.07	91.21	59.77	31.14	64.12	15.52	48.75	71.59	31.02	26.4	72.95	61.29	50.33	81.15	100.5	67.94	65.15	69.72	81.86	22.02	80.23	70.8	62.65	44.05	35.85	98.29	18.87	43.01	14.04	13.34	25.96	82.3	18.87	88.73	8.94	72.07	71.34	74.28	91.02	85.07	79.1	72.44	88.23	11.05	95.67	58.03	14.76	71.84	75.13	26.08	77.1	52.04	20.62
7	23.77	57.07	20.59	89.0	67.36	47.85	24.33	0.0	50.45	31.32	39.92	57.8	63.25	7.21	70.77	53.34	19.24	63.25	39.0	26.25	61.29	15.81	15.0	51.62	64.41	35.17	79.31	81.22	50.99	41.23	73.36	70.86	29.21	75.66	50.33	40.46	26.0	30.68	79.63	36.06	38.6	38.33	27.02	27.02	83.93	36.06	72.01	32.0	60.02	69.12	56.82	75.77	77.03	80.06	48.17	67.18	25.96	76.06	59.93	19.24	47.76	70.86	20.59	58.52	52.8	21.93
8	30.53	27.02	50.96	91.59	16.97	24.35	72.56	50.45	0.0	30.07	47.04	7.62	12.81	51.66	21.93	49.66	43.97	65.31	84.31	24.21	43.93	58.01	61.07	4.47	73.39	30.07	73.41	33.84	22.02	16.03	80.11	47.2	63.56	65.19	8.49	10.0	30.08	49.09	33.73	75.69	50.25	85.43	77.47	57.07	83.76	75.69	32.56	77.88	38.9	66.04	21.63	39.29	58.26	79.61	29.41	17.49	68.71	28.46	68.62	60.54	17.09	62.8	50.96	18.38	63.06	57.57
9	27.78	50.7	22.47	69.31	44.27	43.42	47.38	31.32	30.07	0.0	53.0	37.34	41.23	36.35	44.78	27.46	16.28	41.73	56.6	17.03	31.14	45.18	45.89	28.64	47.43	4.0	54.71	53.26	20.62	32.2	55.44	40.05	34.18	48.85	25.3	22.36	6.08	19.03	50.93	46.62	21.19	58.6	55.76	27.51	62.48	46.62	41.62	50.8	29.07	45.22	26.91	44.72	47.52	58.26	46.87	42.54	41.05	48.6	42.44	33.42	38.63	44.72	22.47	29.83	35.85	29.15
10	25.24	32.2	57.43	121.66	60.64	26.0	61.98	39.92	47.04	53.0	0.0	50.8	56.29	34.21	67.9	80.45	52.5	94.2	77.47	36.24	82.08	32.0	37.0	51.0	98.35	56.44	107.7	80.06	62.82	31.02	106.96	88.89	68.48	101.53	53.15	41.44	47.43	64.38	80.5	75.96	70.77	75.66	58.03	64.9	115.21	75.96	79.1	70.61	78.43	98.18	65.76	85.38	98.43	111.02	21.95	62.97	65.79	74.81	93.43	59.09	32.02	97.62	57.43	64.2	86.31	60.9
11	37.01	26.0	58.52	96.18	10.3	26.02	80.13	57.8	7.62	37.34	50.8	0.0	5.83	58.69	17.12	55.03	51.55	70.58	91.92	31.62	47.71	64.66	67.94	9.06	79.12	37.01	77.39	29.27	26.4	20.62	85.44	49.5	71.06	68.82	13.34	17.49	37.64	56.32	30.0	83.24	57.04	93.04	84.81	64.54	88.19	83.24	31.78	85.49	42.44	70.66	24.21	38.91	60.83	84.12	31.06	12.17	76.32	24.08	74.46	68.15	19.03	66.89	58.52	19.8	69.23	65.15
12	42.8	29.83	62.97	96.66	4.47	31.06	85.23	63.25	12.81	41.23	56.29	5.83	0.0	64.35	12.04	56.52	56.08	71.84	96.66	37.01	47.85	70.43	73.66	12.65	80.81	40.45	77.41	24.02	27.66	26.4	86.68	48.41	75.29	68.6	16.12	22.8	42.15	60.02	25.18	87.6	60.07	97.95	90.27	68.68	88.57	87.6	28.84	90.34	42.49	71.31	24.17	36.06	59.82	84.58	36.01	7.07	81.02	19.03	76.3	72.92	24.33	67.08	62.97	19.24	71.45	69.64
13	22.47	54.71	27.78	96.15	68.62	45.54	28.07	7.21	51.66	36.35	34.21	58.69	64.35	0.0	72.8	59.84	25.96	70.23	43.42	28.02	67.03	9.06	9.85	53.41	71.59	40.31	86.13	83.76	55.03	40.5	80.53	76.32	36.12	82.2	52.7	41.87	30.59	37.7	82.49	42.05	45.54	42.01	27.31	34.21	91.0	42.05	75.77	36.5	65.38	75.96	60.54	80.01	83.02	87.09	45.12	68.88	31.78	78.49	67.08	25.81	46.53	77.47	27.78	61.72	59.93	29.0
14	52.35	41.77	67.23	91.39	8.54	43.01	91.21	70.77	21.93	44.78	67.9	17.12	12.04	72.8	0.0	54.01	60.75	68.47	101.36	44.82	42.95	79.61	82.42	19.42	78.16	42.95	71.51	12.17	26.68	37.36	83.02	41.15	78.72	62.39	20.52	31.06	47.2	62.39	13.15	91.24	60.88	103.17	97.58	72.01	83.17	91.24	19.21	95.41	37.66	66.71	21.1	26.17	52.35	79.4	48.0	5.0	85.76	7.0	74.03	77.94	36.12	61.68	67.23	16.28	70.11	73.93
15	55.23	74.89	35.23	42.64	57.71	68.88	59.77	53.34	49.66	27.46	80.45	55.03	56.52	59.84	54.01	0.0	34.13	15.65	62.43	44.41	14.42	68.88	68.26	46.24	24.33	24.21	27.29	57.07	28.86	57.49	30.46	24.04	38.91	22.36	41.79	45.8	33.12	24.33	53.37	49.65	16.76	66.24	71.59	33.84	35.36	49.65	40.52	59.03	18.03	17.8	33.14	38.91	25.3	31.11	72.92	54.33	49.77	54.33	20.02	45.35	63.01	17.72	35.23	38.21	16.76	39.29
16	29.07	59.54	7.07	70.83	59.51	50.99	31.14	19.24	43.97	16.28	52.5	51.55	56.08	25.96	60.75	34.13	0.0	44.38	40.71	23.09	42.95	34.93	34.13	43.46	46.62	19.21	60.17	69.53	36.8	41.11	55.47	52.89	20.02	56.44	40.71	34.71	13.93	12.21	67.21	31.78	19.7	42.44	40.25	14.14	65.31	31.78	57.63	34.67	42.38	50.0	43.14	60.21	58.22	61.33	53.16	58.18	25.06	64.82	41.88	17.2	48.09	51.62	7.07	46.1	34.67	13.6
17	69.03	90.43	43.17	27.59	72.78	84.2	64.12	63.25	65.31	41.73	94.2	70.58	71.84	70.23	68.47	15.65	44.38	0.0	62.94	58.73	26.02	79.06	77.62	61.85	10.44	38.95	17.03	70.11	44.27	72.8	14.87	32.57	42.11	18.03	57.38	61.29	46.86	32.57	66.19	50.0	24.7	67.45	77.01	39.12	21.1	50.0	53.15	61.19	31.02	7.62	48.05	50.01	27.8	17.0	88.09	69.23	53.24	68.01	8.49	51.09	78.49	13.45	43.17	53.15	12.17	45.18
18	62.29	95.63	34.13	80.0	100.18	86.47	15.52	39.0	84.31	56.6	77.47	91.92	96.66	43.42	101.36	62.43	40.71	62.94	0.0	61.4	75.8	46.49	41.79	84.1	57.71	58.82	79.56	109.62	76.4	78.64	65.19	86.02	24.08	80.41	81.41	74.67	54.56	41.01	107.0	13.0	46.4	5.1	24.76	30.41	78.41	13.0	96.33	7.0	77.34	70.52	82.8	97.59	87.24	75.8	87.09	98.88	15.65	105.12	55.54	23.77	85.51	75.39	34.13	86.27	50.92	27.46
19	11.4	36.5	30.02	86.31	41.11	28.16	48.75	26.25	24.21	17.03	36.24	31.62	37.01	28.02	44.82	44.41	23.09	58.73	61.4	0.0	46.17	35.34	37.74	25.5	64.03	20.25	71.56	55.76	29.07	18.03	72.25	53.76	43.01	65.3	24.7	14.21	12.21	32.31	54.59	54.23	36.89	62.03	53.26	37.22	79.51	54.23	48.76	54.71	42.95	62.2	33.73	53.76	62.64	75.29	30.87	41.04	46.1	50.48	59.03	37.85	25.02	61.4	30.02	34.18	52.2	36.06
20	57.57	70.71	45.88	48.85	48.1	66.22	71.59	61.29	43.93	31.14	82.08	47.71	47.85	67.03	42.95	14.42	42.95	26.02	75.8	46.17	0.0	76.01	76.24	39.82	36.22	27.17	29.68	44.1	21.93	55.22	40.2	10.3	51.87	21.26	35.47	43.01	37.22	35.78	40.2	63.25	29.41	79.32	82.54	46.14	40.72	63.25	27.17	71.87	5.39	23.77	23.71	24.7	16.49	36.77	70.8	44.27	62.27	42.05	32.76	56.86	59.55	19.24	45.88	28.64	30.87	50.99
21	27.66	57.25	36.25	104.69	74.81	48.37	31.02	15.81	58.01	45.18	32.0	64.66	70.43	9.06	79.61	68.88	34.93	79.06	46.49	35.34	76.01	0.0	5.0	60.21	80.06	49.16	95.08	90.92	63.32	45.28	89.0	85.21	43.28	91.24	59.94	48.55	39.32	46.49	89.89	47.43	54.41	44.15	26.08	42.19	99.72	47.43	83.82	39.92	74.24	84.9	68.62	88.32	92.05	95.86	47.01	75.45	37.2	85.59	75.64	32.56	50.61	86.49	36.25	69.46	68.54	36.62
22	31.14	61.74	34.48	102.69	77.99	52.77	26.4	15.0	61.07	45.89	37.0	67.94	73.66	9.85	82.42	68.26	34.13	77.62	41.79	37.74	76.24	5.0	0.0	63.01	78.0	49.82	93.94	93.49	64.85	49.04	86.93	85.71	40.22	90.55	62.43	51.4	40.26	45.12	92.28	43.42	53.15	39.29	21.1	39.81	98.03	43.42	85.62	35.34	74.81	83.74	70.38	89.81	92.02	94.25	51.62	78.41	33.3	88.2	73.74	29.41	54.64	85.71	34.48	71.55	66.73	34.0
23	33.11	31.4	50.33	87.82	16.12	28.79	72.95	51.62	4.47	28.64	51.0	9.06	12.65	53.41	19.42	46.24	43.46	61.85	84.1	25.5	39.82	60.21	63.01	0.0	70.21	28.07	69.4	30.87	18.03	20.02	76.69	42.8	62.64	61.07	4.47	11.66	29.55	47.52	30.36	74.95	48.01	85.48	78.57	56.04	79.92	74.95	28.28	77.83	34.71	62.27	17.2	34.93	53.91	75.8	33.84	15.56	68.45	25.5	65.52	60.37	21.54	58.82	50.33	13.93	60.21	57.01
24	73.55	97.53	43.83	24.7	82.04	90.74	61.29	64.41	73.39	47.43	98.35	79.12	80.81	71.59	78.16	24.33	46.62	10.44	57.71	64.03	36.22	80.06	78.0	70.21	0.0	45.28	22.83	80.31	53.15	79.4	8.94	43.01	39.62	26.91	65.8	68.43	51.86	34.41	76.42	45.18	27.59	62.51	74.55	38.28	21.02	45.18	63.39	57.04	41.05	16.4	57.43	60.42	37.74	18.11	94.3	78.64	50.25	78.03	5.0	49.73	85.48	23.02	43.83	62.51	12.04	44.27
25	31.3	52.33	24.84	66.48	43.17	45.49	50.33	35.17	30.07	4.0	56.44	37.01	40.45	40.31	42.95	24.21	19.21	38.95	58.82	20.25	27.17	49.16	49.82	28.07	45.28	0.0	51.31	50.8	17.69	34.13	53.01	36.06	35.78	45.19	24.33	23.41	10.05	19.65	48.27	48.3	20.22	61.07	59.17	29.07	59.46	48.3	38.42	53.26	25.08	42.01	24.08	41.18	43.57	55.23	49.2	41.11	43.42	46.32	40.31	36.07	40.25	41.18	24.84	27.46	34.01	31.4
26	82.49	99.9	59.68	20.22	77.39	94.76	81.15	79.31	73.41	54.71	107.7	77.39	77.41	86.13	71.51	27.29	60.17	17.03	79.56	71.56	29.68	95.08	93.94	69.4	22.83	51.31	0.0	70.21	51.4	83.49	19.21	30.81	59.14	9.22	65.0	71.42	60.42	48.84	66.1	66.71	40.79	84.17	94.02	56.04	12.04	66.71	53.6	78.09	34.99	10.2	53.34	48.51	21.0	9.22	99.09	73.41	70.26	69.38	24.04	68.03	88.41	10.63	59.68	58.18	29.15	62.07
27	63.98	53.34	75.6	90.43	20.02	55.08	100.5	81.22	33.84	53.26	80.06	29.27	24.02	83.76	12.17	57.07	69.53	70.11	109.62	55.76	44.1	90.92	93.49	30.87	80.31	50.8	70.21	0.0	33.29	49.48	84.01	39.46	86.28	61.0	31.06	42.49	56.57	69.46	4.12	98.79	66.71	111.83	107.71	79.61	82.2	98.79	17.0	104.02	39.32	67.07	26.93	21.84	49.73	78.77	60.03	17.12	94.2	5.39	76.66	86.68	48.26	61.29	75.6	23.43	73.76	82.2
28	40.01	48.8	42.52	69.84	29.07	44.65	67.94	50.99	22.02	20.62	62.82	26.4	27.66	55.03	26.68	28.86	36.8	44.27	76.4	29.07	21.93	63.32	64.85	18.03	53.15	17.69	51.4	33.29	0.0	34.0	59.14	26.4	53.0	43.19	13.6	21.93	25.06	36.24	30.61	65.51	34.21	78.75	76.28	46.32	61.91	65.51	21.1	70.94	17.03	44.29	6.4	25.0	36.89	57.8	49.4	26.02	61.07	29.07	48.66	53.76	37.8	40.8	42.52	10.44	44.05	49.04
29	18.03	18.68	48.04	100.12	30.87	11.4	65.15	41.23	16.03	32.2	31.02	20.62	26.4	40.5	37.36	57.49	41.11	72.8	78.64	18.03	55.22	45.28	49.04	20.02	79.4	34.13	83.49	49.48	34.0	0.0	87.09	60.37	61.03	76.06	22.56	12.21	29.12	49.73	49.65	72.11	53.31	78.85	67.6	55.23	92.76	72.11	48.26	71.81	50.77	75.01	35.74	54.74	70.83	88.53	15.62	32.57	63.64	44.15	74.43	55.44	7.0	72.92	48.04	33.54	68.0	54.01
30	82.04	104.96	52.77	15.81	87.56	98.47	69.72	73.36	80.11	55.44	106.96	85.44	86.68	80.53	83.02	30.46	55.47	14.87	65.19	72.25	40.2	89.0	86.93	76.69	8.94	53.01	19.21	84.01	59.14	87.09	0.0	45.28	48.27	26.0	72.24	75.8	60.14	43.27	80.0	53.0	36.24	70.11	83.02	47.17	13.34	53.0	67.01	65.03	45.4	17.12	62.82	63.2	37.95	11.66	102.2	83.95	58.69	82.22	13.6	58.52	92.96	23.54	52.77	67.91	20.81	53.14
31	65.12	74.2	56.08	50.99	47.71	70.83	81.86	70.86	47.2	40.05	88.89	49.5	48.41	76.32	41.15	24.04	52.89	32.57	86.02	53.76	10.3	85.21	85.71	42.8	43.01	36.06	30.81	39.46	26.4	60.37	45.28	0.0	62.13	21.59	38.83	48.33	46.01	46.07	35.36	73.41	39.66	89.59	92.7	56.44	42.76	73.41	22.8	82.15	11.0	28.16	25.61	18.0	11.4	39.32	75.66	43.57	72.56	38.6	40.31	67.12	63.81	22.0	56.08	29.7	39.66	61.27
32	47.54	79.31	13.0	64.03	78.43	70.58	22.02	29.21	63.56	34.18	68.48	71.06	75.29	36.12	78.72	38.91	20.02	42.11	24.08	43.01	51.87	43.28	40.22	62.64	39.62	35.78	59.14	86.28	53.0	61.03	48.27	62.13	0.0	58.46	59.46	54.59	33.54	17.03	83.49	12.53	22.47	27.46	35.06	6.71	60.53	12.53	72.47	20.12	53.26	49.37	59.36	73.54	64.08	57.22	72.37	76.69	11.18	81.99	36.12	10.82	68.03	53.37	13.0	63.13	30.02	7.62
33	76.49	91.93	57.0	29.43	68.43	87.21	80.23	75.66	65.19	48.85	101.53	68.82	68.6	82.2	62.39	22.36	56.44	18.03	80.41	65.3	21.26	91.24	90.55	61.07	26.91	45.19	9.22	61.0	43.19	76.06	26.0	21.59	58.46	0.0	56.73	63.89	54.78	46.0	56.89	67.42	38.01	84.76	92.66	54.45	21.21	67.42	44.38	78.16	26.4	10.63	44.65	39.32	12.17	18.0	91.68	64.4	69.63	60.17	26.4	66.37	80.66	5.1	57.0	49.4	29.55	60.3
34	33.53	35.47	47.42	83.35	18.97	32.2	70.8	50.33	8.49	25.3	53.15	13.34	16.12	52.7	20.52	41.79	40.71	57.38	81.41	24.7	35.47	59.94	62.43	4.47	65.8	24.33	65.0	31.06	13.6	22.56	72.24	38.83	59.46	56.73	0.0	12.17	26.93	43.93	29.97	71.87	44.01	83.01	77.08	52.81	75.47	71.87	26.0	75.29	30.41	57.8	13.42	32.25	49.82	71.34	37.16	17.49	65.76	25.81	61.13	57.8	25.06	54.41	47.42	11.05	55.9	54.13
35	21.54	29.15	41.77	88.41	26.91	23.35	62.65	40.46	10.0	22.36	41.44	17.49	22.8	41.87	31.06	45.8	34.71	61.29	74.67	14.21	43.01	48.55	51.4	11.66	68.43	23.41	71.42	42.49	21.93	12.21	75.8	48.33	54.59	63.89	12.17	0.0	21.1	41.11	41.79	66.49	43.42	75.64	67.48	48.26	80.92	66.49	38.05	68.15	38.59	63.13	24.33	44.05	58.67	76.69	27.8	27.02	59.14	37.12	63.51	50.92	17.2	60.83	41.77	23.02	57.38	48.27
36	22.2	47.8	20.88	74.41	45.62	39.92	44.05	26.0	30.08	6.08	47.43	37.64	42.15	30.59	47.2	33.12	13.93	46.86	54.56	12.21	37.22	39.32	40.26	29.55	51.86	10.05	60.42	56.57	25.06	29.12	60.14	46.01	33.54	54.78	26.93	21.1	0.0	20.62	54.56	45.61	24.7	56.08	51.4	27.17	67.8	45.61	46.14	48.37	35.01	50.77	31.06	49.77	53.6	63.6	42.94	44.42	38.91	51.66	46.86	30.89	35.9	50.57	20.88	33.3	40.0	27.51
37	40.22	68.41	11.0	58.67	62.82	60.41	35.85	30.68	49.09	19.03	64.38	56.32	60.02	37.7	62.39	24.33	12.21	32.57	41.01	32.31	35.78	46.49	45.12	47.52	34.41	19.65	48.84	69.46	36.24	49.73	43.27	46.07	17.03	46.0	43.93	41.11	20.62	0.0	66.57	29.41	8.06	44.05	47.3	10.63	53.31	29.41	55.44	36.4	36.62	38.64	42.54	56.59	49.48	49.4	63.16	60.73	26.63	65.3	29.68	21.19	56.52	41.01	11.0	46.52	22.47	15.23
38	63.32	54.92	73.11	86.31	21.59	56.01	98.29	79.63	33.73	50.93	80.5	30.0	25.18	82.49	13.15	53.37	67.21	66.19	107.0	54.59	40.2	89.89	92.28	30.36	76.42	48.27	66.1	4.12	30.61	49.65	80.0	35.36	83.49	56.89	29.97	41.79	54.56	66.57	0.0	95.96	63.51	109.34	105.89	76.84	78.09	95.96	13.04	101.53	35.51	63.03	24.21	17.72	45.61	74.67	61.03	18.11	91.68	6.32	72.84	84.29	49.01	57.22	73.11	21.26	70.09	79.65
39	57.31	90.01	24.74	68.18	90.82	81.06	18.87	36.06	75.69	46.62	75.96	83.24	87.6	42.05	91.24	49.65	31.78	50.0	13.0	54.23	63.25	47.43	43.42	74.95	45.18	48.3	66.71	98.79	65.51	72.11	53.0	73.41	12.53	67.42	71.87	66.49	45.61	29.41	95.96	0.0	33.97	17.46	31.78	19.24	66.07	0.0	84.81	12.17	65.07	57.57	71.87	85.63	74.3	63.29	82.39	89.16	10.3	94.51	42.76	17.26	79.1	62.39	24.74	75.66	37.95	18.25
40	46.01	71.87	19.03	51.31	62.39	64.4	43.01	38.6	50.25	21.19	70.77	57.04	60.07	45.54	60.88	16.76	19.7	24.7	46.4	36.89	29.41	54.41	53.15	48.01	27.59	20.22	40.79	66.71	34.21	53.31	36.24	39.66	22.47	38.01	44.01	43.42	24.7	8.06	63.51	33.97	0.0	49.93	54.92	17.09	45.62	33.97	51.62	42.54	31.11	30.59	40.16	51.86	42.06	41.63	67.6	59.84	33.11	62.97	22.67	28.64	59.81	33.0	19.03	44.64	15.56	22.56
41	61.98	95.35	36.24	85.01	101.6	86.15	14.04	38.33	85.43	58.6	75.66	93.04	97.95	42.01	103.17	66.24	42.44	67.45	5.1	62.03	79.32	44.15	39.29	85.48	62.51	61.07	84.17	111.83	78.75	78.85	70.11	89.59	27.46	84.76	83.01	75.64	56.08	44.05	109.34	17.46	49.93	0.0	20.81	33.42	83.29	17.46	99.01	7.81	80.6	75.0	85.15	100.57	91.24	80.62	86.47	100.5	17.69	107.2	60.21	25.24	85.62	79.71	36.24	88.41	55.36	29.73
42	49.65	81.93	36.69	98.66	94.37	72.8	13.34	27.02	77.47	55.76	58.03	84.81	90.27	27.31	97.58	71.59	40.25	77.01	24.76	53.26	82.54	26.08	21.1	78.57	74.55	59.17	94.02	107.71	76.28	67.6	83.02	92.7	35.06	92.66	77.08	67.48	51.4	47.3	105.89	31.78	54.92	20.81	0.0	38.21	95.52	31.78	97.35	20.25	82.46	84.1	82.42	100.34	96.77	92.27	72.12	94.11	24.33	102.65	71.18	26.31	73.79	87.57	36.69	84.65	65.01	32.39
43	42.72	73.68	7.62	62.97	71.78	65.12	25.96	27.02	57.07	27.51	64.9	64.54	68.68	34.21	72.01	33.84	14.14	39.12	30.41	37.22	46.14	42.19	39.81	56.04	38.28	29.07	56.04	79.61	46.32	55.23	47.17	56.44	6.71	54.45	52.81	48.26	27.17	10.63	76.84	19.24	17.09	33.42	38.21	0.0	58.69	19.24	65.95	25.81	47.2	46.0	52.7	67.21	59.14	55.11	67.19	70.01	16.12	75.29	34.21	12.0	62.2	49.37	7.62	56.44	27.46	6.08
44	90.0	109.81	63.57	8.25	88.77	104.14	82.3	83.93	83.76	62.48	115.21	88.19	88.57	91.0	83.17	35.36	65.31	21.1	78.41	79.51	40.72	99.72	98.03	79.92	21.02	59.46	12.04	82.2	61.91	92.76	13.34	42.76	60.53	21.21	75.47	80.92	67.8	53.31	78.09	66.07	45.62	83.29	95.52	58.69	0.0	66.07	65.51	78.01	46.1	17.8	64.4	60.53	33.02	4.24	108.25	84.86	71.25	81.25	24.52	70.41	98.08	21.54	63.57	69.35	31.32	64.76
45	57.31	90.01	24.74	68.18	90.82	81.06	18.87	36.06	75.69	46.62	75.96	83.24	87.6	42.05	91.24	49.65	31.78	50.0	13.0	54.23	63.25	47.43	43.42	74.95	45.18	48.3	66.71	98.79	65.51	72.11	53.0	73.41	12.53	67.42	71.87	66.49	45.61	29.41	95.96	0.0	33.97	17.46	31.78	19.24	66.07	0.0	84.81	12.17	65.07	57.57	71.87	85.63	74.3	63.29	82.39	89.16	10.3	94.51	42.76	17.26	79.1	62.39	24.74	75.66	37.95	18.25
46	58.86	57.78	62.97	73.76	26.91	56.75	88.73	72.01	32.56	41.62	79.1	31.78	28.84	75.77	19.21	40.52	57.63	53.15	96.33	48.76	27.17	83.82	85.62	28.28	63.39	38.42	53.6	17.0	21.1	48.26	67.01	22.8	72.47	44.38	26.0	38.05	46.14	55.44	13.04	84.81	51.62	99.01	97.35	65.95	65.51	84.81	0.0	91.22	22.56	50.09	15.23	7.21	33.62	61.98	61.85	22.67	81.32	15.81	59.84	74.33	49.48	44.41	62.97	15.03	57.28	69.3
47	55.33	88.68	28.43	80.31	93.94	79.51	8.94	32.0	77.88	50.8	70.61	85.49	90.34	36.5	95.41	59.03	34.67	61.19	7.0	54.71	71.87	39.92	35.34	77.83	57.04	53.26	78.09	104.02	70.94	71.81	65.03	82.15	20.12	78.16	75.29	68.15	48.37	36.4	101.53	12.17	42.54	7.81	20.25	25.81	78.01	12.17	91.22	0.0	73.01	68.66	77.34	92.85	84.17	75.11	80.1	92.78	9.9	99.4	54.33	17.49	78.64	73.08	28.43	80.6	49.03	21.93
48	54.34	65.8	46.07	54.23	42.72	61.61	72.07	60.02	38.9	29.07	78.43	42.44	42.49	65.38	37.66	18.03	42.38	31.02	77.34	42.95	5.39	74.24	74.81	34.71	41.05	25.08	34.99	39.32	17.03	50.77	45.4	11.0	53.26	26.4	30.41	38.59	35.01	36.62	35.51	65.07	31.11	80.6	82.46	47.2	46.1	65.07	22.56	73.01	0.0	29.12	18.36	21.1	20.12	42.15	66.29	38.9	63.25	37.0	37.34	57.31	54.82	24.6	46.07	23.26	34.79	51.62
49	72.95	92.01	49.5	25.55	71.78	86.37	71.34	69.12	66.04	45.22	98.18	70.66	71.31	75.96	66.71	17.8	50.0	7.62	70.52	62.2	23.77	84.9	83.74	62.27	16.4	42.01	10.2	67.07	44.29	75.01	17.12	28.16	49.37	10.63	57.8	63.13	50.77	38.64	63.03	57.57	30.59	75.0	84.1	46.0	17.8	57.57	50.09	68.66	29.12	0.0	47.17	46.1	21.47	13.6	90.52	68.01	60.53	65.49	15.81	58.0	80.28	6.71	49.5	52.2	19.65	52.01
50	44.18	48.6	48.92	72.5	24.74	45.62	74.28	56.82	21.63	26.91	65.76	24.21	24.17	60.54	21.1	33.14	43.14	48.05	82.8	33.73	23.71	68.62	70.38	17.2	57.43	24.08	53.34	26.93	6.4	35.74	62.82	25.61	59.36	44.65	13.42	24.33	31.06	42.54	24.21	71.87	40.16	85.15	82.42	52.7	64.4	71.87	15.23	77.34	18.36	47.17	0.0	20.1	36.8	60.42	50.57	21.21	67.48	22.85	53.15	60.14	38.47	42.94	48.92	5.1	49.04	55.44
51	64.28	64.88	65.0	68.73	34.06	63.6	91.02	75.77	39.29	44.72	85.38	38.91	36.06	80.01	26.17	38.91	60.21	50.01	97.59	53.76	24.7	88.32	89.81	34.93	60.42	41.18	48.51	21.84	25.0	54.74	63.2	18.0	73.54	39.32	32.25	44.05	49.77	56.59	17.72	85.63	51.86	100.57	100.34	67.21	60.53	85.63	7.21	92.85	21.1	46.1	20.1	0.0	27.89	57.22	68.68	29.83	82.98	21.95	57.28	76.4	56.32	40.0	65.0	21.21	55.54	71.06
52	74.04	85.28	60.21	41.11	59.08	81.54	85.07	77.03	58.26	47.52	98.43	60.83	59.82	83.02	52.35	25.3	58.22	27.8	87.24	62.64	16.49	92.05	92.02	53.91	37.74	43.57	21.0	49.73	36.89	70.83	37.95	11.4	64.08	12.17	49.82	58.67	53.6	49.48	45.61	74.3	42.06	91.24	96.77	59.14	33.02	74.3	33.62	84.17	20.12	21.47	36.8	27.89	0.0	30.07	86.28	54.92	75.03	49.4	36.24	70.6	74.63	14.76	60.21	41.04	37.64	64.56
53	85.8	105.6	59.77	12.08	84.86	99.9	79.1	80.06	79.61	58.26	111.02	84.12	84.58	87.09	79.4	31.11	61.33	17.0	75.8	75.29	36.77	95.86	94.25	75.8	18.11	55.23	9.22	78.77	57.8	88.53	11.66	39.32	57.22	18.0	71.34	76.69	63.6	49.4	74.67	63.29	41.63	80.62	92.27	55.11	4.24	63.29	61.98	75.11	42.15	13.6	60.42	57.22	30.07	0.0	104.0	80.99	68.07	77.67	21.1	66.91	93.86	17.72	59.77	65.39	27.66	61.19
54	25.08	10.63	59.67	115.52	40.11	5.1	72.44	48.17	29.41	46.87	21.95	31.06	36.01	45.12	48.0	72.92	53.16	88.09	87.09	30.87	70.8	47.01	51.62	33.84	94.3	49.2	99.09	60.03	49.4	15.62	102.2	75.66	72.37	91.68	37.16	27.8	42.94	63.16	61.03	82.39	67.6	86.47	72.12	67.19	108.25	82.39	61.85	80.1	66.29	90.52	50.57	68.68	86.28	104.0	0.0	43.0	73.06	55.0	89.31	65.19	12.37	88.53	59.67	47.76	82.68	64.94
55	48.02	36.88	64.85	93.05	4.24	38.01	88.23	67.18	17.49	42.54	62.97	12.17	7.07	68.88	5.0	54.33	58.18	69.23	98.88	41.04	44.27	75.45	78.41	15.56	78.64	41.11	73.41	17.12	26.02	32.57	83.95	43.57	76.69	64.4	17.49	27.02	44.42	60.73	18.11	89.16	59.84	100.5	94.11	70.01	84.86	89.16	22.67	92.78	38.9	68.01	21.21	29.83	54.92	80.99	43.0	0.0	83.24	12.0	74.33	75.29	31.14	63.32	64.85	16.12	70.01	71.55
56	48.01	81.1	18.6	74.33	84.53	72.03	11.05	25.96	68.71	41.05	65.79	76.32	81.02	31.78	85.76	49.77	25.06	53.24	15.65	46.1	62.27	37.2	33.3	68.45	50.25	43.42	70.26	94.2	61.07	63.64	58.69	72.56	11.18	69.63	65.76	59.14	38.91	26.63	91.68	10.3	33.11	17.69	24.33	16.12	71.25	10.3	81.32	9.9	63.25	60.53	67.48	82.98	75.03	68.07	73.06	83.24	0.0	89.63	47.01	8.25	70.58	64.54	18.6	70.8	41.11	12.04
57	58.6	48.66	71.03	89.5	15.3	50.01	95.67	76.06	28.46	48.6	74.81	24.08	19.03	78.49	7.0	54.33	64.82	68.01	105.12	50.48	42.05	85.59	88.2	25.5	78.03	46.32	69.38	5.39	29.07	44.15	82.22	38.6	81.99	60.17	25.81	37.12	51.66	65.3	6.32	94.51	62.97	107.2	102.65	75.29	81.25	94.51	15.81	99.4	37.0	65.49	22.85	21.95	49.4	77.67	55.0	12.0	89.63	0.0	74.17	82.01	43.1	60.02	71.03	18.87	70.86	77.67
58	68.59	92.59	39.4	29.07	77.65	85.76	58.03	59.93	68.62	42.44	93.43	74.46	76.3	67.08	74.03	20.02	41.88	8.49	55.54	59.03	32.76	75.64	73.74	65.52	5.0	40.31	24.04	76.66	48.66	74.43	13.6	40.31	36.12	26.4	61.13	63.51	46.86	29.68	72.84	42.76	22.67	60.21	71.18	34.21	24.52	42.76	59.84	54.33	37.34	15.81	53.15	57.28	36.24	21.1	89.31	74.33	47.01	74.17	0.0	45.89	80.53	21.93	39.4	58.22	7.21	40.26
59	40.11	73.03	11.4	74.33	76.48	64.0	14.76	19.24	60.54	33.42	59.09	68.15	72.92	25.81	77.94	45.35	17.2	51.09	23.77	37.85	56.86	32.56	29.41	60.37	49.73	36.07	68.03	86.68	53.76	55.44	58.52	67.12	10.82	66.37	57.8	50.92	30.89	21.19	84.29	17.26	28.64	25.24	26.31	12.0	70.41	17.26	74.33	17.49	57.31	58.0	60.14	76.4	70.6	66.91	65.19	75.29	8.25	82.01	45.89	0.0	62.39	61.29	11.4	63.25	39.32	6.08
60	24.17	12.08	55.04	105.6	28.64	7.28	71.84	47.76	17.09	38.63	32.02	19.03	24.33	46.53	36.12	63.01	48.09	78.49	85.51	25.02	59.55	50.61	54.64	21.54	85.48	40.25	88.41	48.26	37.8	7.0	92.96	63.81	68.03	80.66	25.06	17.2	35.9	56.52	49.01	79.1	59.81	85.62	73.79	62.2	98.08	79.1	49.48	78.64	54.82	80.28	38.47	56.32	74.63	93.86	12.37	31.14	70.58	43.1	80.53	62.39	0.0	77.79	55.04	35.47	74.25	61.01
61	72.47	89.27	52.01	29.73	67.23	84.17	75.13	70.86	62.8	44.72	97.62	66.89	67.08	77.47	61.68	17.72	51.62	13.45	75.39	61.4	19.24	86.49	85.71	58.82	23.02	41.18	10.63	61.29	40.8	72.92	23.54	22.0	53.37	5.1	54.41	60.83	50.57	41.01	57.22	62.39	33.0	79.71	87.57	49.37	21.54	62.39	44.41	73.08	24.6	6.71	42.94	40.0	14.76	17.72	88.53	63.32	64.54	60.02	21.93	61.29	77.79	0.0	52.01	47.85	24.6	55.23
62	35.11	66.37	0.0	68.45	66.31	57.71	26.08	20.59	50.96	22.47	57.43	58.52	62.97	27.78	67.23	35.23	7.07	43.17	34.13	30.02	45.88	36.25	34.48	50.33	43.83	24.84	59.68	75.6	42.52	48.04	52.77	56.08	13.0	57.0	47.42	41.77	20.88	11.0	73.11	24.74	19.03	36.24	36.69	7.62	63.57	24.74	62.97	28.43	46.07	49.5	48.92	65.0	60.21	59.77	59.67	64.85	18.6	71.03	39.4	11.4	55.04	52.01	0.0	52.2	32.31	6.71
63	43.93	44.94	52.2	77.47	19.65	42.72	77.1	58.52	18.38	29.83	64.2	19.8	19.24	61.72	16.28	38.21	46.1	53.15	86.27	34.18	28.64	69.46	71.55	13.93	62.51	27.46	58.18	23.43	10.44	33.54	67.91	29.7	63.13	49.4	11.05	23.02	33.3	46.52	21.26	75.66	44.64	88.41	84.65	56.44	69.35	75.66	15.03	80.6	23.26	52.2	5.1	21.21	41.04	65.39	47.76	16.12	70.8	18.87	58.22	63.25	35.47	47.85	52.2	0.0	54.01	58.82
64	61.55	86.33	32.31	36.24	73.11	79.26	52.04	52.8	63.06	35.85	86.31	69.23	71.45	59.93	70.11	16.76	34.67	12.17	50.92	52.2	30.87	68.54	66.73	60.21	12.04	34.01	29.15	73.76	44.05	68.0	20.81	39.66	30.02	29.55	55.9	57.38	40.0	22.47	70.09	37.95	15.56	55.36	65.01	27.46	31.32	37.95	57.28	49.03	34.79	19.65	49.04	55.54	37.64	27.66	82.68	70.01	41.11	70.86	7.21	39.32	74.25	24.6	32.31	54.01	0.0	33.54
65	40.02	72.11	6.71	68.95	73.01	63.29	20.62	21.93	57.57	29.15	60.9	65.15	69.64	29.0	73.93	39.29	13.6	45.18	27.46	36.06	50.99	36.62	34.0	57.01	44.27	31.4	62.07	82.2	49.04	54.01	53.14	61.27	7.62	60.3	54.13	48.27	27.51	15.23	79.65	18.25	22.56	29.73	32.39	6.08	64.76	18.25	69.3	21.93	51.62	52.01	55.44	71.06	64.56	61.19	64.94	71.55	12.04	77.67	40.26	6.08	61.01	55.23	6.71	58.82	33.54	0.0
;
