set K:= 1	2	3	4	5	6	7	8	9;
set C_H:= 1	2	3	4	5	6	7	8	9	10	11	12	13	14	15	16	17	18	19	20	21;
set C_S:= 22	23	24	25	26	27	28	29	30	31	32	33	34	35	36	37	38	39	40;
set C_F:= 41	42	43	44	45	46	47	48	49	50	51	52	53	54	55	56	57	58	59;
set M:= 60	61;
set M_B:= 62	63;
set L_B:= 64	65	66	67	68	69	70	71	72;
set A1:=
(0,*) 1 2 3 4 5 6 7 8 9 10 11 12 13 14 15 16 17 18 19 20 21 41 42 43 44 45 46 47 48 49 50 51 52 53 54 55 56 57 58 59 60 61 62 63 64 65 66 67 68 69 70 71 72
(1,*) 0 2 3 4 5 6 7 8 9 10 11 12 13 14 15 16 17 18 19 20 21 41 42 43 44 45 46 47 48 49 50 51 52 53 54 55 56 57 58 59 60 61 62 63 64 65 66 67 68 69 70 71 72
(2,*) 0 1 3 4 5 6 7 8 9 10 11 12 13 14 15 16 17 18 19 20 21 41 42 43 44 45 46 47 48 49 50 51 52 53 54 55 56 57 58 59 60 61 62 63 64 65 66 67 68 69 70 71 72
(3,*) 0 1 2 4 5 6 7 8 9 10 11 12 13 14 15 16 17 18 19 20 21 41 42 43 44 45 46 47 48 49 50 51 52 53 54 55 56 57 58 59 60 61 62 63 64 65 66 67 68 69 70 71 72
(4,*) 0 1 2 3 5 6 7 8 9 10 11 12 13 14 15 16 17 18 19 20 21 41 42 43 44 45 46 47 48 49 50 51 52 53 54 55 56 57 58 59 60 61 62 63 64 65 66 67 68 69 70 71 72
(5,*) 0 1 2 3 4 6 7 8 9 10 11 12 13 14 15 16 17 18 19 20 21 41 42 43 44 45 46 47 48 49 50 51 52 53 54 55 56 57 58 59 60 61 62 63 64 65 66 67 68 69 70 71 72
(6,*) 0 1 2 3 4 5 7 8 9 10 11 12 13 14 15 16 17 18 19 20 21 41 42 43 44 45 46 47 48 49 50 51 52 53 54 55 56 57 58 59 60 61 62 63 64 65 66 67 68 69 70 71 72
(7,*) 0 1 2 3 4 5 6 8 9 10 11 12 13 14 15 16 17 18 19 20 21 41 42 43 44 45 46 47 48 49 50 51 52 53 54 55 56 57 58 59 60 61 62 63 64 65 66 67 68 69 70 71 72
(8,*) 0 1 2 3 4 5 6 7 9 10 11 12 13 14 15 16 17 18 19 20 21 41 42 43 44 45 46 47 48 49 50 51 52 53 54 55 56 57 58 59 60 61 62 63 64 65 66 67 68 69 70 71 72
(9,*) 0 1 2 3 4 5 6 7 8 10 11 12 13 14 15 16 17 18 19 20 21 41 42 43 44 45 46 47 48 49 50 51 52 53 54 55 56 57 58 59 60 61 62 63 64 65 66 67 68 69 70 71 72
(10,*) 0 1 2 3 4 5 6 7 8 9 11 12 13 14 15 16 17 18 19 20 21 41 42 43 44 45 46 47 48 49 50 51 52 53 54 55 56 57 58 59 60 61 62 63 64 65 66 67 68 69 70 71 72
(11,*) 0 1 2 3 4 5 6 7 8 9 10 12 13 14 15 16 17 18 19 20 21 41 42 43 44 45 46 47 48 49 50 51 52 53 54 55 56 57 58 59 60 61 62 63 64 65 66 67 68 69 70 71 72
(12,*) 0 1 2 3 4 5 6 7 8 9 10 11 13 14 15 16 17 18 19 20 21 41 42 43 44 45 46 47 48 49 50 51 52 53 54 55 56 57 58 59 60 61 62 63 64 65 66 67 68 69 70 71 72
(13,*) 0 1 2 3 4 5 6 7 8 9 10 11 12 14 15 16 17 18 19 20 21 41 42 43 44 45 46 47 48 49 50 51 52 53 54 55 56 57 58 59 60 61 62 63 64 65 66 67 68 69 70 71 72
(14,*) 0 1 2 3 4 5 6 7 8 9 10 11 12 13 15 16 17 18 19 20 21 41 42 43 44 45 46 47 48 49 50 51 52 53 54 55 56 57 58 59 60 61 62 63 64 65 66 67 68 69 70 71 72
(15,*) 0 1 2 3 4 5 6 7 8 9 10 11 12 13 14 16 17 18 19 20 21 41 42 43 44 45 46 47 48 49 50 51 52 53 54 55 56 57 58 59 60 61 62 63 64 65 66 67 68 69 70 71 72
(16,*) 0 1 2 3 4 5 6 7 8 9 10 11 12 13 14 15 17 18 19 20 21 41 42 43 44 45 46 47 48 49 50 51 52 53 54 55 56 57 58 59 60 61 62 63 64 65 66 67 68 69 70 71 72
(17,*) 0 1 2 3 4 5 6 7 8 9 10 11 12 13 14 15 16 18 19 20 21 41 42 43 44 45 46 47 48 49 50 51 52 53 54 55 56 57 58 59 60 61 62 63 64 65 66 67 68 69 70 71 72
(18,*) 0 1 2 3 4 5 6 7 8 9 10 11 12 13 14 15 16 17 19 20 21 41 42 43 44 45 46 47 48 49 50 51 52 53 54 55 56 57 58 59 60 61 62 63 64 65 66 67 68 69 70 71 72
(19,*) 0 1 2 3 4 5 6 7 8 9 10 11 12 13 14 15 16 17 18 20 21 41 42 43 44 45 46 47 48 49 50 51 52 53 54 55 56 57 58 59 60 61 62 63 64 65 66 67 68 69 70 71 72
(20,*) 0 1 2 3 4 5 6 7 8 9 10 11 12 13 14 15 16 17 18 19 21 41 42 43 44 45 46 47 48 49 50 51 52 53 54 55 56 57 58 59 60 61 62 63 64 65 66 67 68 69 70 71 72
(21,*) 0 1 2 3 4 5 6 7 8 9 10 11 12 13 14 15 16 17 18 19 20 41 42 43 44 45 46 47 48 49 50 51 52 53 54 55 56 57 58 59 60 61 62 63 64 65 66 67 68 69 70 71 72
(41,*) 0 1 2 3 4 5 6 7 8 9 10 11 12 13 14 15 16 17 18 19 20 21 42 43 44 45 46 47 48 49 50 51 52 53 54 55 56 57 58 59 60 61 62 63 64 65 66 67 68 69 70 71 72
(42,*) 0 1 2 3 4 5 6 7 8 9 10 11 12 13 14 15 16 17 18 19 20 21 41 43 44 45 46 47 48 49 50 51 52 53 54 55 56 57 58 59 60 61 62 63 64 65 66 67 68 69 70 71 72
(43,*) 0 1 2 3 4 5 6 7 8 9 10 11 12 13 14 15 16 17 18 19 20 21 41 42 44 45 46 47 48 49 50 51 52 53 54 55 56 57 58 59 60 61 62 63 64 65 66 67 68 69 70 71 72
(44,*) 0 1 2 3 4 5 6 7 8 9 10 11 12 13 14 15 16 17 18 19 20 21 41 42 43 45 46 47 48 49 50 51 52 53 54 55 56 57 58 59 60 61 62 63 64 65 66 67 68 69 70 71 72
(45,*) 0 1 2 3 4 5 6 7 8 9 10 11 12 13 14 15 16 17 18 19 20 21 41 42 43 44 46 47 48 49 50 51 52 53 54 55 56 57 58 59 60 61 62 63 64 65 66 67 68 69 70 71 72
(46,*) 0 1 2 3 4 5 6 7 8 9 10 11 12 13 14 15 16 17 18 19 20 21 41 42 43 44 45 47 48 49 50 51 52 53 54 55 56 57 58 59 60 61 62 63 64 65 66 67 68 69 70 71 72
(47,*) 0 1 2 3 4 5 6 7 8 9 10 11 12 13 14 15 16 17 18 19 20 21 41 42 43 44 45 46 48 49 50 51 52 53 54 55 56 57 58 59 60 61 62 63 64 65 66 67 68 69 70 71 72
(48,*) 0 1 2 3 4 5 6 7 8 9 10 11 12 13 14 15 16 17 18 19 20 21 41 42 43 44 45 46 47 49 50 51 52 53 54 55 56 57 58 59 60 61 62 63 64 65 66 67 68 69 70 71 72
(49,*) 0 1 2 3 4 5 6 7 8 9 10 11 12 13 14 15 16 17 18 19 20 21 41 42 43 44 45 46 47 48 50 51 52 53 54 55 56 57 58 59 60 61 62 63 64 65 66 67 68 69 70 71 72
(50,*) 0 1 2 3 4 5 6 7 8 9 10 11 12 13 14 15 16 17 18 19 20 21 41 42 43 44 45 46 47 48 49 51 52 53 54 55 56 57 58 59 60 61 62 63 64 65 66 67 68 69 70 71 72
(51,*) 0 1 2 3 4 5 6 7 8 9 10 11 12 13 14 15 16 17 18 19 20 21 41 42 43 44 45 46 47 48 49 50 52 53 54 55 56 57 58 59 60 61 62 63 64 65 66 67 68 69 70 71 72
(52,*) 0 1 2 3 4 5 6 7 8 9 10 11 12 13 14 15 16 17 18 19 20 21 41 42 43 44 45 46 47 48 49 50 51 53 54 55 56 57 58 59 60 61 62 63 64 65 66 67 68 69 70 71 72
(53,*) 0 1 2 3 4 5 6 7 8 9 10 11 12 13 14 15 16 17 18 19 20 21 41 42 43 44 45 46 47 48 49 50 51 52 54 55 56 57 58 59 60 61 62 63 64 65 66 67 68 69 70 71 72
(54,*) 0 1 2 3 4 5 6 7 8 9 10 11 12 13 14 15 16 17 18 19 20 21 41 42 43 44 45 46 47 48 49 50 51 52 53 55 56 57 58 59 60 61 62 63 64 65 66 67 68 69 70 71 72
(55,*) 0 1 2 3 4 5 6 7 8 9 10 11 12 13 14 15 16 17 18 19 20 21 41 42 43 44 45 46 47 48 49 50 51 52 53 54 56 57 58 59 60 61 62 63 64 65 66 67 68 69 70 71 72
(56,*) 0 1 2 3 4 5 6 7 8 9 10 11 12 13 14 15 16 17 18 19 20 21 41 42 43 44 45 46 47 48 49 50 51 52 53 54 55 57 58 59 60 61 62 63 64 65 66 67 68 69 70 71 72
(57,*) 0 1 2 3 4 5 6 7 8 9 10 11 12 13 14 15 16 17 18 19 20 21 41 42 43 44 45 46 47 48 49 50 51 52 53 54 55 56 58 59 60 61 62 63 64 65 66 67 68 69 70 71 72
(58,*) 0 1 2 3 4 5 6 7 8 9 10 11 12 13 14 15 16 17 18 19 20 21 41 42 43 44 45 46 47 48 49 50 51 52 53 54 55 56 57 59 60 61 62 63 64 65 66 67 68 69 70 71 72
(59,*) 0 1 2 3 4 5 6 7 8 9 10 11 12 13 14 15 16 17 18 19 20 21 41 42 43 44 45 46 47 48 49 50 51 52 53 54 55 56 57 58 60 61 62 63 64 65 66 67 68 69 70 71 72
(60,*) 0 1 2 3 4 5 6 7 8 9 10 11 12 13 14 15 16 17 18 19 20 21 41 42 43 44 45 46 47 48 49 50 51 52 53 54 55 56 57 58 59 61 62 63 64 65 66 67 68 69 70 71 72
(61,*) 0 1 2 3 4 5 6 7 8 9 10 11 12 13 14 15 16 17 18 19 20 21 41 42 43 44 45 46 47 48 49 50 51 52 53 54 55 56 57 58 59 60 62 63 64 65 66 67 68 69 70 71 72
(62,*) 0 1 2 3 4 5 6 7 8 9 10 11 12 13 14 15 16 17 18 19 20 21 41 42 43 44 45 46 47 48 49 50 51 52 53 54 55 56 57 58 59 60 61 63 64 65 66 67 68 69 70 71 72
(63,*) 0 1 2 3 4 5 6 7 8 9 10 11 12 13 14 15 16 17 18 19 20 21 41 42 43 44 45 46 47 48 49 50 51 52 53 54 55 56 57 58 59 60 61 62 64 65 66 67 68 69 70 71 72
(64,*) 0 1 2 3 4 5 6 7 8 9 10 11 12 13 14 15 16 17 18 19 20 21 41 42 43 44 45 46 47 48 49 50 51 52 53 54 55 56 57 58 59 60 61 62 63 65 66 67 68 69 70 71 72
(65,*) 0 1 2 3 4 5 6 7 8 9 10 11 12 13 14 15 16 17 18 19 20 21 41 42 43 44 45 46 47 48 49 50 51 52 53 54 55 56 57 58 59 60 61 62 63 64 66 67 68 69 70 71 72
(66,*) 0 1 2 3 4 5 6 7 8 9 10 11 12 13 14 15 16 17 18 19 20 21 41 42 43 44 45 46 47 48 49 50 51 52 53 54 55 56 57 58 59 60 61 62 63 64 65 67 68 69 70 71 72
(67,*) 0 1 2 3 4 5 6 7 8 9 10 11 12 13 14 15 16 17 18 19 20 21 41 42 43 44 45 46 47 48 49 50 51 52 53 54 55 56 57 58 59 60 61 62 63 64 65 66 68 69 70 71 72
(68,*) 0 1 2 3 4 5 6 7 8 9 10 11 12 13 14 15 16 17 18 19 20 21 41 42 43 44 45 46 47 48 49 50 51 52 53 54 55 56 57 58 59 60 61 62 63 64 65 66 67 69 70 71 72
(69,*) 0 1 2 3 4 5 6 7 8 9 10 11 12 13 14 15 16 17 18 19 20 21 41 42 43 44 45 46 47 48 49 50 51 52 53 54 55 56 57 58 59 60 61 62 63 64 65 66 67 68 70 71 72
(70,*) 0 1 2 3 4 5 6 7 8 9 10 11 12 13 14 15 16 17 18 19 20 21 41 42 43 44 45 46 47 48 49 50 51 52 53 54 55 56 57 58 59 60 61 62 63 64 65 66 67 68 69 71 72
(71,*) 0 1 2 3 4 5 6 7 8 9 10 11 12 13 14 15 16 17 18 19 20 21 41 42 43 44 45 46 47 48 49 50 51 52 53 54 55 56 57 58 59 60 61 62 63 64 65 66 67 68 69 70 72
(72,*) 0 1 2 3 4 5 6 7 8 9 10 11 12 13 14 15 16 17 18 19 20 21 41 42 43 44 45 46 47 48 49 50 51 52 53 54 55 56 57 58 59 60 61 62 63 64 65 66 67 68 69 70 71
;
set A2:=
(60,*) 61
(61,*) 60
;
param BigM:=99999;
param n:= 9;
param d:=
1	16
2	17
3	23
4	18
5	20
6	5
7	11
8	24
9	3
10	18
11	19
12	9
13	11
14	17
15	42
16	4
17	24
18	18
19	11
20	22
21	23
22	2
23	11
24	10
25	19
26	1
27	20
28	2
29	11
30	6
31	9
32	5
33	2
34	19
35	21
36	18
37	48
38	1
39	2
40	9
41	7
42	9
43	21
44	6
45	13
46	2
47	5
48	23
49	24
50	17
51	17
52	9
53	2
54	14
55	20
56	21
57	21
58	9
59	18
;
param Q:=100;
param w:=
[60,*] 61 0.1
[61,*] 60 0.1
;
param V:=
[60,*] 61 83
[61,*] 60 83
;
param e:
	60	61	62	63	64	65	66	67	68	69	70	71	72:=
22		0		1		0		1		1		0		0		0		0		0		0		0		0	
23		0		1		0		1		0		0		0		0		0		0		1		0		0	
24		0		1		0		1		0		0		1		0		0		0		0		0		0	
25		0		1		0		1		0		0		0		0		0		0		1		0		0	
26		1		0		1		0		0		1		0		0		0		0		0		0		0	
27		0		1		0		1		0		0		0		0		1		0		0		0		0	
28		1		0		1		0		0		1		0		0		0		0		0		0		0	
29		0		1		0		1		1		0		0		0		0		0		0		0		0	
30		1		0		1		0		0		0		0		0		0		0		0		1		0	
31		1		0		1		0		0		0		0		1		0		0		0		0		0	
32		1		0		1		0		0		0		0		0		1		0		0		1		0	
33		1		0		1		0		0		1		0		0		0		0		0		0		0	
34		1		0		1		0		0		0		0		0		1		0		0		1		0	
35		1		0		1		0		0		0		0		0		0		0		0		1		0	
36		0		1		0		1		0		0		0		1		0		0		0		0		0	
37		0		1		0		1		0		0		0		0		0		1		0		0		1	
38		1		0		1		0		1		0		0		0		0		0		1		0		0	
39		0		1		0		1		0		0		0		0		0		0		0		1		0	
40		0		1		0		1		1		0		0		1		0		0		0		0		0	
41		1		0		1		0		0		0		0		0		0		0		1		0		0	
42		0		1		0		1		0		0		0		0		0		0		0		0		1	
43		1		0		1		0		0		1		0		0		0		0		0		0		0	
44		0		1		0		1		0		0		0		0		0		0		1		0		0	
45		1		1		1		1		0		0		0		0		0		0		0		1		0	
46		1		0		1		0		0		0		0		0		0		0		0		1		0	
47		1		1		1		1		1		0		0		0		0		0		1		0		0	
48		1		0		1		0		1		0		0		1		1		0		0		1		0	
49		0		1		0		1		1		0		0		1		0		0		0		0		0	
50		0		1		0		1		1		0		0		1		0		0		0		0		0	
51		1		0		1		0		0		1		0		0		0		0		0		0		0	
52		0		1		0		1		1		0		0		0		0		0		0		0		0	
53		0		1		0		1		0		0		1		0		0		1		0		0		1	
54		1		0		1		0		0		1		0		0		0		0		0		0		0	
55		0		1		0		1		0		0		0		0		0		1		0		0		1	
56		1		0		1		0		0		0		1		0		0		1		0		0		1	
57		0		1		0		1		0		0		0		1		0		0		0		0		0	
58		1		0		1		0		0		1		0		0		1		0		0		1		0	
59		1		0		1		0		0		0		1		0		0		1		0		0		1	
;
param p:=
1	3
2	3
3	3
4	3
5	3
6	3
7	3
8	3
9	3
;
param G:=
60	83
61	79
62	83
63	79
64	88
65	76
66	89
67	89
68	79
69	96
70	85
71	88
72	99
;
param s:=
0	0
1	10
2	10
3	10
4	10
5	10
6	10
7	10
8	10
9	10
10	10
11	10
12	10
13	10
14	10
15	10
16	10
17	10
18	10
19	10
20	10
21	10
41	10
42	10
43	10
44	10
45	10
46	10
47	10
48	10
49	10
50	10
51	10
52	10
53	10
54	10
55	10
56	10
57	10
58	10
59	10
60	10
61	10
62	10
63	10
64	10
65	10
66	10
67	10
68	10
69	10
70	10
71	10
72	10
;
param t:
	0	1	2	3	4	5	6	7	8	9	10	11	12	13	14	15	16	17	18	19	20	21	22	23	24	25	26	27	28	29	30	31	32	33	34	35	36	37	38	39	40	41	42	43	44	45	46	47	48	49	50	51	52	53	54	55	56	57	58	59	60	61	62	63	64	65	66	67	68	69	70	71	72:=
0	0.0	66.27	40.45	54.92	94.76	54.59	48.37	12.17	64.56	31.62	12.81	60.93	78.03	26.83	27.78	78.1	50.91	111.21	28.07	88.29	63.15	38.0	54.04	42.8	100.44	34.41	16.12	83.95	60.17	55.32	14.56	32.25	40.0	66.75	52.35	5.66	64.28	86.02	20.0	69.43	49.4	23.32	86.83	52.15	85.91	15.62	6.0	43.27	35.78	50.64	54.59	56.32	84.12	94.4	36.22	89.2	80.62	66.48	41.62	82.02	38.33	78.03	38.33	78.03	37.48	52.24	96.4	54.34	43.01	83.49	37.64	26.91	85.76
1	66.27	0.0	28.64	73.76	62.0	75.29	55.32	70.34	73.76	60.93	57.72	65.3	12.65	45.69	42.76	15.62	42.43	65.79	67.68	24.41	77.79	73.35	12.65	45.25	54.41	46.04	71.47	20.0	72.14	21.63	70.46	34.06	49.4	82.07	43.86	70.03	12.17	25.61	53.14	20.1	23.32	59.93	24.08	77.2	21.63	54.15	66.0	42.43	35.44	16.12	18.44	78.1	34.93	50.99	76.16	30.0	52.95	30.27	50.48	52.61	68.88	14.42	68.88	14.42	31.38	76.4	53.15	14.32	50.22	41.11	47.63	50.0	39.62
2	40.45	28.64	0.0	67.08	78.43	68.0	50.6	42.43	71.47	46.86	30.07	64.03	38.83	17.09	25.61	43.27	42.19	88.2	50.99	52.84	73.54	59.46	16.12	20.88	76.55	18.44	43.17	48.37	68.35	15.23	48.33	12.81	41.23	78.0	44.18	45.12	24.0	52.8	24.74	29.12	24.74	31.3	52.15	68.26	50.12	32.25	41.76	18.44	23.41	17.2	14.14	70.71	44.72	71.69	60.83	56.85	65.97	28.43	43.08	66.48	56.22	38.21	56.22	38.21	3.0	67.74	73.93	22.2	43.66	60.42	21.1	34.06	60.75
3	54.92	73.76	67.08	0.0	57.72	2.0	18.44	67.08	11.31	24.0	62.0	14.14	85.6	67.47	42.38	75.18	31.62	79.25	27.2	83.26	8.25	18.87	68.12	83.52	72.11	76.16	71.02	80.5	7.21	79.32	42.38	54.63	26.08	12.0	30.53	51.92	80.72	77.25	66.27	89.38	50.91	74.03	80.62	6.32	82.29	44.05	49.03	82.22	43.91	60.96	76.03	4.47	106.3	66.03	22.8	77.79	46.17	93.74	24.41	48.17	16.76	88.09	16.76	88.09	65.8	5.39	67.12	60.11	24.21	59.41	80.28	34.93	63.64
4	94.76	62.0	78.43	57.72	0.0	59.67	49.4	105.0	48.37	67.68	94.4	43.68	67.08	90.35	68.41	50.99	43.86	22.0	75.47	52.0	54.33	72.5	67.08	99.3	18.87	95.85	108.07	52.5	50.99	80.89	88.41	72.47	55.32	56.04	42.43	94.85	74.03	44.94	94.34	82.02	53.85	103.25	49.4	64.03	53.14	79.25	90.55	96.77	62.13	62.1	76.94	61.19	95.04	15.62	76.97	42.05	14.14	92.09	54.04	12.81	67.98	71.02	67.98	71.02	79.48	63.06	14.87	57.49	52.63	21.21	99.16	67.88	24.04
5	54.59	75.29	68.0	2.0	59.67	0.0	20.0	66.75	12.81	24.08	62.03	16.12	87.2	67.91	43.08	76.94	33.29	81.22	26.68	85.09	8.94	17.89	69.43	84.12	74.11	76.66	70.71	82.29	8.94	80.45	41.76	55.46	27.2	12.17	32.25	51.42	82.07	79.12	66.48	90.69	52.35	74.11	82.46	4.47	84.1	44.18	48.66	82.87	44.94	62.29	77.2	2.83	107.63	68.03	21.63	79.7	48.17	94.87	25.61	50.16	16.28	89.64	16.28	89.64	66.64	3.61	69.12	61.55	25.5	61.4	80.78	35.44	65.62
6	48.37	55.32	50.6	18.44	49.4	20.0	0.0	59.93	20.88	18.44	51.92	14.0	67.2	54.0	28.0	57.27	13.42	69.08	26.08	65.79	23.32	24.33	50.0	68.73	60.17	62.13	63.56	62.77	17.89	61.77	39.6	38.83	10.0	27.78	12.65	47.2	62.48	60.17	54.59	71.22	32.56	63.15	63.25	22.36	64.62	34.18	43.27	67.08	27.2	42.8	58.31	22.8	88.09	53.85	28.64	61.19	35.78	76.16	8.0	37.58	19.42	69.66	19.42	69.66	49.73	21.47	55.36	41.73	7.07	45.28	66.19	22.8	49.09
7	12.17	70.34	42.43	67.08	105.0	66.75	59.93	0.0	76.66	43.68	12.65	72.8	81.22	26.0	36.77	83.57	61.22	120.42	40.2	93.64	75.31	50.04	57.72	38.63	109.34	31.05	4.0	89.2	72.28	56.0	26.08	37.58	51.11	78.92	62.8	16.12	66.27	92.2	18.0	70.03	56.6	16.12	92.48	64.28	91.08	26.08	18.11	39.85	44.05	55.71	56.14	68.47	83.19	103.48	48.04	95.71	90.91	65.12	52.84	92.2	50.49	80.62	50.49	80.62	39.46	64.38	105.55	60.01	54.2	92.31	33.24	37.74	94.2
8	64.56	73.76	71.47	11.31	48.37	12.81	20.88	76.66	0.0	32.98	70.46	8.49	84.85	74.24	48.37	72.8	31.62	70.26	37.58	79.92	6.0	30.0	69.97	89.44	64.12	82.61	80.52	77.67	4.47	82.29	52.8	59.67	30.59	8.94	30.0	62.03	82.1	73.43	74.03	90.97	52.15	82.22	77.18	17.2	79.32	52.35	58.82	87.86	48.08	62.77	78.71	13.42	107.65	58.31	34.06	73.35	38.21	96.6	28.64	40.2	27.29	87.73	27.29	87.73	70.6	16.4	59.14	61.03	27.89	53.16	86.7	42.0	57.57
9	31.62	60.93	46.86	24.0	67.68	24.08	18.44	43.68	32.98	0.0	38.0	29.53	73.54	44.27	21.26	67.08	26.68	86.76	8.25	76.66	32.06	12.81	52.15	60.93	77.25	53.14	47.54	72.99	28.64	60.83	21.26	34.06	14.14	36.0	27.2	29.53	64.9	72.11	42.43	72.8	37.95	50.04	74.43	22.8	74.97	20.1	26.0	59.93	26.08	45.65	58.14	26.31	89.64	70.94	15.23	74.0	53.85	74.97	14.56	55.57	9.43	75.15	9.43	75.15	45.0	22.56	72.62	46.62	15.81	61.4	57.25	12.81	64.76
10	12.81	57.72	30.07	62.0	94.4	62.03	51.92	12.65	70.46	38.0	0.0	65.51	68.73	14.56	26.08	70.94	51.11	108.9	36.88	80.99	70.03	47.07	45.12	30.0	97.67	21.63	14.42	76.55	66.27	44.18	26.08	25.06	42.38	74.0	52.84	18.44	54.04	79.62	7.21	58.31	44.41	12.17	79.85	60.3	78.43	18.11	17.2	30.53	32.56	43.08	44.0	64.12	72.28	91.93	46.17	83.19	80.45	54.41	44.27	81.61	46.27	68.26	46.27	68.26	27.07	60.21	94.05	47.42	45.54	80.66	24.84	29.12	82.33
11	60.93	65.3	64.03	14.14	43.68	16.12	14.0	72.8	8.49	29.53	65.51	0.0	76.37	68.0	42.0	64.4	23.32	65.12	35.61	71.69	13.42	30.0	61.77	82.61	58.03	76.11	76.55	69.34	8.25	74.32	50.48	52.61	24.0	17.2	21.63	59.06	73.78	65.3	68.47	82.68	43.91	76.94	68.96	20.4	71.02	47.54	55.46	80.89	40.79	54.59	70.68	18.0	99.3	52.0	34.41	65.39	32.06	88.57	22.0	34.06	26.17	79.25	26.17	79.25	63.35	19.42	53.04	52.7	21.02	45.89	80.16	36.5	50.22
12	78.03	12.65	38.83	85.6	67.08	87.2	67.2	81.22	84.85	73.54	68.73	76.37	0.0	55.79	55.32	16.12	54.04	66.75	80.32	19.7	89.2	85.91	24.0	52.15	56.14	54.63	82.0	16.49	83.55	27.78	82.87	46.04	61.77	93.38	55.32	82.02	16.12	24.33	63.56	18.87	35.78	69.57	20.88	89.31	17.09	66.48	78.1	49.4	48.08	28.64	26.0	90.0	28.07	54.04	88.77	28.64	60.17	30.53	62.77	59.46	81.39	4.0	81.39	4.0	41.77	88.48	56.01	26.93	62.43	45.89	55.47	62.64	43.29
13	26.83	45.69	17.09	67.47	90.35	67.91	54.0	26.0	74.24	44.27	14.56	68.0	55.79	0.0	26.0	60.03	49.48	102.45	45.65	69.77	74.97	55.46	33.11	17.2	90.91	8.94	26.31	65.3	70.46	30.0	38.21	17.89	44.0	79.25	51.42	32.25	40.45	69.34	8.0	44.05	37.2	14.42	68.96	67.05	67.08	25.06	30.0	16.97	29.12	32.8	30.27	70.34	57.72	85.6	55.57	73.24	76.97	39.85	46.0	77.82	53.49	54.92	53.49	54.92	14.32	66.76	87.8	37.64	47.01	74.2	13.0	32.56	75.17
14	27.78	42.76	25.61	42.38	68.41	43.08	28.0	36.77	48.37	21.26	26.08	42.0	55.32	26.0	0.0	52.15	25.06	83.74	26.08	62.29	49.48	33.94	32.31	41.23	72.8	34.23	39.7	58.14	44.72	39.7	28.0	12.81	18.0	53.85	26.83	29.73	44.72	59.23	27.2	52.15	22.36	36.06	60.53	42.94	60.13	12.65	25.3	39.85	8.25	26.68	37.2	45.69	68.82	66.84	35.61	62.1	54.41	53.74	20.0	55.61	30.61	56.32	30.61	56.32	23.85	42.49	68.88	29.07	21.02	55.8	38.33	8.49	57.98
15	78.1	15.62	43.27	75.18	50.99	76.94	57.27	83.57	72.8	67.08	70.94	64.4	16.12	60.03	52.15	0.0	43.86	51.42	74.67	10.2	77.67	78.59	27.2	60.83	40.45	61.22	85.09	6.0	72.11	37.2	80.1	46.17	53.85	81.61	44.72	81.22	26.83	10.0	67.08	32.98	30.0	74.43	8.94	79.62	8.0	64.5	76.94	58.0	44.05	27.86	34.06	79.65	44.18	38.0	82.0	14.42	44.72	44.27	54.41	43.86	73.76	20.1	73.76	20.1	45.79	78.72	40.01	23.77	53.76	29.83	63.03	58.03	27.17
16	50.91	42.43	42.19	31.62	43.86	33.29	13.42	61.22	31.62	26.68	51.11	23.32	54.04	49.48	25.06	43.86	0.0	61.06	34.93	52.5	35.38	36.06	38.47	62.03	50.99	56.57	64.4	49.4	29.73	51.26	45.65	32.25	12.65	39.7	2.0	51.22	50.48	47.07	52.0	59.36	20.59	60.93	50.0	35.78	51.26	35.38	46.86	60.0	20.4	31.3	47.54	36.06	76.03	44.72	40.0	48.37	29.73	65.39	12.17	31.11	31.06	56.64	31.06	56.64	42.01	34.89	46.53	29.41	11.05	34.79	60.41	24.08	38.08
17	111.21	65.79	88.2	79.25	22.0	81.22	69.08	120.42	70.26	86.76	108.9	65.12	66.75	102.45	83.74	51.42	61.06	0.0	94.85	48.04	76.24	92.97	74.24	108.41	11.66	106.51	123.11	50.36	72.69	86.93	106.68	85.04	73.43	78.03	60.03	112.07	77.79	42.43	107.63	84.4	65.3	116.28	46.17	85.51	50.16	95.6	107.65	105.68	76.42	71.02	83.26	82.87	94.34	16.97	97.41	38.21	33.53	95.6	72.47	31.62	88.26	70.71	88.26	70.71	89.87	84.53	14.87	66.04	71.12	28.32	109.29	84.88	27.46
18	28.07	67.68	50.99	27.2	75.47	26.68	26.08	40.2	37.58	8.25	36.88	35.61	80.32	45.65	26.08	74.67	34.93	94.85	0.0	84.38	35.44	10.2	58.14	62.77	85.44	54.59	44.18	80.62	33.11	65.6	15.23	38.42	22.36	38.83	35.44	24.74	70.71	80.02	42.38	78.23	45.12	49.03	82.22	24.08	82.61	20.59	22.09	62.13	32.31	52.0	63.25	28.28	94.87	79.12	10.0	82.02	61.77	79.4	22.8	63.53	10.44	81.71	10.44	81.71	48.8	24.19	80.78	53.45	24.04	69.64	58.59	17.89	73.01
19	88.29	24.41	52.84	83.26	52.0	85.09	65.79	93.64	79.92	76.66	80.99	71.69	19.7	69.77	62.29	10.2	52.5	48.04	84.38	0.0	85.09	87.86	36.72	69.43	38.21	70.46	95.08	4.47	79.65	45.25	90.2	56.32	63.15	88.84	53.14	91.41	34.06	7.21	76.97	38.47	40.05	84.12	2.83	88.02	2.83	74.67	87.13	66.6	54.15	37.95	42.52	87.73	46.39	37.36	91.41	10.2	48.41	50.12	63.56	47.2	82.98	23.41	82.98	23.41	55.47	87.09	39.05	33.96	62.82	31.91	72.01	68.0	28.18
20	63.15	77.79	73.54	8.25	54.33	8.94	23.32	75.31	6.0	32.06	70.03	13.42	89.2	74.97	49.48	77.67	35.38	76.24	35.44	85.09	0.0	26.83	73.24	90.71	70.11	83.55	79.25	82.68	5.66	85.09	50.6	61.35	32.31	4.47	33.94	60.17	85.6	78.71	74.11	94.4	55.61	82.0	82.37	12.81	84.38	52.0	57.27	89.29	50.16	66.03	81.63	8.49	111.21	64.28	30.53	78.79	44.18	99.48	30.46	46.17	25.0	91.93	25.0	91.93	72.45	12.21	65.12	64.66	29.97	58.94	87.66	42.43	63.32
21	38.0	73.35	59.46	18.87	72.5	17.89	24.33	50.04	30.0	12.81	47.07	30.0	85.91	55.46	33.94	78.59	36.06	92.97	10.2	87.86	26.83	0.0	64.9	72.47	84.4	64.4	54.04	84.4	25.61	73.59	24.33	46.69	24.74	29.73	36.0	34.23	77.67	82.87	52.5	85.6	50.16	59.23	85.51	14.56	86.35	30.46	32.0	71.69	38.83	58.31	70.94	18.97	102.45	78.1	4.47	84.38	59.46	87.68	24.33	61.35	5.0	87.66	5.0	87.66	57.49	14.87	79.56	59.03	25.18	69.58	68.45	25.46	73.33
22	54.04	12.65	16.12	68.12	67.08	69.43	50.0	57.72	69.97	52.15	45.12	61.77	24.0	33.11	32.31	27.2	38.47	74.24	58.14	36.72	73.24	64.9	0.0	34.41	62.61	34.06	58.82	32.25	67.68	14.0	59.23	22.09	42.43	77.67	40.25	58.03	12.81	36.88	40.5	21.26	17.89	47.41	36.06	70.71	34.0	42.76	54.15	31.62	26.08	7.21	10.0	72.25	38.21	58.31	67.23	41.04	56.04	27.2	43.86	56.14	60.8	24.33	60.8	24.33	18.79	70.01	60.54	10.05	43.93	47.43	36.07	40.25	47.01
23	42.8	45.25	20.88	83.52	99.3	84.12	68.73	38.63	89.44	60.93	30.0	82.61	52.15	17.2	41.23	60.83	62.03	108.41	62.77	69.43	90.71	72.47	34.41	0.0	96.75	8.49	37.36	65.12	85.91	24.41	55.17	30.07	58.86	95.08	64.03	48.41	36.06	70.77	22.8	36.06	45.61	22.8	69.31	83.57	66.6	42.19	46.69	2.83	42.05	37.58	26.91	86.65	46.0	92.13	72.72	75.07	86.83	28.07	60.83	87.36	70.26	50.12	70.26	50.12	20.22	83.22	94.37	42.49	61.66	80.96	5.39	48.7	81.01
24	100.44	54.41	76.55	72.11	18.87	74.11	60.17	109.34	64.12	77.25	97.67	58.03	56.14	90.91	72.8	40.45	50.99	11.66	85.44	38.21	70.11	84.4	62.61	96.75	0.0	94.87	111.95	40.0	66.0	75.39	96.6	73.59	63.56	72.44	50.16	101.55	66.48	32.0	96.21	73.35	53.81	104.8	36.06	78.23	40.05	84.88	97.1	94.02	65.3	59.36	71.69	76.03	84.02	6.32	88.77	28.07	26.0	84.4	62.77	24.0	79.56	60.13	79.56	60.13	78.24	77.23	5.0	54.38	61.47	17.03	97.64	74.43	15.81
25	34.41	46.04	18.44	76.16	95.85	76.66	62.13	31.05	82.61	53.14	21.63	76.11	54.63	8.94	34.23	61.22	56.57	106.51	54.59	70.46	83.55	64.4	34.06	8.49	94.87	0.0	30.27	66.03	78.92	27.2	46.69	24.33	52.15	87.86	58.55	40.0	38.63	70.94	14.42	40.45	42.05	16.0	70.0	75.89	67.68	34.0	38.21	8.94	36.22	35.61	28.64	79.12	52.35	89.89	64.5	75.07	82.87	34.23	54.15	83.57	62.39	53.14	62.39	53.14	16.64	75.58	92.11	40.61	55.08	78.55	4.12	41.23	79.06
26	16.12	71.47	43.17	71.02	108.07	70.71	63.56	4.0	80.52	47.54	14.42	76.55	82.0	26.31	39.7	85.09	64.4	123.11	44.18	95.08	79.25	54.04	58.82	37.36	111.95	30.27	0.0	90.62	76.16	56.14	30.07	39.45	54.59	82.87	66.03	20.1	66.75	93.91	18.44	70.03	58.82	14.56	94.02	68.26	92.48	29.53	22.09	38.83	46.69	57.27	56.57	72.44	82.61	106.15	52.04	97.53	94.02	64.5	56.36	95.27	54.45	81.22	54.45	81.22	40.26	68.36	108.25	61.72	57.71	94.92	32.02	41.18	96.67
27	83.95	20.0	48.37	80.5	52.5	82.29	62.77	89.2	77.67	72.99	76.55	69.34	16.49	65.3	58.14	6.0	49.4	50.36	80.62	4.47	82.68	84.4	32.25	65.12	40.0	66.03	90.62	0.0	77.18	41.04	86.09	51.92	59.67	86.53	50.16	87.13	30.0	8.0	72.5	34.93	36.0	79.65	4.47	85.09	2.0	70.46	82.87	62.29	50.04	33.53	38.21	84.97	44.05	38.47	87.86	12.17	47.71	46.52	60.17	46.65	79.56	20.4	79.56	20.4	51.0	84.17	40.31	29.61	59.48	31.78	67.62	64.03	28.46
28	60.17	72.14	68.35	7.21	50.99	8.94	17.89	72.28	4.47	28.64	66.27	8.25	83.55	70.46	44.72	72.11	29.73	72.69	33.11	79.65	5.66	25.61	67.68	85.91	66.0	78.92	76.16	77.18	0.0	79.65	48.33	56.32	27.2	10.0	28.28	57.58	80.0	73.35	70.0	88.81	50.0	78.1	76.94	13.42	78.89	48.17	54.41	84.4	44.94	60.46	76.16	10.2	105.6	60.03	29.73	73.54	40.0	94.02	25.3	42.0	22.83	86.28	22.83	86.28	67.36	12.53	61.0	59.03	24.7	54.13	83.02	38.05	58.46
29	55.32	21.63	15.23	79.32	80.89	80.45	61.77	56.0	82.29	60.83	44.18	74.32	27.78	30.0	39.7	37.2	51.26	86.93	65.6	45.25	85.09	73.59	14.0	24.41	75.39	27.2	56.14	41.04	79.65	0.0	63.56	27.2	53.25	89.55	53.14	60.17	11.66	47.2	38.0	14.14	31.05	42.76	45.34	81.22	42.43	47.41	56.92	21.63	35.61	20.4	4.0	83.23	29.53	71.47	75.29	51.61	70.03	14.42	54.92	70.11	70.01	26.0	70.01	26.0	18.03	80.6	73.68	24.02	55.23	60.88	27.73	48.17	60.08
30	14.56	70.46	48.33	42.38	88.41	41.76	39.6	26.08	52.8	21.26	26.08	50.48	82.87	38.21	28.0	80.1	45.65	106.68	15.23	90.2	50.6	24.33	59.23	55.17	96.6	46.69	30.07	86.09	48.33	63.56	0.0	37.36	33.29	53.85	46.65	10.0	70.88	86.83	32.8	77.25	50.16	37.58	88.36	38.83	88.09	16.49	8.94	55.17	36.06	54.33	62.03	43.17	93.04	90.35	22.0	89.44	74.4	76.16	34.41	76.03	25.63	83.55	25.63	83.55	45.62	39.05	92.18	57.04	35.81	80.11	50.33	22.8	83.01
31	32.25	34.06	12.81	54.63	72.47	55.46	38.83	37.58	59.67	34.06	25.06	52.61	46.04	17.89	12.81	46.17	32.25	85.04	38.42	56.32	61.35	46.69	22.09	30.07	73.59	24.33	39.45	51.92	56.32	27.2	37.36	0.0	29.12	65.79	34.23	36.0	33.53	54.63	22.63	40.25	19.8	31.24	55.03	55.57	53.85	20.88	32.06	28.28	12.0	18.44	25.06	58.14	56.6	68.12	48.17	58.14	59.09	41.04	31.05	59.93	43.42	46.39	43.42	46.39	11.18	55.07	70.29	22.47	31.78	56.73	28.16	21.26	57.98
32	40.0	49.4	41.23	26.08	55.32	27.2	10.0	51.11	30.59	14.14	42.38	24.0	61.77	44.0	18.0	53.85	12.65	73.43	22.36	63.15	32.31	24.74	42.43	58.86	63.56	52.15	54.59	59.67	27.2	53.25	33.29	29.12	0.0	36.77	13.42	39.6	55.17	58.31	44.72	63.66	26.08	53.37	60.83	28.28	61.61	25.06	35.38	57.27	17.89	35.38	50.0	30.0	80.62	57.27	28.28	60.03	41.23	67.68	2.0	42.8	19.92	63.81	19.92	63.81	40.16	27.59	59.03	35.23	3.16	47.43	56.22	13.42	50.7
33	66.75	82.07	78.0	12.0	56.04	12.17	27.78	78.92	8.94	36.0	74.0	17.2	93.38	79.25	53.85	81.61	39.7	78.03	38.83	88.84	4.47	29.73	77.67	95.08	72.44	87.86	82.87	86.53	10.0	89.55	53.85	65.79	36.77	0.0	38.21	63.56	90.0	82.37	78.23	98.81	60.0	86.02	86.09	15.23	88.2	56.04	60.83	93.68	54.63	70.46	86.09	10.77	115.6	66.75	33.11	82.29	46.69	103.94	34.93	48.66	28.44	96.17	28.44	96.17	76.9	14.87	67.48	69.03	34.44	61.98	91.98	46.69	66.41
34	52.35	43.86	44.18	30.53	42.43	32.25	12.65	62.8	30.0	27.2	52.84	21.63	55.32	51.42	26.83	44.72	2.0	60.03	35.44	53.14	33.94	36.0	40.25	64.03	50.16	58.55	66.03	50.16	28.28	53.14	46.65	34.23	13.42	38.21	0.0	52.5	52.15	47.54	53.85	61.06	22.36	62.77	50.6	34.93	52.0	36.88	48.17	62.0	22.36	33.11	49.4	34.99	77.67	43.86	40.05	48.66	28.28	67.23	12.65	29.73	31.0	58.0	31.0	58.0	44.01	34.01	45.62	31.06	11.4	34.21	62.39	25.46	37.66
35	5.66	70.03	45.12	51.92	94.85	51.42	47.2	16.12	62.03	29.53	18.44	59.06	82.02	32.25	29.73	81.22	51.22	112.07	24.74	91.41	60.17	34.23	58.03	48.41	101.55	40.0	20.1	87.13	57.58	60.17	10.0	36.0	39.6	63.56	52.5	0.0	68.73	88.77	25.61	74.22	51.92	28.84	89.82	48.66	89.11	17.09	4.47	48.83	37.95	54.15	59.23	52.95	89.2	95.41	32.0	91.76	80.72	71.69	41.04	82.22	35.17	82.22	35.17	82.22	42.2	48.84	97.35	57.56	42.45	84.72	43.28	27.2	87.24
36	64.28	12.17	24.0	80.72	74.03	82.07	62.48	66.27	82.1	64.9	54.04	73.78	16.12	40.45	44.72	26.83	50.48	77.79	70.71	34.06	85.6	77.67	12.81	36.06	66.48	38.63	66.75	30.0	80.0	11.66	70.88	33.53	55.17	90.0	52.15	68.73	0.0	36.72	48.37	8.94	30.0	53.85	34.41	83.45	31.24	54.41	65.12	33.29	38.83	19.8	10.2	84.9	25.61	63.15	79.92	41.18	64.5	18.11	56.57	64.28	73.6	14.56	73.6	14.56	27.0	82.73	65.31	21.1	56.59	53.24	39.36	52.84	51.79
37	86.02	25.61	52.8	77.25	44.94	79.12	60.17	92.2	73.43	72.11	79.62	65.3	24.33	69.34	59.23	10.0	47.07	42.43	80.02	7.21	78.71	82.87	36.88	70.77	32.0	70.94	93.91	8.0	73.35	47.2	86.83	54.63	58.31	82.37	47.54	88.77	36.72	0.0	76.16	42.38	36.88	83.76	4.47	82.22	8.25	71.81	84.4	67.94	50.99	36.72	44.05	81.71	52.04	30.59	86.58	4.47	41.23	53.85	58.55	40.0	77.93	28.28	77.93	28.28	55.22	81.27	32.39	32.2	57.71	24.7	72.86	64.28	21.02
38	20.0	53.14	24.74	66.27	94.34	66.48	54.59	18.0	74.03	42.43	7.21	68.47	63.56	8.0	27.2	67.08	52.0	107.63	42.38	76.97	74.11	52.5	40.5	22.8	96.21	14.42	18.44	72.5	70.0	38.0	32.8	22.63	44.72	78.23	53.85	25.61	48.37	76.16	0.0	52.04	42.43	8.94	76.03	65.12	74.32	22.36	24.08	23.32	32.25	39.45	38.21	68.73	65.51	90.69	52.0	79.92	80.62	47.54	46.69	81.63	51.2	62.8	51.2	62.8	21.84	64.94	92.85	44.1	47.85	79.31	17.69	32.06	80.61
39	69.43	20.1	29.12	89.38	82.02	90.69	71.22	70.03	90.97	72.8	58.31	82.68	18.87	44.05	52.15	32.98	59.36	84.4	78.23	38.47	94.4	85.6	21.26	36.06	73.35	40.45	70.03	34.93	88.81	14.14	77.25	40.25	63.66	98.81	61.06	74.22	8.94	42.38	52.04	0.0	38.83	56.32	39.4	91.93	35.78	60.93	70.88	33.53	46.86	28.43	15.23	93.51	16.97	70.46	87.66	46.82	72.99	11.66	65.12	72.69	81.69	15.62	81.69	15.62	32.02	91.24	72.56	30.02	65.19	61.01	40.26	60.46	59.21
40	49.4	23.32	24.74	50.91	53.85	52.35	32.56	56.6	52.15	37.95	44.41	43.91	35.78	37.2	22.36	30.0	20.59	65.3	45.12	40.05	55.61	50.16	17.89	45.61	53.81	42.05	58.82	36.0	50.0	31.05	50.16	19.8	26.08	60.0	22.36	51.92	30.0	36.88	42.43	38.83	0.0	50.99	38.21	54.04	38.0	34.93	47.54	43.17	14.14	10.77	27.2	55.17	55.61	48.41	53.14	39.85	41.23	44.94	27.2	41.76	45.62	37.74	45.62	37.74	25.63	53.26	50.61	9.22	27.02	37.01	45.31	28.07	38.18
41	23.32	59.93	31.3	74.03	103.25	74.11	63.15	16.12	82.22	50.04	12.17	76.94	69.57	14.42	36.06	74.43	60.93	116.28	49.03	84.12	82.0	59.23	47.41	22.8	104.8	16.0	14.56	79.65	78.1	42.76	37.58	31.24	53.37	86.02	62.77	28.84	53.85	83.76	8.94	56.32	50.99	0.0	83.35	72.44	81.41	30.0	28.64	24.33	41.18	47.2	43.68	76.24	68.26	99.36	58.24	87.66	89.55	50.16	55.32	90.55	58.42	68.41	58.42	68.41	28.65	72.34	101.53	52.01	56.52	87.97	17.46	40.45	89.14
42	86.83	24.08	52.15	80.62	49.4	82.46	63.25	92.48	77.18	74.43	79.85	68.96	20.88	68.96	60.53	8.94	50.0	46.17	82.22	2.83	82.37	85.51	36.06	69.31	36.06	70.0	94.02	4.47	76.94	45.34	88.36	55.03	60.83	86.09	50.6	89.82	34.41	4.47	76.03	39.4	38.21	83.35	0.0	85.44	4.0	72.99	85.51	66.48	52.35	36.77	42.43	85.09	48.17	34.93	89.11	8.0	45.61	50.99	61.19	44.41	80.6	24.74	80.6	24.74	54.71	84.5	36.67	32.57	60.42	29.15	71.7	66.03	25.5
43	52.15	77.2	68.26	6.32	64.03	4.47	22.36	64.28	17.2	22.8	60.3	20.4	89.31	67.05	42.94	79.62	35.78	85.51	24.08	88.02	12.81	14.56	70.71	83.57	78.23	75.89	68.26	85.09	13.42	81.22	38.83	55.57	28.28	15.23	34.93	48.66	83.45	82.22	65.12	91.93	54.04	72.44	85.44	0.0	86.93	42.76	46.17	82.46	45.61	63.66	78.1	4.47	108.9	72.11	17.89	82.97	52.35	95.6	26.91	54.33	14.04	91.61	14.04	91.61	66.73	1.0	73.25	63.25	27.02	65.19	80.01	34.93	69.35
44	85.91	21.63	50.12	82.29	53.14	84.1	64.62	91.08	79.32	74.97	78.43	71.02	17.09	67.08	60.13	8.0	51.26	50.16	82.61	2.83	84.38	86.35	34.0	66.6	40.05	67.68	92.48	2.0	78.89	42.43	88.09	53.85	61.61	88.2	52.0	89.11	31.24	8.25	74.32	35.78	38.0	81.41	4.0	86.93	0.0	72.44	84.85	63.78	52.04	35.44	39.7	86.76	44.18	38.83	89.82	12.0	48.83	47.41	62.1	47.71	81.49	20.88	81.49	20.88	52.77	86.01	40.61	31.58	61.4	32.65	69.2	66.03	29.15
45	15.62	54.15	32.25	44.05	79.25	44.18	34.18	26.08	52.35	20.1	18.11	47.54	66.48	25.06	12.65	64.5	35.38	95.6	20.59	74.67	52.0	30.46	42.76	42.19	84.88	34.0	29.53	70.46	48.17	47.41	16.49	20.88	25.06	56.04	36.88	17.09	54.41	71.81	22.36	60.93	34.93	30.0	72.99	42.76	72.44	0.0	12.65	41.62	20.88	38.05	45.69	46.39	76.94	78.82	30.53	74.73	65.12	60.46	26.83	66.48	28.86	67.08	28.86	67.08	29.68	42.58	80.8	41.05	28.18	67.96	38.01	11.66	70.33
46	6.0	66.0	41.76	49.03	90.55	48.66	43.27	18.11	58.82	26.0	17.2	55.46	78.1	30.0	25.3	76.94	46.86	107.65	22.09	87.13	57.27	32.0	54.15	46.69	97.1	38.21	22.09	82.87	54.41	56.92	8.94	32.06	35.38	60.83	48.17	4.47	65.12	84.4	24.08	70.88	47.54	28.64	85.51	46.17	84.85	12.65	0.0	46.86	33.53	50.04	55.79	50.36	86.16	90.97	30.27	87.36	76.42	68.88	36.88	77.9	32.39	78.41	32.39	78.41	38.9	46.27	92.91	53.34	38.29	80.26	41.73	22.8	82.76
47	43.27	42.43	18.44	82.22	96.77	82.87	67.08	39.85	87.86	59.93	30.53	80.89	49.4	16.97	39.85	58.0	60.0	105.68	62.13	66.6	89.29	71.69	31.62	2.83	94.02	8.94	38.83	62.29	84.4	21.63	55.17	28.28	57.27	93.68	62.0	48.83	33.29	67.94	23.32	33.53	43.17	24.33	66.48	82.46	63.78	41.62	46.86	0.0	40.2	34.93	24.08	85.44	44.05	89.44	72.11	72.25	84.4	26.0	59.23	84.9	69.32	47.41	69.32	47.41	18.03	82.08	91.68	39.81	60.02	78.29	7.0	47.54	78.29
48	35.78	35.44	23.41	43.91	62.13	44.94	27.2	44.05	48.08	26.08	32.56	40.79	48.08	29.12	8.25	44.05	20.4	76.42	32.31	54.15	50.16	38.83	26.08	42.05	65.3	36.22	46.69	50.04	44.94	35.61	36.06	12.0	17.89	54.63	22.36	37.95	38.83	50.99	32.25	46.86	14.14	41.18	52.35	45.61	52.04	20.88	33.53	40.2	0.0	19.7	32.56	47.71	63.78	59.46	41.18	53.85	48.37	50.0	19.7	49.4	34.83	49.4	34.83	49.4	22.56	45.0	61.55	21.38	20.25	48.27	40.11	14.56	50.22
49	50.64	16.12	17.2	60.96	62.1	62.29	42.8	55.71	62.77	45.65	43.08	54.59	28.64	32.8	26.68	27.86	31.3	71.02	52.0	37.95	66.03	58.31	7.21	37.58	59.36	35.61	57.27	33.53	60.46	20.4	54.33	18.44	35.38	70.46	33.11	54.15	19.8	36.72	39.45	28.43	10.77	47.2	36.77	63.66	35.44	38.05	50.04	34.93	19.7	0.0	16.49	65.12	45.34	54.59	60.83	40.5	50.36	34.18	36.77	50.64	54.08	29.73	54.08	29.73	19.1	62.94	56.82	5.0	36.8	43.38	38.28	34.18	43.57
50	54.59	18.44	14.14	76.03	76.94	77.2	58.31	56.14	78.71	58.14	44.0	70.68	26.0	30.27	37.2	34.06	47.54	83.26	63.25	42.52	81.63	70.94	10.0	26.91	71.69	28.64	56.57	38.21	76.16	4.0	62.03	25.06	50.0	86.09	49.4	59.23	10.2	44.05	38.21	15.23	27.2	43.68	42.43	78.1	39.7	45.69	55.79	24.08	32.56	16.49	0.0	80.0	31.62	67.68	72.8	48.41	66.03	17.89	51.61	66.12	67.21	24.74	67.21	24.74	17.12	77.47	69.89	20.02	51.87	57.01	29.68	45.61	56.3
51	56.32	78.1	70.71	4.47	61.19	2.83	22.8	68.47	13.42	26.31	64.12	18.0	90.0	70.34	45.69	79.65	36.06	82.87	28.28	87.73	8.49	18.97	72.25	86.65	76.03	79.12	72.44	84.97	10.2	83.23	43.17	58.14	30.0	10.77	34.99	52.95	84.9	81.71	68.73	93.51	55.17	76.24	85.09	4.47	86.76	46.39	50.36	85.44	47.71	65.12	80.0	0.0	110.45	70.0	22.36	82.22	50.04	97.65	28.43	52.04	18.03	92.46	18.03	92.46	69.32	4.12	71.03	64.38	28.32	63.64	83.24	37.95	67.9
52	84.12	34.93	44.72	106.3	95.04	107.63	88.09	83.19	107.65	89.64	72.28	99.3	28.07	57.72	68.82	44.18	76.03	94.34	94.87	46.39	111.21	102.45	38.21	46.0	84.02	52.35	82.61	44.05	105.6	29.53	93.04	56.6	80.62	115.6	77.67	89.2	25.61	52.04	65.51	16.97	55.61	68.26	48.17	108.9	44.18	76.94	86.16	44.05	63.78	45.34	31.62	110.45	0.0	82.1	104.4	56.14	87.36	18.11	82.07	86.83	98.6	24.08	98.6	24.08	47.42	108.21	84.05	46.62	82.13	73.82	51.04	77.2	71.34
53	94.4	50.99	71.69	66.03	15.62	68.03	53.85	103.48	58.31	70.94	91.93	52.0	54.04	85.6	66.84	38.0	44.72	16.97	79.12	37.36	64.28	78.1	58.31	92.13	6.32	89.89	106.15	38.47	60.03	71.47	90.35	68.12	57.27	66.75	43.86	95.41	63.15	30.59	90.69	70.46	48.41	99.36	34.93	72.11	38.83	78.82	90.97	89.44	59.46	54.59	67.68	70.0	82.1	0.0	82.46	27.2	20.1	81.22	56.46	18.11	73.25	58.03	73.25	58.03	73.25	71.11	2.24	49.65	55.15	11.4	92.78	68.26	11.4
54	36.22	76.16	60.83	22.8	76.97	21.63	28.64	48.04	34.06	15.23	46.17	34.41	88.77	55.57	35.61	82.0	40.0	97.41	10.0	91.41	30.53	4.47	67.23	72.72	88.77	64.5	52.04	87.86	29.73	75.29	22.0	48.17	28.28	33.11	40.05	32.0	79.92	86.58	52.0	87.66	53.14	58.24	89.11	17.89	89.82	30.53	30.27	72.11	41.18	60.83	72.8	22.36	104.4	82.46	0.0	88.2	63.91	89.2	28.07	65.79	9.22	90.38	9.22	90.38	58.69	18.36	83.93	61.85	29.02	73.82	68.48	27.2	77.52
55	89.2	30.0	56.85	77.79	42.05	79.7	61.19	95.71	73.35	74.0	83.19	65.39	28.64	73.24	62.1	14.42	48.37	38.21	82.02	10.2	78.79	84.38	41.04	75.07	28.07	75.07	97.53	12.17	73.54	51.61	89.44	58.14	60.03	82.29	48.66	91.76	41.18	4.47	79.92	46.82	39.85	87.66	8.0	82.97	12.0	74.73	87.36	72.25	53.85	40.5	48.41	82.22	56.14	27.2	88.2	0.0	39.6	58.31	60.13	38.21	79.4	32.56	79.4	32.56	59.2	82.01	28.86	35.85	59.21	22.67	77.08	66.75	18.6
56	80.62	52.95	65.97	46.17	14.14	48.17	35.78	90.91	38.21	53.85	80.45	32.06	60.17	76.97	54.41	44.72	29.73	33.53	61.77	48.41	44.18	59.46	56.04	86.83	26.0	82.87	94.02	47.71	40.0	70.03	74.4	59.09	41.23	46.69	28.28	80.72	64.5	41.23	80.62	72.99	41.23	89.55	45.61	52.35	48.83	65.12	76.42	84.4	48.37	50.36	66.03	50.04	87.36	20.1	63.91	39.6	0.0	82.22	40.0	2.0	54.78	63.91	54.78	63.91	66.76	51.35	21.0	46.1	38.6	17.03	86.33	53.74	21.4
57	66.48	30.27	28.43	93.74	92.09	94.87	76.16	65.12	96.6	74.97	54.41	88.57	30.53	39.85	53.74	44.27	65.39	95.6	79.4	50.12	99.48	87.68	27.2	28.07	84.4	34.23	64.5	46.52	94.02	14.42	76.16	41.04	67.68	103.94	67.23	71.69	18.11	53.85	47.54	11.66	44.94	50.16	50.99	95.6	47.41	60.46	68.88	26.0	50.0	34.18	17.89	97.65	18.11	81.22	89.2	58.31	82.22	0.0	69.34	82.1	84.22	27.2	84.22	27.2	30.81	95.0	83.36	37.11	69.64	71.34	33.0	62.23	69.87
58	41.62	50.48	43.08	24.41	54.04	25.61	8.0	52.84	28.64	14.56	44.27	22.0	62.77	46.0	20.0	54.41	12.17	72.47	22.8	63.56	30.46	24.33	43.86	60.83	62.77	54.15	56.36	60.17	25.3	54.92	34.41	31.05	2.0	34.93	12.65	41.04	56.57	58.55	46.69	65.12	27.2	55.32	61.19	26.91	62.1	26.83	36.88	59.23	19.7	36.77	51.61	28.43	82.07	56.46	28.07	60.13	40.0	69.34	0.0	41.62	19.42	64.9	19.42	64.9	42.06	26.17	58.18	36.4	1.41	46.84	58.22	15.23	50.22
59	82.02	52.61	66.48	48.17	12.81	50.16	37.58	92.2	40.2	55.57	81.61	34.06	59.46	77.82	55.61	43.86	31.11	31.62	63.53	47.2	46.17	61.35	56.14	87.36	24.0	83.57	95.27	46.65	42.0	70.11	76.03	59.93	42.8	48.66	29.73	82.22	64.28	40.0	81.63	72.69	41.76	90.55	44.41	54.33	47.71	66.48	77.9	84.9	49.4	50.64	66.12	52.04	86.83	18.11	65.79	38.21	2.0	82.1	41.62	0.0	56.65	63.25	56.65	63.25	67.36	53.34	19.0	46.27	40.22	15.56	86.98	55.17	19.85
60	38.33	68.88	56.22	16.76	67.98	16.28	19.42	50.49	27.29	9.43	46.27	26.17	81.39	53.49	30.61	73.76	31.06	88.26	10.44	82.98	25.0	5.0	60.8	70.26	79.56	62.39	54.45	79.56	22.83	70.01	25.63	43.42	19.92	28.44	31.0	35.17	73.6	77.93	51.2	81.69	45.62	58.42	80.6	14.04	81.49	28.86	32.39	69.32	34.83	54.08	67.21	18.03	98.6	73.25	9.22	79.4	54.78	84.22	19.42	56.65	0.0	83.24	0.0	83.24	54.41	14.0	74.73	54.59	20.22	64.63	66.48	22.2	68.36
61	78.03	14.42	38.21	88.09	71.02	89.64	69.66	80.62	87.73	75.15	68.26	79.25	4.0	54.92	56.32	20.1	56.64	70.71	81.71	23.41	91.93	87.66	24.33	50.12	60.13	53.14	81.22	20.4	86.28	26.0	83.55	46.39	63.81	96.17	58.0	82.22	14.56	28.28	62.8	15.62	37.74	68.41	24.74	91.61	20.88	67.08	78.41	47.41	49.4	29.73	24.74	92.46	24.08	58.03	90.38	32.56	63.91	27.2	64.9	63.25	83.24	0.0	83.24	0.0	41.19	90.8	60.01	28.65	64.64	49.82	53.71	63.91	47.27
62	38.33	68.88	56.22	16.76	67.98	16.28	19.42	50.49	27.29	9.43	46.27	26.17	81.39	53.49	30.61	73.76	31.06	88.26	10.44	82.98	25.0	5.0	60.8	70.26	79.56	62.39	54.45	79.56	22.83	70.01	25.63	43.42	19.92	28.44	31.0	35.17	73.6	77.93	51.2	81.69	45.62	58.42	80.6	14.04	81.49	28.86	32.39	69.32	34.83	54.08	67.21	18.03	98.6	73.25	9.22	79.4	54.78	84.22	19.42	56.65	0.0	83.24	0.0	83.24	54.41	14.0	74.73	54.59	20.22	64.63	66.48	22.2	68.36
63	78.03	14.42	38.21	88.09	71.02	89.64	69.66	80.62	87.73	75.15	68.26	79.25	4.0	54.92	56.32	20.1	56.64	70.71	81.71	23.41	91.93	87.66	24.33	50.12	60.13	53.14	81.22	20.4	86.28	26.0	83.55	46.39	63.81	96.17	58.0	82.22	14.56	28.28	62.8	15.62	37.74	68.41	24.74	91.61	20.88	67.08	78.41	47.41	49.4	29.73	24.74	92.46	24.08	58.03	90.38	32.56	63.91	27.2	64.9	63.25	83.24	0.0	83.24	0.0	41.19	90.8	60.01	28.65	64.64	49.82	53.71	63.91	47.27
64	37.48	31.38	3.0	65.8	79.48	66.64	49.73	39.46	70.6	45.0	27.07	63.35	41.77	14.32	23.85	45.79	42.01	89.87	48.8	55.47	72.45	57.49	18.79	20.22	78.24	16.64	40.26	51.0	67.36	18.03	45.62	11.18	40.16	76.9	44.01	42.2	27.0	55.22	21.84	32.02	25.63	28.65	54.71	66.73	52.77	29.68	38.9	18.03	22.56	19.1	17.12	69.32	47.42	73.25	58.69	59.2	66.76	30.81	42.06	67.36	54.41	41.19	54.41	41.19	0.0	66.24	75.47	24.08	42.72	61.91	19.7	32.2	62.43
65	52.24	76.4	67.74	5.39	63.06	3.61	21.47	64.38	16.4	22.56	60.21	19.42	88.48	66.76	42.49	78.72	34.89	84.53	24.19	87.09	12.21	14.87	70.01	83.22	77.23	75.58	68.36	84.17	12.53	80.6	39.05	55.07	27.59	14.87	34.01	48.84	82.73	81.27	64.94	91.24	53.26	72.34	84.5	1.0	86.01	42.58	46.27	82.08	45.0	62.94	77.47	4.12	108.21	71.11	18.36	82.01	51.35	95.0	26.17	53.34	14.0	90.8	14.0	90.8	66.24	0.0	72.25	62.48	26.25	64.2	79.7	34.54	68.36
66	96.4	53.15	73.93	67.12	14.87	69.12	55.36	105.55	59.14	72.62	94.05	53.04	56.01	87.8	68.88	40.01	46.53	14.87	80.78	39.05	65.12	79.56	60.54	94.37	5.0	92.11	108.25	40.31	61.0	73.68	92.18	70.29	59.03	67.48	45.62	97.35	65.31	32.39	92.85	72.56	50.61	101.53	36.67	73.25	40.61	80.8	92.91	91.68	61.55	56.82	69.89	71.03	84.05	2.24	83.93	28.86	21.0	83.36	58.18	19.0	74.73	60.01	74.73	60.01	75.47	72.25	0.0	51.88	56.86	13.6	95.02	70.18	13.6
67	54.34	14.32	22.2	60.11	57.49	61.55	41.73	60.01	61.03	46.62	47.42	52.7	26.93	37.64	29.07	23.77	29.41	66.04	53.45	33.96	64.66	59.03	10.05	42.49	54.38	40.61	61.72	29.61	59.03	24.02	57.04	22.47	35.23	69.03	31.06	57.56	21.1	32.2	44.1	30.02	9.22	52.01	32.57	63.25	31.58	41.05	53.34	39.81	21.38	5.0	20.02	64.38	46.62	49.65	61.85	35.85	46.1	37.11	36.4	46.27	54.59	28.65	54.59	28.65	24.08	62.48	51.88	0.0	36.24	38.48	43.27	35.9	38.59
68	43.01	50.22	43.66	24.21	52.63	25.5	7.07	54.2	27.89	15.81	45.54	21.02	62.43	47.01	21.02	53.76	11.05	71.12	24.04	62.82	29.97	25.18	43.93	61.66	61.47	55.08	57.71	59.48	24.7	55.23	35.81	31.78	3.16	34.44	11.4	42.45	56.59	57.71	47.85	65.19	27.02	56.52	60.42	27.02	61.4	28.18	38.29	60.02	20.25	36.8	51.87	28.32	82.13	55.15	29.02	59.21	38.6	69.64	1.41	40.22	20.22	64.64	20.22	64.64	42.72	26.25	56.86	36.24	0.0	45.61	59.14	16.55	49.03
69	83.49	41.11	60.42	59.41	21.21	61.4	45.28	92.31	53.16	61.4	80.66	45.89	45.89	74.2	55.8	29.83	34.79	28.32	69.64	31.91	58.94	69.58	47.43	80.96	17.03	78.55	94.92	31.78	54.13	60.88	80.11	56.73	47.43	61.98	34.21	84.72	53.24	24.7	79.31	61.01	37.01	87.97	29.15	65.19	32.65	67.96	80.26	78.29	48.27	43.38	57.01	63.64	73.82	11.4	73.82	22.67	17.03	71.34	46.84	15.56	64.63	49.82	64.63	49.82	61.91	64.2	13.6	38.48	45.61	0.0	81.49	57.71	4.47
70	37.64	47.63	21.1	80.28	99.16	80.78	66.19	33.24	86.7	57.25	24.84	80.16	55.47	13.0	38.33	63.03	60.41	109.29	58.59	72.01	87.66	68.45	36.07	5.39	97.64	4.12	32.02	67.62	83.02	27.73	50.33	28.16	56.22	91.98	62.39	43.28	39.36	72.86	17.69	40.26	45.31	17.46	71.7	80.01	69.2	38.01	41.73	7.0	40.11	38.28	29.68	83.24	51.04	92.78	68.48	77.08	86.33	33.0	58.22	86.98	66.48	53.71	66.48	53.71	19.7	79.7	95.02	43.27	59.14	81.49	0.0	45.35	81.84
71	26.91	50.0	34.06	34.93	67.88	35.44	22.8	37.74	42.0	12.81	29.12	36.5	62.64	32.56	8.49	58.03	24.08	84.88	17.89	68.0	42.43	25.46	40.25	48.7	74.43	41.23	41.18	64.03	38.05	48.17	22.8	21.26	13.42	46.69	25.46	27.2	52.84	64.28	32.06	60.46	28.07	40.45	66.03	34.93	66.03	11.66	22.8	47.54	14.56	34.18	45.61	37.95	77.2	68.26	27.2	66.75	53.74	62.23	15.23	55.17	22.2	63.91	22.2	63.91	32.2	34.54	70.18	35.9	16.55	57.71	45.35	0.0	60.42
72	85.76	39.62	60.75	63.64	24.04	65.62	49.09	94.2	57.57	64.76	82.33	50.22	43.29	75.17	57.98	27.17	38.08	27.46	73.01	28.18	63.32	73.33	47.01	81.01	15.81	79.06	96.67	28.46	58.46	60.08	83.01	57.98	50.7	66.41	37.66	87.24	51.79	21.02	80.61	59.21	38.18	89.14	25.5	69.35	29.15	70.33	82.76	78.29	50.22	43.57	56.3	67.9	71.34	11.4	77.52	18.6	21.4	69.87	50.22	19.85	68.36	47.27	68.36	47.27	62.43	68.36	13.6	38.59	49.03	4.47	81.84	60.42	0.0
;
