set K:= 1	2	3	4	5	6	7;
set C_H:= 1	2	3	4	5	6	7	8	9	10	11	12	13	14	15	16	17	18;
set C_S:= 19	20	21	22	23	24	25	26	27	28	29	30	31	32	33	34	35;
set C_F:= 36	37	38	39	40	41	42	43	44	45	46	47	48	49	50	51	52;
set M:= 53	54	55	56;
set M_B:= 57	58	59	60;
set L_B:= 61	62	63	64	65	66	67;
set A1:=
(0,*) 1 2 3 4 5 6 7 8 9 10 11 12 13 14 15 16 17 18 36 37 38 39 40 41 42 43 44 45 46 47 48 49 50 51 52 53 54 55 56 57 58 59 60 61 62 63 64 65 66 67
(1,*) 0 2 3 4 5 6 7 8 9 10 11 12 13 14 15 16 17 18 36 37 38 39 40 41 42 43 44 45 46 47 48 49 50 51 52 53 54 55 56 57 58 59 60 61 62 63 64 65 66 67
(2,*) 0 1 3 4 5 6 7 8 9 10 11 12 13 14 15 16 17 18 36 37 38 39 40 41 42 43 44 45 46 47 48 49 50 51 52 53 54 55 56 57 58 59 60 61 62 63 64 65 66 67
(3,*) 0 1 2 4 5 6 7 8 9 10 11 12 13 14 15 16 17 18 36 37 38 39 40 41 42 43 44 45 46 47 48 49 50 51 52 53 54 55 56 57 58 59 60 61 62 63 64 65 66 67
(4,*) 0 1 2 3 5 6 7 8 9 10 11 12 13 14 15 16 17 18 36 37 38 39 40 41 42 43 44 45 46 47 48 49 50 51 52 53 54 55 56 57 58 59 60 61 62 63 64 65 66 67
(5,*) 0 1 2 3 4 6 7 8 9 10 11 12 13 14 15 16 17 18 36 37 38 39 40 41 42 43 44 45 46 47 48 49 50 51 52 53 54 55 56 57 58 59 60 61 62 63 64 65 66 67
(6,*) 0 1 2 3 4 5 7 8 9 10 11 12 13 14 15 16 17 18 36 37 38 39 40 41 42 43 44 45 46 47 48 49 50 51 52 53 54 55 56 57 58 59 60 61 62 63 64 65 66 67
(7,*) 0 1 2 3 4 5 6 8 9 10 11 12 13 14 15 16 17 18 36 37 38 39 40 41 42 43 44 45 46 47 48 49 50 51 52 53 54 55 56 57 58 59 60 61 62 63 64 65 66 67
(8,*) 0 1 2 3 4 5 6 7 9 10 11 12 13 14 15 16 17 18 36 37 38 39 40 41 42 43 44 45 46 47 48 49 50 51 52 53 54 55 56 57 58 59 60 61 62 63 64 65 66 67
(9,*) 0 1 2 3 4 5 6 7 8 10 11 12 13 14 15 16 17 18 36 37 38 39 40 41 42 43 44 45 46 47 48 49 50 51 52 53 54 55 56 57 58 59 60 61 62 63 64 65 66 67
(10,*) 0 1 2 3 4 5 6 7 8 9 11 12 13 14 15 16 17 18 36 37 38 39 40 41 42 43 44 45 46 47 48 49 50 51 52 53 54 55 56 57 58 59 60 61 62 63 64 65 66 67
(11,*) 0 1 2 3 4 5 6 7 8 9 10 12 13 14 15 16 17 18 36 37 38 39 40 41 42 43 44 45 46 47 48 49 50 51 52 53 54 55 56 57 58 59 60 61 62 63 64 65 66 67
(12,*) 0 1 2 3 4 5 6 7 8 9 10 11 13 14 15 16 17 18 36 37 38 39 40 41 42 43 44 45 46 47 48 49 50 51 52 53 54 55 56 57 58 59 60 61 62 63 64 65 66 67
(13,*) 0 1 2 3 4 5 6 7 8 9 10 11 12 14 15 16 17 18 36 37 38 39 40 41 42 43 44 45 46 47 48 49 50 51 52 53 54 55 56 57 58 59 60 61 62 63 64 65 66 67
(14,*) 0 1 2 3 4 5 6 7 8 9 10 11 12 13 15 16 17 18 36 37 38 39 40 41 42 43 44 45 46 47 48 49 50 51 52 53 54 55 56 57 58 59 60 61 62 63 64 65 66 67
(15,*) 0 1 2 3 4 5 6 7 8 9 10 11 12 13 14 16 17 18 36 37 38 39 40 41 42 43 44 45 46 47 48 49 50 51 52 53 54 55 56 57 58 59 60 61 62 63 64 65 66 67
(16,*) 0 1 2 3 4 5 6 7 8 9 10 11 12 13 14 15 17 18 36 37 38 39 40 41 42 43 44 45 46 47 48 49 50 51 52 53 54 55 56 57 58 59 60 61 62 63 64 65 66 67
(17,*) 0 1 2 3 4 5 6 7 8 9 10 11 12 13 14 15 16 18 36 37 38 39 40 41 42 43 44 45 46 47 48 49 50 51 52 53 54 55 56 57 58 59 60 61 62 63 64 65 66 67
(18,*) 0 1 2 3 4 5 6 7 8 9 10 11 12 13 14 15 16 17 36 37 38 39 40 41 42 43 44 45 46 47 48 49 50 51 52 53 54 55 56 57 58 59 60 61 62 63 64 65 66 67
(36,*) 0 1 2 3 4 5 6 7 8 9 10 11 12 13 14 15 16 17 18 37 38 39 40 41 42 43 44 45 46 47 48 49 50 51 52 53 54 55 56 57 58 59 60 61 62 63 64 65 66 67
(37,*) 0 1 2 3 4 5 6 7 8 9 10 11 12 13 14 15 16 17 18 36 38 39 40 41 42 43 44 45 46 47 48 49 50 51 52 53 54 55 56 57 58 59 60 61 62 63 64 65 66 67
(38,*) 0 1 2 3 4 5 6 7 8 9 10 11 12 13 14 15 16 17 18 36 37 39 40 41 42 43 44 45 46 47 48 49 50 51 52 53 54 55 56 57 58 59 60 61 62 63 64 65 66 67
(39,*) 0 1 2 3 4 5 6 7 8 9 10 11 12 13 14 15 16 17 18 36 37 38 40 41 42 43 44 45 46 47 48 49 50 51 52 53 54 55 56 57 58 59 60 61 62 63 64 65 66 67
(40,*) 0 1 2 3 4 5 6 7 8 9 10 11 12 13 14 15 16 17 18 36 37 38 39 41 42 43 44 45 46 47 48 49 50 51 52 53 54 55 56 57 58 59 60 61 62 63 64 65 66 67
(41,*) 0 1 2 3 4 5 6 7 8 9 10 11 12 13 14 15 16 17 18 36 37 38 39 40 42 43 44 45 46 47 48 49 50 51 52 53 54 55 56 57 58 59 60 61 62 63 64 65 66 67
(42,*) 0 1 2 3 4 5 6 7 8 9 10 11 12 13 14 15 16 17 18 36 37 38 39 40 41 43 44 45 46 47 48 49 50 51 52 53 54 55 56 57 58 59 60 61 62 63 64 65 66 67
(43,*) 0 1 2 3 4 5 6 7 8 9 10 11 12 13 14 15 16 17 18 36 37 38 39 40 41 42 44 45 46 47 48 49 50 51 52 53 54 55 56 57 58 59 60 61 62 63 64 65 66 67
(44,*) 0 1 2 3 4 5 6 7 8 9 10 11 12 13 14 15 16 17 18 36 37 38 39 40 41 42 43 45 46 47 48 49 50 51 52 53 54 55 56 57 58 59 60 61 62 63 64 65 66 67
(45,*) 0 1 2 3 4 5 6 7 8 9 10 11 12 13 14 15 16 17 18 36 37 38 39 40 41 42 43 44 46 47 48 49 50 51 52 53 54 55 56 57 58 59 60 61 62 63 64 65 66 67
(46,*) 0 1 2 3 4 5 6 7 8 9 10 11 12 13 14 15 16 17 18 36 37 38 39 40 41 42 43 44 45 47 48 49 50 51 52 53 54 55 56 57 58 59 60 61 62 63 64 65 66 67
(47,*) 0 1 2 3 4 5 6 7 8 9 10 11 12 13 14 15 16 17 18 36 37 38 39 40 41 42 43 44 45 46 48 49 50 51 52 53 54 55 56 57 58 59 60 61 62 63 64 65 66 67
(48,*) 0 1 2 3 4 5 6 7 8 9 10 11 12 13 14 15 16 17 18 36 37 38 39 40 41 42 43 44 45 46 47 49 50 51 52 53 54 55 56 57 58 59 60 61 62 63 64 65 66 67
(49,*) 0 1 2 3 4 5 6 7 8 9 10 11 12 13 14 15 16 17 18 36 37 38 39 40 41 42 43 44 45 46 47 48 50 51 52 53 54 55 56 57 58 59 60 61 62 63 64 65 66 67
(50,*) 0 1 2 3 4 5 6 7 8 9 10 11 12 13 14 15 16 17 18 36 37 38 39 40 41 42 43 44 45 46 47 48 49 51 52 53 54 55 56 57 58 59 60 61 62 63 64 65 66 67
(51,*) 0 1 2 3 4 5 6 7 8 9 10 11 12 13 14 15 16 17 18 36 37 38 39 40 41 42 43 44 45 46 47 48 49 50 52 53 54 55 56 57 58 59 60 61 62 63 64 65 66 67
(52,*) 0 1 2 3 4 5 6 7 8 9 10 11 12 13 14 15 16 17 18 36 37 38 39 40 41 42 43 44 45 46 47 48 49 50 51 53 54 55 56 57 58 59 60 61 62 63 64 65 66 67
(53,*) 0 1 2 3 4 5 6 7 8 9 10 11 12 13 14 15 16 17 18 36 37 38 39 40 41 42 43 44 45 46 47 48 49 50 51 52 54 55 56 57 58 59 60 61 62 63 64 65 66 67
(54,*) 0 1 2 3 4 5 6 7 8 9 10 11 12 13 14 15 16 17 18 36 37 38 39 40 41 42 43 44 45 46 47 48 49 50 51 52 53 55 56 57 58 59 60 61 62 63 64 65 66 67
(55,*) 0 1 2 3 4 5 6 7 8 9 10 11 12 13 14 15 16 17 18 36 37 38 39 40 41 42 43 44 45 46 47 48 49 50 51 52 53 54 56 57 58 59 60 61 62 63 64 65 66 67
(56,*) 0 1 2 3 4 5 6 7 8 9 10 11 12 13 14 15 16 17 18 36 37 38 39 40 41 42 43 44 45 46 47 48 49 50 51 52 53 54 55 57 58 59 60 61 62 63 64 65 66 67
(57,*) 0 1 2 3 4 5 6 7 8 9 10 11 12 13 14 15 16 17 18 36 37 38 39 40 41 42 43 44 45 46 47 48 49 50 51 52 53 54 55 56 58 59 60 61 62 63 64 65 66 67
(58,*) 0 1 2 3 4 5 6 7 8 9 10 11 12 13 14 15 16 17 18 36 37 38 39 40 41 42 43 44 45 46 47 48 49 50 51 52 53 54 55 56 57 59 60 61 62 63 64 65 66 67
(59,*) 0 1 2 3 4 5 6 7 8 9 10 11 12 13 14 15 16 17 18 36 37 38 39 40 41 42 43 44 45 46 47 48 49 50 51 52 53 54 55 56 57 58 60 61 62 63 64 65 66 67
(60,*) 0 1 2 3 4 5 6 7 8 9 10 11 12 13 14 15 16 17 18 36 37 38 39 40 41 42 43 44 45 46 47 48 49 50 51 52 53 54 55 56 57 58 59 61 62 63 64 65 66 67
(61,*) 0 1 2 3 4 5 6 7 8 9 10 11 12 13 14 15 16 17 18 36 37 38 39 40 41 42 43 44 45 46 47 48 49 50 51 52 53 54 55 56 57 58 59 60 62 63 64 65 66 67
(62,*) 0 1 2 3 4 5 6 7 8 9 10 11 12 13 14 15 16 17 18 36 37 38 39 40 41 42 43 44 45 46 47 48 49 50 51 52 53 54 55 56 57 58 59 60 61 63 64 65 66 67
(63,*) 0 1 2 3 4 5 6 7 8 9 10 11 12 13 14 15 16 17 18 36 37 38 39 40 41 42 43 44 45 46 47 48 49 50 51 52 53 54 55 56 57 58 59 60 61 62 64 65 66 67
(64,*) 0 1 2 3 4 5 6 7 8 9 10 11 12 13 14 15 16 17 18 36 37 38 39 40 41 42 43 44 45 46 47 48 49 50 51 52 53 54 55 56 57 58 59 60 61 62 63 65 66 67
(65,*) 0 1 2 3 4 5 6 7 8 9 10 11 12 13 14 15 16 17 18 36 37 38 39 40 41 42 43 44 45 46 47 48 49 50 51 52 53 54 55 56 57 58 59 60 61 62 63 64 66 67
(66,*) 0 1 2 3 4 5 6 7 8 9 10 11 12 13 14 15 16 17 18 36 37 38 39 40 41 42 43 44 45 46 47 48 49 50 51 52 53 54 55 56 57 58 59 60 61 62 63 64 65 67
(67,*) 0 1 2 3 4 5 6 7 8 9 10 11 12 13 14 15 16 17 18 36 37 38 39 40 41 42 43 44 45 46 47 48 49 50 51 52 53 54 55 56 57 58 59 60 61 62 63 64 65 66
;
set A2:=
(53,*) 54
(54,*) 53
(55,*) 56
(56,*) 55
;
param BigM:=99999;
param n:= 7;
param d:=
1	2
2	12
3	14
4	17
5	20
6	2
7	13
8	13
9	22
10	6
11	18
12	10
13	9
14	10
15	8
16	30
17	3
18	5
19	2
20	26
21	7
22	3
23	18
24	23
25	6
26	7
27	1
28	18
29	16
30	18
31	4
32	26
33	21
34	3
35	13
36	24
37	23
38	25
39	20
40	2
41	3
42	2
43	23
44	2
45	22
46	1
47	8
48	2
49	15
50	25
51	22
52	19
;
param Q:=100;
param w:=
[53,*] 54 0.1
[54,*] 53 0.1
[55,*] 56 0.1
[56,*] 55 0.1
;
param V:=
[53,*] 54 87
[54,*] 53 87
[55,*] 56 90
[56,*] 55 90
;
param e:
	53	54	55	56	57	58	59	60	61	62	63	64	65	66	67:=
19		0		1		0		0		0		1		0		0		0		0		0		0		1		0		0	
20		1		0		0		1		1		0		0		1		0		0		0		0		1		0		0	
21		0		1		0		0		0		1		0		0		0		0		0		1		0		0		0	
22		0		0		1		0		0		0		1		0		0		0		0		0		0		0		1	
23		0		0		1		0		0		0		1		0		0		0		0		0		0		1		0	
24		0		1		0		0		0		1		0		0		1		0		0		0		0		0		0	
25		1		0		0		0		1		0		0		0		0		1		0		0		0		0		0	
26		0		1		0		0		0		1		0		0		1		0		0		0		0		0		0	
27		0		1		0		0		0		1		0		0		0		0		0		0		0		0		1	
28		1		0		0		0		1		0		0		0		0		0		1		0		0		0		0	
29		0		1		0		0		0		1		0		0		1		0		0		0		0		0		0	
30		1		0		0		0		1		0		0		0		0		0		0		0		0		1		0	
31		0		1		0		0		0		1		0		0		1		0		0		0		0		0		1	
32		0		0		1		0		0		0		1		0		0		0		1		0		0		0		0	
33		0		0		1		0		0		0		1		0		0		0		1		0		0		0		0	
34		0		0		1		0		0		0		1		0		0		0		1		0		0		0		0	
35		0		1		0		0		0		1		0		0		1		0		0		0		0		0		0	
36		1		0		0		0		1		0		0		0		0		0		0		0		1		0		0	
37		0		1		0		0		0		1		0		0		1		0		0		0		0		0		0	
38		0		1		1		0		0		1		1		0		1		0		0		0		0		0		0	
39		0		1		0		0		0		1		0		0		1		0		0		0		0		0		0	
40		0		0		1		0		0		0		1		0		0		0		1		0		0		1		0	
41		1		0		0		0		1		0		0		0		0		0		0		1		0		0		1	
42		1		0		0		0		1		0		0		0		1		0		0		0		0		0		0	
43		1		0		0		0		1		0		0		0		0		1		0		0		1		0		0	
44		0		0		1		0		0		0		1		0		0		0		1		0		0		1		0	
45		1		0		0		0		1		0		0		0		0		1		0		0		1		0		0	
46		0		1		0		0		0		1		0		0		1		0		0		0		0		0		1	
47		1		0		0		0		1		0		0		0		0		1		0		0		1		0		0	
48		1		0		0		0		1		0		0		0		0		0		0		1		1		0		0	
49		0		0		1		0		0		0		1		0		0		0		0		1		0		1		0	
50		1		0		0		0		1		0		0		0		0		0		0		1		1		0		0	
51		0		1		0		0		0		1		0		0		1		0		0		1		0		0		1	
52		0		0		1		0		0		0		1		0		0		0		0		0		0		1		0	
;
param p:=
1	3
2	3
3	3
4	3
5	3
6	3
7	3
;
param G:=
53	87
54	72
55	87
56	90
57	87
58	72
59	87
60	90
61	89
62	71
63	73
64	95
65	79
66	74
67	99
;
param s:=
0	0
1	10
2	10
3	10
4	10
5	10
6	10
7	10
8	10
9	10
10	10
11	10
12	10
13	10
14	10
15	10
16	10
17	10
18	10
36	10
37	10
38	10
39	10
40	10
41	10
42	10
43	10
44	10
45	10
46	10
47	10
48	10
49	10
50	10
51	10
52	10
53	10
54	10
55	10
56	10
57	10
58	10
59	10
60	10
61	10
62	10
63	10
64	10
65	10
66	10
67	10
;
param t:
	0	1	2	3	4	5	6	7	8	9	10	11	12	13	14	15	16	17	18	19	20	21	22	23	24	25	26	27	28	29	30	31	32	33	34	35	36	37	38	39	40	41	42	43	44	45	46	47	48	49	50	51	52	53	54	55	56	57	58	59	60	61	62	63	64	65	66	67:=
0	0.0	11.4	57.57	27.66	31.14	33.38	40.22	46.01	24.19	48.05	82.49	30.53	27.78	40.01	18.03	82.04	25.24	64.28	21.54	22.2	33.11	35.11	96.54	73.55	42.72	47.2	57.31	23.77	63.98	55.33	54.34	47.54	72.95	76.49	74.04	62.29	63.32	57.31	61.98	49.65	90.0	31.3	58.86	37.01	65.12	42.8	22.47	52.35	44.18	55.23	33.53	29.07	69.03	48.02	48.01	85.8	25.08	48.02	48.01	85.8	25.08	46.0	56.4	86.65	28.64	28.02	64.2	24.33
1	11.4	0.0	46.17	35.34	37.74	36.5	32.31	36.89	28.16	48.75	71.56	24.21	17.03	29.07	18.03	72.25	36.24	53.76	14.21	12.21	25.5	30.02	86.31	64.03	37.22	41.11	54.23	26.25	55.76	54.71	42.95	43.01	62.2	65.3	62.64	61.4	54.59	54.23	62.03	53.26	79.51	20.25	48.76	31.62	53.76	37.01	28.02	44.82	33.73	44.41	24.7	23.09	58.73	41.04	46.1	75.29	30.87	41.04	46.1	75.29	30.87	44.38	53.23	75.27	17.49	22.47	53.81	22.14
2	57.57	46.17	0.0	76.01	76.24	70.71	35.78	29.41	66.22	71.59	29.68	43.93	31.14	21.93	55.22	40.2	82.08	24.7	43.01	37.22	39.82	45.88	48.85	36.22	46.14	48.1	63.25	61.29	44.1	71.87	5.39	51.87	23.77	21.26	16.49	75.8	40.2	63.25	79.32	82.54	40.72	27.17	27.17	47.71	10.3	47.85	67.03	42.95	23.71	14.42	35.47	42.95	26.02	44.27	62.27	36.77	70.8	44.27	62.27	36.77	70.8	62.18	65.46	29.15	29.43	45.97	22.36	51.48
3	27.66	35.34	76.01	0.0	5.0	57.25	46.49	54.41	48.37	31.02	95.08	58.01	45.18	63.32	45.28	89.0	32.0	88.32	48.55	39.32	60.21	36.25	104.69	80.06	42.19	74.81	47.43	15.81	90.92	39.92	74.24	43.28	84.9	91.24	92.05	46.49	89.89	47.43	44.15	26.08	99.72	49.16	83.82	64.66	85.21	70.43	9.06	79.61	68.62	68.88	59.94	34.93	79.06	75.45	37.2	95.86	47.01	75.45	37.2	95.86	47.01	35.0	83.63	103.48	47.38	55.61	75.0	25.71
4	31.14	37.74	76.24	5.0	0.0	61.74	45.12	53.15	52.77	26.4	93.94	61.07	45.89	64.85	49.04	86.93	37.0	89.81	51.4	40.26	63.01	34.48	102.69	78.0	39.81	77.99	43.42	15.0	93.49	35.34	74.81	40.22	83.74	90.55	92.02	41.79	92.28	43.42	39.29	21.1	98.03	49.82	85.62	67.94	85.71	73.66	9.85	82.42	70.38	68.26	62.43	34.13	77.62	78.41	33.3	94.25	51.62	78.41	33.3	94.25	51.62	31.14	87.46	103.12	48.27	58.8	73.76	25.02
5	33.38	36.5	70.71	57.25	61.74	0.0	68.41	71.87	9.22	81.39	99.9	27.02	50.7	48.8	18.68	104.96	32.2	64.88	29.15	47.8	31.4	66.37	117.41	97.53	73.68	33.38	90.01	57.07	53.34	88.68	65.8	79.31	92.01	91.93	85.28	95.63	54.92	90.01	95.35	81.93	109.81	52.33	57.78	26.0	74.2	29.83	54.71	41.77	48.6	74.89	35.47	59.54	90.43	36.88	81.1	105.6	10.63	36.88	81.1	105.6	10.63	79.16	31.38	98.23	49.66	24.76	85.44	57.01
6	40.22	32.31	35.78	46.49	45.12	68.41	0.0	8.06	60.41	35.85	48.84	49.09	19.03	36.24	49.73	43.27	64.38	56.59	41.11	20.62	47.52	11.0	58.67	34.41	10.63	62.82	29.41	30.68	69.46	36.4	36.62	17.03	38.64	46.0	49.48	41.01	66.57	29.41	44.05	47.3	53.31	19.65	55.44	56.32	46.07	60.02	37.7	62.39	42.54	24.33	43.93	12.21	32.57	60.73	26.63	49.4	63.16	60.73	26.63	49.4	63.16	26.42	78.77	59.21	21.21	49.0	28.64	21.02
7	46.01	36.89	29.41	54.41	53.15	71.87	8.06	0.0	64.4	43.01	40.79	50.25	21.19	34.21	53.31	36.24	70.77	51.86	43.42	24.7	48.01	19.03	51.31	27.59	17.09	62.39	33.97	38.6	66.71	42.54	31.11	22.47	30.59	38.01	42.06	46.4	63.51	33.97	49.93	54.92	45.62	20.22	51.62	57.04	39.66	60.07	45.54	60.88	40.16	16.76	44.01	19.7	24.7	59.84	33.11	41.63	67.6	59.84	33.11	41.63	67.6	33.24	79.06	51.35	22.56	50.64	20.62	28.79
8	24.19	28.16	66.22	48.37	52.77	9.22	60.41	64.4	0.0	72.18	94.76	24.35	43.42	44.65	11.4	98.47	26.0	63.6	23.35	39.92	28.79	57.71	111.52	90.74	65.12	35.23	81.06	47.85	55.08	79.51	61.61	70.58	86.37	87.21	81.54	86.47	56.01	81.06	86.15	72.8	104.14	45.49	56.75	26.02	70.83	31.06	45.54	43.01	45.62	68.88	32.2	50.99	84.2	38.01	72.03	99.9	5.1	38.01	72.03	99.9	5.1	70.06	37.44	94.58	42.72	21.54	79.2	48.01
9	48.05	48.75	71.59	31.02	26.4	81.39	35.85	43.01	72.18	0.0	81.15	72.56	47.38	67.94	65.15	69.72	61.98	91.02	62.65	44.05	72.95	26.08	85.33	61.29	25.96	89.04	18.87	24.33	100.5	8.94	72.07	22.02	71.34	80.23	85.07	15.52	98.29	18.87	14.04	13.34	82.3	50.33	88.73	80.13	81.86	85.23	28.07	91.21	74.28	59.77	70.8	31.14	64.12	88.23	11.05	79.1	72.44	88.23	11.05	79.1	72.44	10.05	101.98	93.94	50.21	71.12	61.52	26.93
10	82.49	71.56	29.68	95.08	93.94	99.9	48.84	40.79	94.76	81.15	0.0	73.41	54.71	51.4	83.49	19.21	107.7	48.51	71.42	60.42	69.4	59.68	20.22	22.83	56.04	77.39	66.71	79.31	70.21	78.09	34.99	59.14	10.2	9.22	21.0	79.56	66.1	66.71	84.17	94.02	12.04	51.31	53.6	77.39	30.81	77.41	86.13	71.51	53.34	27.29	65.0	60.17	17.03	73.41	70.26	9.22	99.09	73.41	70.26	9.22	99.09	71.11	94.54	17.8	54.08	75.29	20.22	69.38
11	30.53	24.21	43.93	58.01	61.07	27.02	49.09	50.25	24.35	72.56	73.41	0.0	30.07	22.02	16.03	80.11	47.04	39.29	10.0	30.08	4.47	50.96	91.59	73.39	57.07	16.97	75.69	50.45	33.84	77.88	38.9	63.56	66.04	65.19	58.26	84.31	33.73	75.69	85.43	77.47	83.76	30.07	32.56	7.62	47.2	12.81	51.66	21.93	21.63	49.66	8.49	43.97	65.31	17.49	68.71	79.61	29.41	17.49	68.71	79.61	29.41	67.23	30.08	71.22	28.0	3.0	60.42	45.65
12	27.78	17.03	31.14	45.18	45.89	50.7	19.03	21.19	43.42	47.38	54.71	30.07	0.0	20.62	32.2	55.44	53.0	44.72	22.36	6.08	28.64	22.47	69.31	47.43	27.51	44.27	46.62	31.32	53.26	50.8	29.07	34.18	45.22	48.85	47.52	56.6	50.93	46.62	58.6	55.76	62.48	4.0	41.62	37.34	40.05	41.23	36.35	44.78	26.91	27.46	25.3	16.28	41.73	42.54	41.05	58.26	46.87	42.54	41.05	58.26	46.87	40.0	59.84	59.67	2.83	30.02	36.8	22.36
13	40.01	29.07	21.93	63.32	64.85	48.8	36.24	34.21	44.65	67.94	51.4	22.02	20.62	0.0	34.0	59.14	62.82	25.0	21.93	25.06	18.03	42.52	69.84	53.15	46.32	29.07	65.51	50.99	33.29	70.94	17.03	53.0	44.29	43.19	36.89	76.4	30.61	65.51	78.75	76.28	61.91	17.69	21.1	26.4	26.4	27.66	55.03	26.68	6.4	28.86	13.6	36.8	44.27	26.02	61.07	57.8	49.4	26.02	61.07	57.8	49.4	60.21	46.39	49.93	17.8	24.04	39.56	42.72
14	18.03	18.03	55.22	45.28	49.04	18.68	49.73	53.31	11.4	65.15	83.49	16.03	32.2	34.0	0.0	87.09	31.02	54.74	12.21	29.12	20.02	48.04	100.12	79.4	55.23	30.87	72.11	41.23	49.48	71.81	50.77	61.03	75.01	76.06	70.83	78.64	49.65	72.11	78.85	67.6	92.76	34.13	48.26	20.62	60.37	26.4	40.5	37.36	35.74	57.49	22.56	41.11	72.8	32.57	63.64	88.53	15.62	32.57	63.64	88.53	15.62	61.81	38.42	83.86	31.38	13.04	67.8	39.46
15	82.04	72.25	40.2	89.0	86.93	104.96	43.27	36.24	98.47	69.72	19.21	80.11	55.44	59.14	87.09	0.0	106.96	63.2	75.8	60.14	76.69	52.77	15.81	8.94	47.17	87.56	53.0	73.36	84.01	65.03	45.4	48.27	17.12	26.0	37.95	65.19	80.0	53.0	70.11	83.02	13.34	53.01	67.01	85.44	45.28	86.68	80.53	83.02	62.82	30.46	72.24	55.47	14.87	83.95	58.69	11.66	102.2	83.95	58.69	11.66	102.2	60.02	105.02	37.01	55.8	81.39	19.7	64.14
16	25.24	36.24	82.08	32.0	37.0	32.2	64.38	70.77	26.0	61.98	107.7	47.04	53.0	62.82	31.02	106.96	0.0	85.38	41.44	47.43	51.0	57.43	121.66	98.35	64.9	60.64	75.96	39.92	80.06	70.61	78.43	68.48	98.18	101.53	98.43	77.47	80.5	75.96	75.66	58.03	115.21	56.44	79.1	50.8	88.89	56.29	34.21	67.9	65.76	80.45	53.15	52.5	94.2	62.97	65.79	111.02	21.95	62.97	65.79	111.02	21.95	63.57	63.13	111.23	53.71	44.05	89.4	45.49
17	64.28	53.76	24.7	88.32	89.81	64.88	56.59	51.86	63.6	91.02	48.51	39.29	44.72	25.0	54.74	63.2	85.38	0.0	44.05	49.77	34.93	65.0	68.73	60.42	67.21	34.06	85.63	75.77	21.84	92.85	21.1	73.54	46.1	39.32	27.89	97.59	17.72	85.63	100.57	100.34	60.53	41.18	7.21	38.91	18.0	36.06	80.01	26.17	20.1	38.91	32.25	60.21	50.01	29.83	82.98	57.22	68.68	29.83	82.98	57.22	68.68	82.46	49.2	38.47	42.05	42.2	46.84	67.08
18	21.54	14.21	43.01	48.55	51.4	29.15	41.11	43.42	23.35	62.65	71.42	10.0	22.36	21.93	12.21	75.8	41.44	44.05	0.0	21.1	11.66	41.77	88.41	68.43	48.26	26.91	66.49	40.46	42.49	68.15	38.59	54.59	63.13	63.89	58.67	74.67	41.79	66.49	75.64	67.48	80.92	23.41	38.05	17.49	48.33	22.8	41.87	31.06	24.33	45.8	12.17	34.71	61.29	27.02	59.14	76.69	27.8	27.02	59.14	76.69	27.8	57.58	39.56	71.69	20.88	8.54	56.3	35.78
19	22.2	12.21	37.22	39.32	40.26	47.8	20.62	24.7	39.92	44.05	60.42	30.08	6.08	25.06	29.12	60.14	47.43	49.77	21.1	0.0	29.55	20.88	74.41	51.86	27.17	45.62	45.61	26.0	56.57	48.37	35.01	33.54	50.77	54.78	53.6	54.56	54.56	45.61	56.08	51.4	67.8	10.05	46.14	37.64	46.01	42.15	30.59	47.2	31.06	33.12	26.93	13.93	46.86	44.42	38.91	63.6	42.94	44.42	38.91	63.6	42.94	37.59	60.17	65.73	8.06	29.43	42.01	17.8
20	33.11	25.5	39.82	60.21	63.01	31.4	47.52	48.01	28.79	72.95	69.4	4.47	28.64	18.03	20.02	76.69	51.0	34.93	11.66	29.55	0.0	50.33	87.82	70.21	56.04	16.12	74.95	51.62	30.87	77.83	34.71	62.64	62.27	61.07	53.91	84.1	30.36	74.95	85.48	78.57	79.92	28.07	28.28	9.06	42.8	12.65	53.41	19.42	17.2	46.24	4.47	43.46	61.85	15.56	68.45	75.8	33.84	15.56	68.45	75.8	33.84	67.08	31.26	66.84	26.31	7.28	57.01	46.04
21	35.11	30.02	45.88	36.25	34.48	66.37	11.0	19.03	57.71	26.08	59.68	50.96	22.47	42.52	48.04	52.77	57.43	65.0	41.77	20.88	50.33	0.0	68.45	43.83	7.62	66.31	24.74	20.59	75.6	28.43	46.07	13.0	49.5	57.0	60.21	34.13	73.11	24.74	36.24	36.69	63.57	24.84	62.97	58.52	56.08	62.97	27.78	67.23	48.92	35.23	47.42	7.07	43.17	64.85	18.6	59.77	59.67	64.85	18.6	59.77	59.67	17.69	81.04	70.18	25.24	50.22	39.46	12.04
22	96.54	86.31	48.85	104.69	102.69	117.41	58.67	51.31	111.52	85.33	20.22	91.59	69.31	69.84	100.12	15.81	121.66	68.73	88.41	74.41	87.82	68.45	0.0	24.7	62.97	96.93	68.18	89.0	90.43	80.31	54.23	64.03	25.55	29.43	41.11	80.0	86.31	68.18	85.01	98.66	8.25	66.48	73.76	96.18	50.99	96.66	96.15	91.39	72.5	42.64	83.35	70.83	27.59	93.05	74.33	12.08	115.52	93.05	74.33	12.08	115.52	75.71	114.23	34.93	69.31	93.19	32.53	79.65
23	73.55	64.03	36.22	80.06	78.0	97.53	34.41	27.59	90.74	61.29	22.83	73.39	47.43	53.15	79.4	8.94	98.35	60.42	68.43	51.86	70.21	43.83	24.7	0.0	38.28	82.04	45.18	64.41	80.31	57.04	41.05	39.62	16.4	26.91	37.74	57.71	76.42	45.18	62.51	74.55	21.02	45.28	63.39	79.12	43.01	80.81	71.59	78.16	57.43	24.33	65.8	46.62	10.44	78.64	50.25	18.11	94.3	78.64	50.25	18.11	94.3	51.48	99.46	39.82	48.02	74.46	14.0	55.23
24	42.72	37.22	46.14	42.19	39.81	73.68	10.63	17.09	65.12	25.96	56.04	57.07	27.51	46.32	55.23	47.17	64.9	67.21	48.26	27.17	56.04	7.62	62.97	38.28	0.0	71.78	19.24	27.02	79.61	25.81	47.2	6.71	46.0	54.45	59.14	30.41	76.84	19.24	33.42	38.21	58.69	29.07	65.95	64.54	56.44	68.68	34.21	72.01	52.7	33.84	52.81	14.14	39.12	70.01	16.12	55.11	67.19	70.01	16.12	55.11	67.19	16.16	87.1	68.07	30.08	56.57	36.01	19.42
25	47.2	41.11	48.1	74.81	77.99	33.38	62.82	62.39	35.23	89.04	77.39	16.97	44.27	29.07	30.87	87.56	60.64	34.06	26.91	45.62	16.12	66.31	96.93	82.04	71.78	0.0	90.82	67.36	20.02	93.94	42.72	78.43	71.78	68.43	59.08	100.18	21.59	90.82	101.6	94.37	88.77	43.17	26.91	10.3	47.71	4.47	68.62	8.54	24.74	57.71	18.97	59.51	72.78	4.24	84.53	84.86	40.11	4.24	84.53	84.86	40.11	83.19	17.46	71.22	41.76	19.21	68.25	62.13
26	57.31	54.23	63.25	47.43	43.42	90.01	29.41	33.97	81.06	18.87	66.71	75.69	46.62	65.51	72.11	53.0	75.96	85.63	66.49	45.61	74.95	24.74	68.18	45.18	19.24	90.82	0.0	36.06	98.79	12.17	65.07	12.53	57.57	67.42	74.3	13.0	95.96	0.0	17.46	31.78	66.07	48.3	84.81	83.24	73.41	87.6	42.05	91.24	71.87	49.65	71.87	31.78	50.0	89.16	10.3	63.29	82.39	89.16	10.3	63.29	82.39	12.53	105.77	81.34	49.24	74.95	48.47	33.06
27	23.77	26.25	61.29	15.81	15.0	57.07	30.68	38.6	47.85	24.33	79.31	50.45	31.32	50.99	41.23	73.36	39.92	75.77	40.46	26.0	51.62	20.59	89.0	64.41	27.02	67.36	36.06	0.0	81.22	32.0	60.02	29.21	69.12	75.66	77.03	39.0	79.63	36.06	38.33	27.02	83.93	35.17	72.01	57.8	70.86	63.25	7.21	70.77	56.82	53.34	50.33	19.24	63.25	67.18	25.96	80.06	48.17	67.18	25.96	80.06	48.17	23.77	78.89	88.14	33.84	48.6	59.2	10.05
28	63.98	55.76	44.1	90.92	93.49	53.34	69.46	66.71	55.08	100.5	70.21	33.84	53.26	33.29	49.48	84.01	80.06	21.84	42.49	56.57	30.87	75.6	90.43	80.31	79.61	20.02	98.79	81.22	0.0	104.02	39.32	86.28	67.07	61.0	49.73	109.62	4.12	98.79	111.83	107.71	82.2	50.8	17.0	29.27	39.46	24.02	83.76	12.17	26.93	57.07	31.06	69.53	70.11	17.12	94.2	78.77	60.03	17.12	94.2	78.77	60.03	93.24	30.0	60.01	50.45	36.69	66.37	74.28
29	55.33	54.71	71.87	39.92	35.34	88.68	36.4	42.54	79.51	8.94	78.09	77.88	50.8	70.94	71.81	65.03	70.61	92.85	68.15	48.37	77.83	28.43	80.31	57.04	25.81	93.94	12.17	32.0	104.02	0.0	73.01	20.12	68.66	78.16	84.17	7.0	101.53	12.17	7.81	20.25	78.01	53.26	91.22	85.49	82.15	90.34	36.5	95.41	77.34	59.03	75.29	34.67	61.19	92.78	9.9	75.11	80.1	92.78	9.9	75.11	80.1	10.82	107.7	92.05	53.6	76.69	59.2	32.57
30	54.34	42.95	5.39	74.24	74.81	65.8	36.62	31.11	61.61	72.07	34.99	38.9	29.07	17.03	50.77	45.4	78.43	21.1	38.59	35.01	34.71	46.07	54.23	41.05	47.2	42.72	65.07	60.02	39.32	73.01	0.0	53.26	29.12	26.4	20.12	77.34	35.51	65.07	80.6	82.46	46.1	25.08	22.56	42.44	11.0	42.49	65.38	37.66	18.36	18.03	30.41	42.38	31.02	38.9	63.25	42.15	66.29	38.9	63.25	42.15	66.29	62.97	60.08	33.12	27.0	41.04	27.07	50.45
31	47.54	43.01	51.87	43.28	40.22	79.31	17.03	22.47	70.58	22.02	59.14	63.56	34.18	53.0	61.03	48.27	68.48	73.54	54.59	33.54	62.64	13.0	64.03	39.62	6.71	78.43	12.53	29.21	86.28	20.12	53.26	0.0	49.37	58.46	64.08	24.08	83.49	12.53	27.46	35.06	60.53	35.78	72.47	71.06	62.13	75.29	36.12	78.72	59.36	38.91	59.46	20.02	42.11	76.69	11.18	57.22	72.37	76.69	11.18	57.22	72.37	12.0	93.62	72.28	36.77	62.97	39.62	23.41
32	72.95	62.2	23.77	84.9	83.74	92.01	38.64	30.59	86.37	71.34	10.2	66.04	45.22	44.29	75.01	17.12	98.18	46.1	63.13	50.77	62.27	49.5	25.55	16.4	46.0	71.78	57.57	69.12	67.07	68.66	29.12	49.37	0.0	10.63	21.47	70.52	63.03	57.57	75.0	84.1	17.8	42.01	50.09	70.66	28.16	71.31	75.96	66.71	47.17	17.8	57.8	50.0	7.62	68.01	60.53	13.6	90.52	68.01	60.53	13.6	90.52	61.29	89.19	24.19	44.82	67.68	10.05	59.2
33	76.49	65.3	21.26	91.24	90.55	91.93	46.0	38.01	87.21	80.23	9.22	65.19	48.85	43.19	76.06	26.0	101.53	39.32	63.89	54.78	61.07	57.0	29.43	26.91	54.45	68.43	67.42	75.66	61.0	78.16	26.4	58.46	10.63	0.0	12.17	80.41	56.89	67.42	84.76	92.66	21.21	45.19	44.38	68.82	21.59	68.6	82.2	62.39	44.65	22.36	56.73	56.44	18.03	64.4	69.63	18.0	91.68	64.4	69.63	18.0	91.68	70.21	85.49	13.93	47.85	67.21	18.97	65.62
34	74.04	62.64	16.49	92.05	92.02	85.28	49.48	42.06	81.54	85.07	21.0	58.26	47.52	36.89	70.83	37.95	98.43	27.89	58.67	53.6	53.91	60.21	41.11	37.74	59.14	59.08	74.3	77.03	49.73	84.17	20.12	64.08	21.47	12.17	0.0	87.24	45.61	74.3	91.24	96.77	33.02	43.57	33.62	60.83	11.4	59.82	83.02	52.35	36.8	25.3	49.82	58.22	27.8	54.92	75.03	30.07	86.28	54.92	75.03	30.07	86.28	75.27	75.66	13.04	45.89	60.61	26.91	67.07
35	62.29	61.4	75.8	46.49	41.79	95.63	41.01	46.4	86.47	15.52	79.56	84.31	56.6	76.4	78.64	65.19	77.47	97.59	74.67	54.56	84.1	34.13	80.0	57.71	30.41	100.18	13.0	39.0	109.62	7.0	77.34	24.08	70.52	80.41	87.24	0.0	107.0	13.0	5.1	24.76	78.41	58.82	96.33	91.92	86.02	96.66	43.42	101.36	82.8	62.43	81.41	40.71	62.94	98.88	15.65	75.8	87.09	98.88	15.65	75.8	87.09	17.09	114.23	94.34	59.36	83.22	61.47	39.29
36	63.32	54.59	40.2	89.89	92.28	54.92	66.57	63.51	56.01	98.29	66.1	33.73	50.93	30.61	49.65	80.0	80.5	17.72	41.79	54.56	30.36	73.11	86.31	76.42	76.84	21.59	95.96	79.63	4.12	101.53	35.51	83.49	63.03	56.89	45.61	107.0	0.0	95.96	109.34	105.89	78.09	48.27	13.04	30.0	35.36	25.18	82.49	13.15	24.21	53.37	29.97	67.21	66.19	18.11	91.68	74.67	61.03	18.11	91.68	74.67	61.03	90.79	33.3	55.95	48.1	36.67	62.51	72.35
37	57.31	54.23	63.25	47.43	43.42	90.01	29.41	33.97	81.06	18.87	66.71	75.69	46.62	65.51	72.11	53.0	75.96	85.63	66.49	45.61	74.95	24.74	68.18	45.18	19.24	90.82	0.0	36.06	98.79	12.17	65.07	12.53	57.57	67.42	74.3	13.0	95.96	0.0	17.46	31.78	66.07	48.3	84.81	83.24	73.41	87.6	42.05	91.24	71.87	49.65	71.87	31.78	50.0	89.16	10.3	63.29	82.39	89.16	10.3	63.29	82.39	12.53	105.77	81.34	49.24	74.95	48.47	33.06
38	61.98	62.03	79.32	44.15	39.29	95.35	44.05	49.93	86.15	14.04	84.17	85.43	58.6	78.75	78.85	70.11	75.66	100.57	75.64	56.08	85.48	36.24	85.01	62.51	33.42	101.6	17.46	38.33	111.83	7.81	80.6	27.46	75.0	84.76	91.24	5.1	109.34	17.46	0.0	20.81	83.29	61.07	99.01	93.04	89.59	97.95	42.01	103.17	85.15	66.24	83.01	42.44	67.45	100.5	17.69	80.62	86.47	100.5	17.69	80.62	86.47	18.6	115.16	98.68	61.4	84.17	65.79	39.92
39	49.65	53.26	82.54	26.08	21.1	81.93	47.3	54.92	72.8	13.34	94.02	77.47	55.76	76.28	67.6	83.02	58.03	100.34	67.48	51.4	78.57	36.69	98.66	74.55	38.21	94.37	31.78	27.02	107.71	20.25	82.46	35.06	84.1	92.66	96.77	24.76	105.89	31.78	20.81	0.0	95.52	59.17	97.35	84.81	92.7	90.27	27.31	97.58	82.42	71.59	77.08	40.25	77.01	94.11	24.33	92.27	72.12	94.11	24.33	92.27	72.12	23.09	105.69	106.21	58.52	75.6	74.17	33.6
40	90.0	79.51	40.72	99.72	98.03	109.81	53.31	45.62	104.14	82.3	12.04	83.76	62.48	61.91	92.76	13.34	115.21	60.53	80.92	67.8	79.92	63.57	8.25	21.02	58.69	88.77	66.07	83.93	82.2	78.01	46.1	60.53	17.8	21.21	33.02	78.41	78.09	66.07	83.29	95.52	0.0	59.46	65.51	88.19	42.76	88.57	91.0	83.17	64.4	35.36	75.47	65.31	21.1	84.86	71.25	4.24	108.25	84.86	71.25	4.24	108.25	72.44	106.04	27.86	62.29	85.45	25.81	74.32
41	31.3	20.25	27.17	49.16	49.82	52.33	19.65	20.22	45.49	50.33	51.31	30.07	4.0	17.69	34.13	53.01	56.44	41.18	23.41	10.05	28.07	24.84	66.48	45.28	29.07	43.17	48.3	35.17	50.8	53.26	25.08	35.78	42.01	45.19	43.57	58.82	48.27	48.3	61.07	59.17	59.46	0.0	38.42	37.01	36.06	40.45	40.31	42.95	24.08	24.21	24.33	19.21	38.95	41.11	43.42	55.23	49.2	41.11	43.42	55.23	49.2	42.52	59.3	55.79	2.83	30.41	33.97	26.0
42	58.86	48.76	27.17	83.82	85.62	57.78	55.44	51.62	56.75	88.73	53.6	32.56	41.62	21.1	48.26	67.01	79.1	7.21	38.05	46.14	28.28	62.97	73.76	63.39	65.95	26.91	84.81	72.01	17.0	91.22	22.56	72.47	50.09	44.38	33.62	96.33	13.04	84.81	99.01	97.35	65.51	38.42	0.0	31.78	22.8	28.84	75.77	19.21	15.23	40.52	26.0	57.63	53.15	22.67	81.32	61.98	61.85	22.67	81.32	61.98	61.85	80.62	42.44	44.94	38.83	35.51	49.5	63.81
43	37.01	31.62	47.71	64.66	67.94	26.0	56.32	57.04	26.02	80.13	77.39	7.62	37.34	26.4	20.62	85.44	50.8	38.91	17.49	37.64	9.06	58.52	96.18	79.12	64.54	10.3	83.24	57.8	29.27	85.49	42.44	71.06	70.66	68.82	60.83	91.92	30.0	83.24	93.04	84.81	88.19	37.01	31.78	0.0	49.5	5.83	58.69	17.12	24.21	55.03	13.34	51.55	70.58	12.17	76.32	84.12	31.06	12.17	76.32	84.12	31.06	74.85	22.56	73.55	35.13	9.22	65.79	53.24
44	65.12	53.76	10.3	85.21	85.71	74.2	46.07	39.66	70.83	81.86	30.81	47.2	40.05	26.4	60.37	45.28	88.89	18.0	48.33	46.01	42.8	56.08	50.99	43.01	56.44	47.71	73.41	70.86	39.46	82.15	11.0	62.13	28.16	21.59	11.4	86.02	35.36	73.41	89.59	92.7	42.76	36.06	22.8	49.5	0.0	48.41	76.32	41.15	25.61	24.04	38.83	52.89	32.57	43.57	72.56	39.32	75.66	43.57	72.56	39.32	75.66	72.47	64.41	24.08	38.0	49.65	29.97	61.19
45	42.8	37.01	47.85	70.43	73.66	29.83	60.02	60.07	31.06	85.23	77.41	12.81	41.23	27.66	26.4	86.68	56.29	36.06	22.8	42.15	12.65	62.97	96.66	80.81	68.68	4.47	87.6	63.25	24.02	90.34	42.49	75.29	71.31	68.6	59.82	96.66	25.18	87.6	97.95	90.27	88.57	40.45	28.84	5.83	48.41	0.0	64.35	12.04	24.17	56.52	16.12	56.08	71.84	7.07	81.02	84.58	36.01	7.07	81.02	84.58	36.01	79.62	19.0	72.25	38.83	14.87	67.19	58.31
46	22.47	28.02	67.03	9.06	9.85	54.71	37.7	45.54	45.54	28.07	86.13	51.66	36.35	55.03	40.5	80.53	34.21	80.01	41.87	30.59	53.41	27.78	96.15	71.59	34.21	68.62	42.05	7.21	83.76	36.5	65.38	36.12	75.96	82.2	83.02	43.42	82.49	42.05	42.01	27.31	91.0	40.31	75.77	58.69	76.32	64.35	0.0	72.8	60.54	59.84	52.7	25.96	70.23	68.88	31.78	87.09	45.12	68.88	31.78	87.09	45.12	29.55	78.82	94.43	38.64	49.5	66.1	16.76
47	52.35	44.82	42.95	79.61	82.42	41.77	62.39	60.88	43.01	91.21	71.51	21.93	44.78	26.68	37.36	83.02	67.9	26.17	31.06	47.2	19.42	67.23	91.39	78.16	72.01	8.54	91.24	70.77	12.17	95.41	37.66	78.72	66.71	62.39	52.35	101.36	13.15	91.24	103.17	97.58	83.17	42.95	19.21	17.12	41.15	12.04	72.8	0.0	21.1	54.01	20.52	60.75	68.47	5.0	85.76	79.4	48.0	5.0	85.76	79.4	48.0	84.6	23.32	64.07	42.06	24.7	64.2	64.54
48	44.18	33.73	23.71	68.62	70.38	48.6	42.54	40.16	45.62	74.28	53.34	21.63	26.91	6.4	35.74	62.82	65.76	20.1	24.33	31.06	17.2	48.92	72.5	57.43	52.7	24.74	71.87	56.82	26.93	77.34	18.36	59.36	47.17	44.65	36.8	82.8	24.21	71.87	85.15	82.42	64.4	24.08	15.23	24.21	25.61	24.17	60.54	21.1	0.0	33.14	13.42	43.14	48.05	21.21	67.48	60.42	50.57	21.21	67.48	60.42	50.57	66.6	42.2	49.68	24.08	24.19	43.57	48.83
49	55.23	44.41	14.42	68.88	68.26	74.89	24.33	16.76	68.88	59.77	27.29	49.66	27.46	28.86	57.49	30.46	80.45	38.91	45.8	33.12	46.24	35.23	42.64	24.33	33.84	57.71	49.65	53.34	57.07	59.03	18.03	38.91	17.8	22.36	25.3	62.43	53.37	49.65	66.24	71.59	35.36	24.21	40.52	55.03	24.04	56.52	59.84	54.01	33.14	0.0	41.79	34.13	15.65	54.33	49.77	31.11	72.92	54.33	49.77	31.11	72.92	49.98	75.13	35.01	27.02	51.0	10.77	43.29
50	33.53	24.7	35.47	59.94	62.43	35.47	43.93	44.01	32.2	70.8	65.0	8.49	25.3	13.6	22.56	72.24	53.15	32.25	12.17	26.93	4.47	47.42	83.35	65.8	52.81	18.97	71.87	50.33	31.06	75.29	30.41	59.46	57.8	56.73	49.82	81.41	29.97	71.87	83.01	77.08	75.47	24.33	26.0	13.34	38.83	16.12	52.7	20.52	13.42	41.79	0.0	40.71	57.38	17.49	65.76	71.34	37.16	17.49	65.76	71.34	37.16	64.5	35.06	62.8	22.8	10.82	52.55	44.05
51	29.07	23.09	42.95	34.93	34.13	59.54	12.21	19.7	50.99	31.14	60.17	43.97	16.28	36.8	41.11	55.47	52.5	60.21	34.71	13.93	43.46	7.07	70.83	46.62	14.14	59.51	31.78	19.24	69.53	34.67	42.38	20.02	50.0	56.44	58.22	40.71	67.21	31.78	42.44	40.25	65.31	19.21	57.63	51.55	52.89	56.08	25.96	60.75	43.14	34.13	40.71	0.0	44.38	58.18	25.06	61.33	53.16	58.18	25.06	61.33	53.16	23.85	74.04	69.03	19.1	43.17	40.16	9.22
52	69.03	58.73	26.02	79.06	77.62	90.43	32.57	24.7	84.2	64.12	17.03	65.31	41.73	44.27	72.8	14.87	94.2	50.01	61.29	46.86	61.85	43.17	27.59	10.44	39.12	72.78	50.0	63.25	70.11	61.19	31.02	42.11	7.62	18.03	27.8	62.94	66.19	50.0	67.45	77.01	21.1	38.95	53.15	70.58	32.57	71.84	70.23	68.47	48.05	15.65	57.38	44.38	0.0	69.23	53.24	17.0	88.09	69.23	53.24	17.0	88.09	54.08	90.24	31.76	41.77	66.65	5.0	53.49
53	48.02	41.04	44.27	75.45	78.41	36.88	60.73	59.84	38.01	88.23	73.41	17.49	42.54	26.02	32.57	83.95	62.97	29.83	27.02	44.42	15.56	64.85	93.05	78.64	70.01	4.24	89.16	67.18	17.12	92.78	38.9	76.69	68.01	64.4	54.92	98.88	18.11	89.16	100.5	94.11	84.86	41.11	22.67	12.17	43.57	7.07	68.88	5.0	21.21	54.33	17.49	58.18	69.23	0.0	83.24	80.99	43.0	0.0	83.24	80.99	43.0	81.99	21.19	67.01	39.92	20.12	64.78	61.4
54	48.01	46.1	62.27	37.2	33.3	81.1	26.63	33.11	72.03	11.05	70.26	68.71	41.05	61.07	63.64	58.69	65.79	82.98	59.14	38.91	68.45	18.6	74.33	50.25	16.12	84.53	10.3	25.96	94.2	9.9	63.25	11.18	60.53	69.63	75.03	15.65	91.68	10.3	17.69	24.33	71.25	43.42	81.32	76.32	72.56	81.02	31.78	85.76	67.48	49.77	65.76	25.06	53.24	83.24	0.0	68.07	73.06	83.24	0.0	68.07	73.06	2.24	98.68	83.43	43.83	67.68	50.8	24.19
55	85.8	75.29	36.77	95.86	94.25	105.6	49.4	41.63	99.9	79.1	9.22	79.61	58.26	57.8	88.53	11.66	111.02	57.22	76.69	63.6	75.8	59.77	12.08	18.11	55.11	84.86	63.29	80.06	78.77	75.11	42.15	57.22	13.6	18.0	30.07	75.8	74.67	63.29	80.62	92.27	4.24	55.23	61.98	84.12	39.32	84.58	87.09	79.4	60.42	31.11	71.34	61.33	17.0	80.99	68.07	0.0	104.0	80.99	68.07	0.0	104.0	69.18	102.18	26.42	58.05	81.27	21.63	70.38
56	25.08	30.87	70.8	47.01	51.62	10.63	63.16	67.6	5.1	72.44	99.09	29.41	46.87	49.4	15.62	102.2	21.95	68.68	27.8	42.94	33.84	59.67	115.52	94.3	67.19	40.11	82.39	48.17	60.03	80.1	66.29	72.37	90.52	91.68	86.28	87.09	61.03	82.39	86.47	72.12	108.25	49.2	61.85	31.06	75.66	36.01	45.12	48.0	50.57	72.92	37.16	53.16	88.09	43.0	73.06	104.0	0.0	43.0	73.06	104.0	0.0	71.03	41.18	99.32	46.4	26.57	83.1	49.37
57	48.02	41.04	44.27	75.45	78.41	36.88	60.73	59.84	38.01	88.23	73.41	17.49	42.54	26.02	32.57	83.95	62.97	29.83	27.02	44.42	15.56	64.85	93.05	78.64	70.01	4.24	89.16	67.18	17.12	92.78	38.9	76.69	68.01	64.4	54.92	98.88	18.11	89.16	100.5	94.11	84.86	41.11	22.67	12.17	43.57	7.07	68.88	5.0	21.21	54.33	17.49	58.18	69.23	0.0	83.24	80.99	43.0	0.0	83.24	80.99	43.0	81.99	21.19	67.01	39.92	20.12	64.78	61.4
58	48.01	46.1	62.27	37.2	33.3	81.1	26.63	33.11	72.03	11.05	70.26	68.71	41.05	61.07	63.64	58.69	65.79	82.98	59.14	38.91	68.45	18.6	74.33	50.25	16.12	84.53	10.3	25.96	94.2	9.9	63.25	11.18	60.53	69.63	75.03	15.65	91.68	10.3	17.69	24.33	71.25	43.42	81.32	76.32	72.56	81.02	31.78	85.76	67.48	49.77	65.76	25.06	53.24	83.24	0.0	68.07	73.06	83.24	0.0	68.07	73.06	2.24	98.68	83.43	43.83	67.68	50.8	24.19
59	85.8	75.29	36.77	95.86	94.25	105.6	49.4	41.63	99.9	79.1	9.22	79.61	58.26	57.8	88.53	11.66	111.02	57.22	76.69	63.6	75.8	59.77	12.08	18.11	55.11	84.86	63.29	80.06	78.77	75.11	42.15	57.22	13.6	18.0	30.07	75.8	74.67	63.29	80.62	92.27	4.24	55.23	61.98	84.12	39.32	84.58	87.09	79.4	60.42	31.11	71.34	61.33	17.0	80.99	68.07	0.0	104.0	80.99	68.07	0.0	104.0	69.18	102.18	26.42	58.05	81.27	21.63	70.38
60	25.08	30.87	70.8	47.01	51.62	10.63	63.16	67.6	5.1	72.44	99.09	29.41	46.87	49.4	15.62	102.2	21.95	68.68	27.8	42.94	33.84	59.67	115.52	94.3	67.19	40.11	82.39	48.17	60.03	80.1	66.29	72.37	90.52	91.68	86.28	87.09	61.03	82.39	86.47	72.12	108.25	49.2	61.85	31.06	75.66	36.01	45.12	48.0	50.57	72.92	37.16	53.16	88.09	43.0	73.06	104.0	0.0	43.0	73.06	104.0	0.0	71.03	41.18	99.32	46.4	26.57	83.1	49.37
61	46.0	44.38	62.18	35.0	31.14	79.16	26.42	33.24	70.06	10.05	71.11	67.23	40.0	60.21	61.81	60.02	63.57	82.46	57.58	37.59	67.08	17.69	75.71	51.48	16.16	83.19	12.53	23.77	93.24	10.82	62.97	12.0	61.29	70.21	75.27	17.09	90.79	12.53	18.6	23.09	72.44	42.52	80.62	74.85	72.47	79.62	29.55	84.6	66.6	49.98	64.5	23.85	54.08	81.99	2.24	69.18	71.03	81.99	2.24	69.18	71.03	0.0	97.14	83.95	42.8	66.13	51.48	22.36
62	56.4	53.23	65.46	83.63	87.46	31.38	78.77	79.06	37.44	101.98	94.54	30.08	59.84	46.39	38.42	105.02	63.13	49.2	39.56	60.17	31.26	81.04	114.23	99.46	87.1	17.46	105.77	78.89	30.0	107.7	60.08	93.62	89.19	85.49	75.66	114.23	33.3	105.77	115.16	105.69	106.04	59.3	42.44	22.56	64.41	19.0	78.82	23.32	42.2	75.13	35.06	74.04	90.24	21.19	98.68	102.18	41.18	21.19	98.68	102.18	41.18	97.14	0.0	87.37	57.56	31.02	85.7	75.24
63	86.65	75.27	29.15	103.48	103.12	98.23	59.21	51.35	94.58	93.94	17.8	71.22	59.67	49.93	83.86	37.01	111.23	38.47	71.69	65.73	66.84	70.18	34.93	39.82	68.07	71.22	81.34	88.14	60.01	92.05	33.12	72.28	24.19	13.93	13.04	94.34	55.95	81.34	98.68	106.21	27.86	55.79	44.94	73.55	24.08	72.25	94.43	64.07	49.68	35.01	62.8	69.03	31.76	67.01	83.43	26.42	99.32	67.01	83.43	26.42	99.32	83.95	87.37	0.0	58.24	73.6	32.89	78.1
64	28.64	17.49	29.43	47.38	48.27	49.66	21.21	22.56	42.72	50.21	54.08	28.0	2.83	17.8	31.38	55.8	53.71	42.05	20.88	8.06	26.31	25.24	69.31	48.02	30.08	41.76	49.24	33.84	50.45	53.6	27.0	36.77	44.82	47.85	45.89	59.36	48.1	49.24	61.4	58.52	62.29	2.83	38.83	35.13	38.0	38.83	38.64	42.06	24.08	27.02	22.8	19.1	41.77	39.92	43.83	58.05	46.4	39.92	43.83	58.05	46.4	42.8	57.56	58.24	0.0	28.16	36.8	25.06
65	28.02	22.47	45.97	55.61	58.8	24.76	49.0	50.64	21.54	71.12	75.29	3.0	30.02	24.04	13.04	81.39	44.05	42.2	8.54	29.43	7.28	50.22	93.19	74.46	56.57	19.21	74.95	48.6	36.69	76.69	41.04	62.97	67.68	67.21	60.61	83.22	36.67	74.95	84.17	75.6	85.45	30.41	35.51	9.22	49.65	14.87	49.5	24.7	24.19	51.0	10.82	43.17	66.65	20.12	67.68	81.27	26.57	20.12	67.68	81.27	26.57	66.13	31.02	73.6	28.16	0.0	61.72	44.28
66	64.2	53.81	22.36	75.0	73.76	85.44	28.64	20.62	79.2	61.52	20.22	60.42	36.8	39.56	67.8	19.7	89.4	46.84	56.3	42.01	57.01	39.46	32.53	14.0	36.01	68.25	48.47	59.2	66.37	59.2	27.07	39.62	10.05	18.97	26.91	61.47	62.51	48.47	65.79	74.17	25.81	33.97	49.5	65.79	29.97	67.19	66.1	64.2	43.57	10.77	52.55	40.16	5.0	64.78	50.8	21.63	83.1	64.78	50.8	21.63	83.1	51.48	85.7	32.89	36.8	61.72	0.0	49.34
67	24.33	22.14	51.48	25.71	25.02	57.01	21.02	28.79	48.01	26.93	69.38	45.65	22.36	42.72	39.46	64.14	45.49	67.08	35.78	17.8	46.04	12.04	79.65	55.23	19.42	62.13	33.06	10.05	74.28	32.57	50.45	23.41	59.2	65.62	67.07	39.29	72.35	33.06	39.92	33.6	74.32	26.0	63.81	53.24	61.19	58.31	16.76	64.54	48.83	43.29	44.05	9.22	53.49	61.4	24.19	70.38	49.37	61.4	24.19	70.38	49.37	22.36	75.24	78.1	25.06	44.28	49.34	0.0
;
