vehicles
vehicle_idx, capacity, cost_per_unit_distance
1,100,3
2,100,3
depot
node_idx,x,y
0,82,76
home delivery customers
node_idx,x,y,service_time,demand
1,49,8,10,6
2,3,82,10,8
3,84,39,10,16
self pickup customers
node_idx,x,y,service_time,demand,locker_idxs
4,23,15,10,15,7
flexible customers
node_idx,x,y,service_time,demand,locker_idxs
5,58,30,10,12,12
lockers
node_idx,x,y,service_time,capacity,cost_per_unit_good
6,65,88,10,82
7,25,15,10,70
8,93,12,10,72
9,22,88,10,79
10,77,88,10,86
11,72,14,10,75
12,47,44,10,72
13,27,28,10,78
mrt lines
start_node_idx,end_node_idx,freight_capacity,cost_per_unit_good
distance matrix
,0,1,2,3,4,5,6,7,8,9,10,11,12,13,
0,0.0,75.58,79.23,37.05,84.86,51.88,20.81,83.49,64.94,61.19,13.0,62.8,47.42,73.0
1,75.58,0.0,87.13,46.75,26.93,23.77,81.58,25.0,44.18,84.43,84.76,23.77,36.06,29.73
2,79.23,87.13,0.0,91.71,69.92,75.69,62.29,70.52,114.02,19.92,74.24,96.88,58.14,59.09
3,37.05,46.75,91.71,0.0,65.55,27.51,52.55,63.69,28.46,79.03,49.5,27.73,37.34,58.05
4,84.86,26.93,69.92,65.55,0.0,38.08,84.22,2.0,70.06,73.01,90.8,49.01,37.64,13.6
5,51.88,23.77,75.69,27.51,38.08,0.0,58.42,36.25,39.36,68.26,61.03,21.26,17.8,31.06
6,20.81,81.58,62.29,52.55,84.22,58.42,0.0,83.24,80.99,43.0,12.0,74.33,47.54,71.02
7,83.49,25.0,70.52,63.69,2.0,36.25,83.24,0.0,68.07,73.06,89.63,47.01,36.4,13.15
8,64.94,44.18,114.02,28.46,70.06,39.36,80.99,68.07,0.0,104.0,77.67,21.1,56.04,67.91
9,61.19,84.43,19.92,79.03,73.01,68.26,43.0,73.06,104.0,0.0,55.0,89.31,50.61,60.21
10,13.0,84.76,74.24,49.5,90.8,61.03,12.0,89.63,77.67,55.0,0.0,74.17,53.25,78.1
11,62.8,23.77,96.88,27.73,49.01,21.26,74.33,47.01,21.1,89.31,74.17,0.0,39.05,47.13
12,47.42,36.06,58.14,37.34,37.64,17.8,47.54,36.4,56.04,50.61,53.25,39.05,0.0,25.61
13,73.0,29.73,59.09,58.05,13.6,31.06,71.02,13.15,67.91,60.21,78.1,47.13,25.61,0.0
