set K:= 1	2;
set C_H:= 1	2	3;
set C_S:= 4;
set C_F:= 5;
set M:= 6	7;
set M_B:= 8	9;
set L_B:= 10	11;
set A1:=
(0,*) 1 2 3 5 6 7 8 9 10 11
(1,*) 0 2 3 5 6 7 8 9 10 11
(2,*) 0 1 3 5 6 7 8 9 10 11
(3,*) 0 1 2 5 6 7 8 9 10 11
(5,*) 0 1 2 3 6 7 8 9 10 11
(6,*) 0 1 2 3 5 7 8 9 10 11
(7,*) 0 1 2 3 5 6 8 9 10 11
(8,*) 0 1 2 3 5 6 7 9 10 11
(9,*) 0 1 2 3 5 6 7 8 10 11
(10,*) 0 1 2 3 5 6 7 8 9 11
(11,*) 0 1 2 3 5 6 7 8 9 10
;
set A2:=
(6,*) 7
(7,*) 6
;
param BigM:=99999;
param n:= 2;
param d:=
1	13
2	12
3	9
4	23
5	9
;
param Q:=100;
param w:=
[6,*] 7 0.1
[7,*] 6 0.1
;
param V:=
[6,*] 7 93
[7,*] 6 93
;
param e:
	6	7	8	9	10	11:=
4		0		0		0		0		1		0	
5		0		0		0		0		1		0	
;
param p:=
1	3
2	3
;
param G:=
6	73
7	93
8	73
9	93
10	94
11	73
;
param s:=
0	0
1	10
2	10
3	10
5	10
6	10
7	10
8	10
9	10
10	10
11	10
;
param t:
	0	1	2	3	4	5	6	7	8	9	10	11:=
0	0.0	39.81	30.36	74.25	75.03	95.86	27.29	102.07	27.29	102.07	62.63	58.03
1	39.81	0.0	10.63	50.16	53.76	73.06	15.81	67.54	15.81	67.54	44.6	26.63
2	30.36	10.63	0.0	58.08	61.03	81.1	5.39	77.9	5.39	77.9	50.64	29.83
3	74.25	50.16	58.08	0.0	5.83	23.02	63.2	36.4	63.2	36.4	13.6	70.01
4	75.03	53.76	61.03	5.83	0.0	20.88	66.0	40.61	66.0	40.61	12.53	74.73
5	95.86	73.06	81.1	23.02	20.88	0.0	86.21	36.4	86.21	36.4	33.24	91.48
6	27.29	15.81	5.39	63.2	66.0	86.21	0.0	83.24	0.0	83.24	55.33	31.06
7	102.07	67.54	77.9	36.4	40.61	36.4	83.24	0.0	83.24	0.0	49.4	75.54
8	27.29	15.81	5.39	63.2	66.0	86.21	0.0	83.24	0.0	83.24	55.33	31.06
9	102.07	67.54	77.9	36.4	40.61	36.4	83.24	0.0	83.24	0.0	49.4	75.54
10	62.63	44.6	50.64	13.6	12.53	33.24	55.33	49.4	55.33	49.4	0.0	67.96
11	58.03	26.63	29.83	70.01	74.73	91.48	31.06	75.54	31.06	75.54	67.96	0.0
;
