vehicles
vehicle_idx, capacity, cost_per_unit_distance
1,100,3
2,100,3
3,100,3
4,100,3
5,100,3
6,100,3
7,100,3
8,100,3
9,100,3
depot
node_idx,x,y
0,59,44
home delivery customers
node_idx,x,y,service_time,demand
1,0,60,10,9
2,64,90,10,12
3,70,64,10,12
4,58,50,10,6
5,5,78,10,6
6,50,73,10,39
7,28,50,10,3
8,51,91,10,2
9,68,29,10,7
10,12,91,10,12
11,2,22,10,20
12,25,16,10,13
13,3,51,10,25
14,9,92,10,19
15,36,14,10,10
16,82,13,10,7
17,40,91,10,13
18,33,31,10,30
19,72,74,10,15
20,4,44,10,23
21,54,22,10,8
22,3,70,10,8
23,37,0,10,24
24,18,68,10,18
self pickup customers
node_idx,x,y,service_time,demand,locker_idxs
25,84,68,10,1,74-69
26,34,16,10,16,73-79-70
27,11,8,10,1,77-70
28,46,7,10,1,73-70
29,33,54,10,18,79-72
30,23,84,10,10,76-81-72
31,34,93,10,5,78-72
32,19,25,10,9,73-79-70
33,38,54,10,23,76-73-72
34,48,46,10,17,80-70
35,64,4,10,8,73-71-70
36,68,59,10,7,74-80-69
37,14,9,10,23,73-70
38,13,52,10,5,73-72
39,9,76,10,4,81-76-72
40,40,39,10,12,76-70
41,32,89,10,23,76-81-78-72
42,10,25,10,15,73-70
43,94,16,10,25,77-71
44,14,40,10,25,79-73-76-70
45,37,64,10,7,81-78-76-77-73-79-72
46,87,47,10,24,74-80-77-71
flexible customers
node_idx,x,y,service_time,demand,locker_idxs
47,9,23,10,2,73-70-72
48,36,93,10,6,78-81-72
49,87,9,10,9,74-71
50,40,98,10,5,78-81-72-69
51,72,43,10,3,74-80-77-79-71
52,67,18,10,5,79-71
53,14,9,10,16,73-70
54,95,39,10,20,74-80-77-71
55,39,28,10,2,73-79-70
56,79,30,10,13,74-80-77-71
57,61,36,10,17,74-80-77-73-79-71
58,94,87,10,10,79-69
59,11,57,10,21,81-76-73-72
60,58,18,10,13,73-79-70
61,96,97,10,5,73-69
62,20,21,10,15,79-73-70
63,41,24,10,7,79-73-70
64,90,20,10,9,74-80-71
65,43,59,10,5,73-79-77-76-81-78-72
66,94,54,10,12,74-80-77-71
67,88,55,10,8,77-74-80-69
68,80,25,10,22,74-80-77-71
lockers
node_idx,x,y,service_time,capacity,cost_per_unit_good
69,65,88,10,98
70,25,15,10,97
71,93,12,10,90
72,22,88,10,70
73,34,34,10,79
74,84,52,10,99
75,19,132,10,95
76,21,59,10,78
77,66,51,10,84
78,41,89,10,71
79,44,36,10,95
80,79,50,10,79
81,22,83,10,81
mrt lines
start_node_idx,end_node_idx,freight_capacity,cost_per_unit_good
69,70,98,0.1
70,69,98,0.1
71,72,90,0.1
72,71,90,0.1
distance matrix
,0,1,2,3,4,5,6,7,8,9,10,11,12,13,14,15,16,17,18,19,20,21,22,23,24,25,26,27,28,29,30,31,32,33,34,35,36,37,38,39,40,41,42,43,44,45,46,47,48,49,50,51,52,53,54,55,56,57,58,59,60,61,62,63,64,65,66,67,68,69,70,71,72,73,74,75,76,77,78,79,80,81,
0,0.0,61.13,46.27,22.83,6.08,63.81,30.36,31.58,47.68,17.49,66.47,61.1,44.05,56.44,69.31,37.8,38.6,50.7,29.07,32.7,55.0,22.56,61.74,49.19,47.51,34.66,37.54,60.0,39.22,27.86,53.81,55.01,44.28,23.26,11.18,40.31,17.49,57.01,46.69,59.36,19.65,52.48,52.55,44.82,45.18,29.73,28.16,54.23,54.13,44.82,57.25,13.04,27.2,57.01,36.35,25.61,24.41,8.25,55.44,49.73,26.02,64.64,45.28,26.91,39.2,21.93,36.4,31.02,28.32,44.41,44.69,46.69,57.49,26.93,26.25,96.66,40.85,9.9,48.47,17.0,20.88,53.76
1,61.13,0.0,70.68,70.11,58.86,18.68,51.66,29.73,59.68,74.73,33.24,38.05,50.61,9.49,33.24,58.41,94.51,50.61,43.93,73.35,16.49,66.03,10.44,70.49,19.7,84.38,55.61,53.15,70.18,33.54,33.24,47.38,39.82,38.47,50.0,85.04,68.01,52.89,15.26,18.36,45.18,43.19,36.4,103.79,24.41,37.22,87.97,38.08,48.84,100.85,55.17,73.98,79.08,52.89,97.29,50.45,84.5,65.55,97.8,11.4,71.61,102.88,43.83,54.56,98.49,43.01,94.19,88.14,87.32,70.77,51.48,104.66,35.61,42.8,84.38,74.46,21.02,66.61,50.22,50.12,79.63,31.83
2,46.27,70.68,0.0,26.68,40.45,60.21,22.02,53.81,13.04,61.13,52.01,92.02,83.65,72.4,55.04,80.99,79.08,24.02,66.65,17.89,75.6,68.73,64.2,93.96,50.99,29.73,79.85,97.64,84.93,47.51,41.44,30.15,79.06,44.41,46.82,86.0,31.26,95.19,63.6,56.75,56.36,32.02,84.5,79.85,70.71,37.48,48.76,86.68,28.16,84.2,25.3,47.68,72.06,95.19,59.68,66.85,61.85,54.08,30.15,62.43,72.25,32.76,81.84,69.89,74.67,37.44,46.86,42.44,66.94,2.24,84.53,83.22,42.05,63.53,42.94,61.55,53.01,39.05,23.02,57.58,42.72,42.58
3,22.83,70.11,26.68,0.0,18.44,66.49,21.93,44.27,33.02,35.06,63.98,79.92,65.8,68.25,67.12,60.46,52.39,40.36,49.58,10.2,68.96,44.94,67.27,72.01,52.15,14.56,60.0,81.34,61.85,38.33,51.08,46.23,64.2,33.53,28.43,60.3,5.39,78.49,58.25,62.17,39.05,45.49,71.56,53.67,60.93,33.0,24.04,73.5,44.69,57.57,45.34,21.1,46.1,78.49,35.36,47.51,35.17,29.41,33.24,59.41,47.54,42.01,65.95,49.41,48.33,27.46,26.0,20.12,40.26,24.52,66.53,56.86,53.67,46.86,18.44,85.0,49.25,13.6,38.29,38.21,16.64,51.62
4,6.08,58.86,40.45,18.44,0.0,59.94,24.35,30.0,41.59,23.26,61.62,62.61,47.38,55.01,64.54,42.19,44.1,44.78,31.4,27.78,54.33,28.28,58.52,54.23,43.86,31.62,41.62,63.03,44.64,25.32,48.8,49.24,46.32,20.4,10.77,46.39,13.45,60.14,45.04,55.47,21.1,46.87,54.12,49.52,45.12,25.24,29.15,55.95,48.3,50.22,51.26,15.65,33.24,60.14,38.6,29.07,29.0,14.32,51.62,47.52,32.0,60.44,47.8,31.06,43.86,17.49,36.22,30.41,33.3,38.64,48.1,51.66,52.35,28.84,26.08,90.8,38.08,8.06,42.54,19.8,21.0,48.84
5,63.81,18.68,60.21,66.49,59.94,0.0,45.28,36.24,47.8,79.81,14.76,56.08,65.15,27.07,14.56,71.11,100.77,37.34,54.71,67.12,34.01,74.41,8.25,84.31,16.4,79.63,68.45,70.26,81.99,36.88,18.97,32.65,54.82,40.8,53.6,94.64,65.8,69.58,27.2,4.47,52.4,29.15,53.24,108.47,39.05,34.93,87.66,55.15,34.44,107.17,40.31,75.59,86.28,69.58,98.09,60.46,88.2,70.0,89.45,21.84,80.06,92.96,58.94,64.9,102.9,42.49,92.18,86.13,91.84,60.83,66.1,110.0,19.72,52.7,83.17,55.79,24.84,66.71,37.64,57.31,79.12,17.72
6,30.36,51.66,22.02,21.93,24.35,45.28,0.0,31.83,18.03,47.54,42.05,70.04,62.24,51.89,45.19,60.64,68.0,20.59,45.31,22.02,54.38,51.16,47.1,74.15,32.39,34.37,59.2,75.8,66.12,25.5,29.15,25.61,57.14,22.47,27.07,70.41,22.8,73.43,42.54,41.11,35.44,24.08,62.48,72.01,48.84,15.81,45.22,64.66,24.41,73.93,26.93,37.2,57.57,73.43,56.4,46.32,51.87,38.6,46.17,42.15,55.58,51.88,60.03,49.82,66.4,15.65,47.93,42.05,56.6,21.21,63.16,74.63,31.76,42.15,39.96,66.65,32.2,27.2,18.36,37.48,37.01,29.73
7,31.58,29.73,53.81,44.27,30.0,36.24,31.83,0.0,47.01,45.18,44.01,38.21,34.13,25.02,46.1,36.88,65.46,42.72,19.65,50.12,24.74,38.21,32.02,50.8,20.59,58.82,34.53,45.31,46.62,6.4,34.37,43.42,26.57,10.77,20.4,58.41,41.0,43.32,15.13,32.2,16.28,39.2,30.81,74.24,17.2,16.64,59.08,33.02,43.74,71.85,49.48,44.55,50.45,43.32,67.9,24.6,54.78,35.85,75.66,18.38,43.86,82.66,30.08,29.07,68.88,17.49,66.12,60.21,57.7,53.04,35.13,75.29,38.47,17.09,56.04,82.49,11.4,38.01,41.11,21.26,51.0,33.54
8,47.68,59.68,13.04,33.02,41.59,47.8,18.03,47.01,0.0,64.29,39.0,84.63,79.38,62.48,42.01,78.45,83.93,11.0,62.64,27.02,66.47,69.07,52.39,92.07,40.22,40.22,76.9,92.14,84.15,41.15,28.86,17.12,73.35,39.22,45.1,87.97,36.24,89.96,54.45,44.6,53.15,19.1,77.7,86.45,63.01,30.41,56.85,79.92,15.13,89.55,13.04,52.39,74.73,89.96,68.12,64.13,67.12,55.9,43.19,52.5,73.33,45.4,76.56,67.74,81.01,32.98,56.73,51.62,72.09,14.32,80.32,89.47,29.15,59.48,51.09,52.01,43.86,42.72,10.2,55.44,49.65,30.08
9,17.49,74.73,61.13,35.06,23.26,79.81,47.54,45.18,64.29,0.0,83.55,66.37,44.92,68.62,86.31,35.34,21.26,68.03,35.06,45.18,65.73,15.65,76.85,42.45,63.41,42.15,36.4,60.75,31.11,43.01,71.06,72.47,49.16,39.05,26.25,25.32,30.0,57.58,59.62,75.43,29.73,69.97,58.14,29.07,55.11,46.75,26.17,59.3,71.55,27.59,74.46,14.56,11.05,57.58,28.79,29.02,11.05,9.9,63.56,63.51,14.87,73.54,48.66,27.46,23.77,39.05,36.07,32.8,12.65,59.08,45.22,30.23,74.81,34.37,28.02,114.06,55.76,22.09,65.8,25.0,23.71,70.94
10,66.47,33.24,52.01,63.98,61.62,14.76,42.05,44.01,39.0,83.55,0.0,69.72,76.12,41.0,3.16,80.65,104.8,28.0,63.57,62.36,47.68,80.78,22.85,94.37,23.77,75.58,78.16,83.01,90.62,42.54,13.04,22.09,66.37,45.22,57.63,101.36,64.5,82.02,39.01,15.3,59.06,20.1,66.03,111.13,51.04,36.8,86.95,68.07,24.08,111.13,28.86,76.84,91.4,82.02,97.94,68.54,90.61,73.66,82.1,34.01,86.28,84.21,70.46,73.01,105.48,44.55,89.96,84.1,94.76,53.08,77.1,113.15,10.44,61.1,81.88,41.59,33.24,67.2,29.07,63.63,78.55,12.81
11,61.1,38.05,92.02,79.92,62.61,56.08,70.04,38.21,84.63,66.37,69.72,0.0,23.77,29.02,70.35,34.93,80.5,78.77,32.28,87.2,22.09,52.0,48.01,41.34,48.7,94.02,32.56,16.64,46.49,44.55,65.46,77.88,17.26,48.17,51.88,64.56,75.66,17.69,31.95,54.45,41.63,73.41,8.54,92.2,21.63,54.67,88.6,7.07,78.72,85.99,84.97,73.08,65.12,17.69,94.54,37.48,77.41,60.64,112.65,36.14,56.14,120.25,18.03,39.05,88.02,55.23,97.41,92.11,78.06,91.24,24.04,91.55,68.96,34.18,87.32,111.31,41.59,70.26,77.52,44.27,81.93,64.2
12,44.05,50.61,83.65,65.8,47.38,65.15,62.24,34.13,79.38,44.92,76.12,23.77,0.0,41.34,77.67,11.18,57.08,76.49,17.0,74.65,35.0,29.61,58.31,20.0,52.47,78.64,9.0,16.12,22.85,38.83,68.03,77.52,10.82,40.16,37.8,40.8,60.81,13.04,37.95,62.1,27.46,73.33,17.49,69.0,26.4,49.48,69.32,17.46,77.78,62.39,83.36,54.2,42.05,13.04,73.68,18.44,55.79,41.18,99.01,43.32,33.06,107.71,7.07,17.89,65.12,46.62,78.77,74.09,55.73,82.37,1.0,68.12,72.06,20.12,69.12,116.16,43.19,53.91,74.73,27.59,63.81,67.07
13,56.44,9.49,72.4,68.25,55.01,27.07,51.89,25.02,62.48,68.62,41.0,29.02,41.34,0.0,41.44,49.58,87.66,54.49,36.06,72.73,7.07,58.67,19.0,61.29,22.67,82.76,46.75,43.74,61.52,30.15,38.59,52.2,30.53,35.13,45.28,77.01,65.49,43.42,10.05,25.71,38.9,47.8,26.93,97.5,15.56,36.4,84.1,28.64,53.41,93.91,59.82,69.46,72.01,43.42,92.78,42.72,78.85,59.91,97.86,10.0,64.14,103.75,34.48,46.62,92.36,40.79,91.05,85.09,81.27,72.2,42.19,98.09,41.59,35.36,81.01,82.57,19.7,63.0,53.74,43.66,76.01,37.22
14,69.31,33.24,55.04,67.12,64.54,14.56,45.19,46.1,42.01,86.31,3.16,70.35,77.67,41.44,0.0,82.54,107.56,31.02,65.55,65.52,48.26,83.22,22.8,96.17,25.63,78.75,80.01,84.02,92.7,44.94,16.12,25.02,67.74,47.8,60.31,103.77,67.6,83.15,40.2,16.0,61.4,23.19,67.01,114.02,52.24,39.6,90.05,69.0,27.02,113.9,31.58,79.81,94.02,83.15,101.02,70.68,93.51,76.42,85.15,35.06,88.75,87.14,71.85,75.15,108.37,47.38,93.11,87.24,97.62,56.14,78.64,116.0,13.6,63.16,85.0,41.23,35.11,70.21,32.14,66.04,81.63,15.81
15,37.8,58.41,80.99,60.46,42.19,71.11,60.64,36.88,78.45,35.34,80.65,34.93,11.18,49.58,82.54,0.0,46.01,77.1,17.26,69.97,43.86,19.7,65.0,14.04,56.92,72.25,2.83,25.71,12.21,40.11,71.2,79.03,20.25,40.05,34.18,29.73,55.22,22.56,44.42,67.62,25.32,75.11,28.23,58.03,34.06,50.01,60.75,28.46,79.0,51.24,84.1,46.23,31.26,22.56,64.08,14.32,45.88,33.3,93.24,49.74,22.36,102.42,17.46,11.18,54.33,45.54,70.46,66.22,45.35,79.48,11.05,57.04,75.31,20.1,61.22,119.22,47.43,47.63,75.17,23.41,56.08,70.41
16,38.6,94.51,79.08,52.39,44.1,100.77,68.0,65.46,83.93,21.26,104.8,80.5,57.08,87.66,107.56,46.01,0.0,88.59,52.2,61.81,83.93,29.41,97.42,46.84,84.39,55.04,48.09,71.18,36.5,63.89,92.31,93.3,64.13,60.14,47.38,20.12,48.08,68.12,79.26,96.43,49.4,90.97,72.99,12.37,73.16,68.01,34.37,73.68,92.28,6.4,94.81,31.62,15.81,68.12,29.07,45.54,17.26,31.14,74.97,83.53,24.52,85.16,62.51,42.45,10.63,60.31,42.72,42.43,12.17,76.9,57.04,11.05,96.05,52.39,39.05,134.65,76.4,41.23,86.35,44.42,37.12,92.2
17,50.7,50.61,24.02,40.36,44.78,37.34,20.59,42.72,11.0,68.03,28.0,78.77,76.49,54.49,31.02,77.1,88.59,0.0,60.41,36.24,59.2,70.41,42.54,91.05,31.83,49.65,75.24,87.92,84.21,37.66,18.38,6.32,69.26,37.05,45.71,90.25,42.52,86.02,47.43,34.44,52.0,8.25,72.5,92.42,57.25,27.17,64.38,74.73,4.47,94.51,7.0,57.69,77.83,86.02,75.69,63.01,72.4,58.87,54.15,44.69,75.19,56.32,72.8,67.01,86.84,32.14,65.46,60.0,77.18,25.18,77.47,95.13,18.25,57.31,58.8,46.07,37.22,47.71,2.24,55.15,56.59,19.7
18,29.07,43.93,66.65,49.58,31.4,54.71,45.31,19.65,62.64,35.06,63.57,32.28,17.0,36.06,65.55,17.26,52.2,60.41,0.0,58.05,31.78,22.85,49.2,31.26,39.92,63.01,15.03,31.83,27.29,23.0,53.94,62.01,15.23,23.54,21.21,41.11,44.82,29.07,29.0,51.0,10.63,58.01,23.77,62.82,21.02,33.24,56.32,25.3,62.07,58.31,67.36,40.8,36.4,29.07,62.51,6.71,46.01,28.44,82.81,34.06,28.18,91.24,16.4,10.63,58.05,29.73,65.19,60.01,47.38,65.37,17.89,62.94,58.05,3.16,55.15,101.97,30.46,38.59,58.55,12.08,49.77,53.15
19,32.7,73.35,17.89,10.2,27.78,67.12,22.02,50.12,27.02,45.18,62.36,87.2,74.65,72.73,65.52,69.97,61.81,36.24,58.05,0.0,74.32,55.03,69.12,81.86,54.33,13.42,69.34,89.87,71.87,43.83,50.01,42.49,72.18,39.45,36.88,70.46,15.52,87.11,62.97,63.03,47.42,42.72,79.03,62.03,67.23,36.4,30.89,81.06,40.71,66.71,40.0,31.0,56.22,87.11,41.88,56.61,44.55,39.56,25.55,63.32,57.72,33.24,74.25,58.83,56.92,32.65,29.73,24.84,49.65,15.65,75.43,65.46,51.92,55.17,25.06,78.57,53.16,23.77,34.44,47.2,25.0,50.8
20,55.0,16.49,75.6,68.96,54.33,34.01,54.38,24.74,66.47,65.73,47.68,22.09,35.0,7.07,48.26,43.86,83.93,59.2,31.78,74.32,0.0,54.63,26.02,55.0,27.78,83.52,41.04,36.67,55.97,30.68,44.28,57.45,24.21,35.44,44.05,72.11,65.73,36.4,12.04,32.39,36.35,53.0,19.92,94.25,10.77,38.59,83.05,21.59,58.52,90.08,64.9,68.01,68.15,36.4,91.14,38.48,76.3,57.56,99.74,14.76,59.93,106.17,28.02,42.06,89.29,41.79,90.55,84.72,78.34,75.21,35.81,94.58,47.54,31.62,80.4,89.27,22.67,62.39,58.26,40.79,75.24,42.95
21,22.56,66.03,68.73,44.94,28.28,74.41,51.16,38.21,69.07,15.65,80.78,52.0,29.61,58.67,83.22,19.7,29.41,70.41,22.85,55.03,54.63,0.0,70.04,27.8,58.41,54.92,20.88,45.22,17.0,38.28,69.32,73.76,35.13,35.78,24.74,20.59,39.56,42.06,50.8,70.29,22.02,70.52,44.1,40.45,43.86,45.31,41.4,45.01,73.25,35.47,77.28,27.66,13.6,42.06,44.38,16.16,26.25,15.65,76.32,55.44,5.66,85.96,34.01,13.15,36.06,38.6,51.22,47.38,26.17,66.91,29.83,40.26,73.35,23.32,42.43,115.43,49.58,31.38,68.25,17.2,37.54,68.88
22,61.74,10.44,64.2,67.27,58.52,8.25,47.1,32.02,52.39,76.85,22.85,48.01,58.31,19.0,22.8,65.0,97.42,42.54,49.2,69.12,26.02,70.04,0.0,77.82,15.13,81.02,62.27,62.51,76.28,34.0,24.41,38.6,47.76,38.48,51.0,89.87,65.92,61.98,20.59,8.49,48.27,34.67,45.54,105.82,31.95,34.53,87.09,47.38,40.22,103.81,46.4,74.09,82.46,61.98,97.08,55.32,85.88,67.23,92.57,15.26,75.69,96.84,51.87,59.67,100.34,41.48,92.4,86.31,89.19,64.56,59.24,107.07,26.17,47.51,82.98,64.03,21.1,65.8,42.49,53.26,78.59,23.02
23,49.19,70.49,93.96,72.01,54.23,84.31,74.15,50.8,92.07,42.45,94.37,41.34,20.0,61.29,96.17,14.04,46.84,91.05,31.26,81.86,55.0,27.8,77.82,0.0,70.6,82.66,16.28,27.2,11.4,54.15,85.16,93.05,30.81,54.01,47.3,27.29,66.65,24.7,57.27,80.99,39.12,89.14,36.8,59.2,46.14,64.0,68.62,36.24,93.01,50.8,98.05,55.44,34.99,24.7,69.89,28.07,51.61,43.27,104.01,62.65,27.66,113.53,27.02,24.33,56.65,59.3,78.52,75.01,49.74,92.35,19.21,57.27,89.27,34.13,70.09,133.22,61.13,58.67,89.09,36.67,65.3,84.34
24,47.51,19.7,50.99,52.15,43.86,16.4,32.39,20.59,40.22,63.41,23.77,48.7,52.47,22.67,25.63,56.92,84.39,31.83,39.92,54.33,27.78,58.41,15.13,70.6,0.0,66.0,54.41,60.41,67.12,20.52,16.76,29.68,43.01,24.41,37.2,78.82,50.8,59.14,16.76,12.04,36.4,25.24,43.74,92.09,28.28,19.42,72.12,45.89,30.81,90.79,37.2,59.51,70.01,59.14,82.28,45.18,71.87,53.6,78.34,13.04,64.03,83.22,47.04,49.65,86.53,26.57,77.28,71.2,75.45,51.08,53.46,93.6,20.4,37.58,67.91,64.01,9.49,50.92,31.14,41.23,63.6,15.52
25,34.66,84.38,29.73,14.56,31.62,79.63,34.37,58.82,40.22,42.15,75.58,94.02,78.64,82.76,78.75,72.25,55.04,49.65,63.01,13.42,83.52,54.92,81.02,82.66,66.0,0.0,72.14,94.49,71.87,52.89,63.06,55.9,77.94,48.08,42.19,67.05,18.36,91.55,72.78,75.43,52.7,56.08,85.59,52.95,75.39,47.17,21.21,87.46,54.12,59.08,53.25,27.73,52.81,91.55,31.02,60.21,38.33,39.41,21.47,73.82,56.36,31.38,79.4,61.52,48.37,41.98,17.2,13.6,43.19,27.59,79.31,56.72,65.15,60.46,16.0,91.22,63.64,24.76,47.85,51.22,18.68,63.79
26,37.54,55.61,79.85,60.0,41.62,68.45,59.2,34.53,76.9,36.4,78.16,32.56,9.0,46.75,80.01,2.83,48.09,75.24,15.03,69.34,41.04,20.88,62.27,16.28,54.41,72.14,0.0,24.35,15.0,38.01,68.88,77.0,17.49,38.21,33.11,32.31,54.82,21.19,41.68,65.0,23.77,73.03,25.63,60.0,31.24,48.09,61.4,25.96,77.03,53.46,82.22,46.62,33.06,21.19,65.19,13.0,47.13,33.6,92.96,47.01,24.08,102.0,14.87,10.63,56.14,43.93,71.02,66.61,46.87,78.39,9.06,59.14,72.99,18.0,61.61,116.97,44.92,47.42,73.33,22.36,56.4,68.07
27,60.0,53.15,97.64,81.34,63.03,70.26,75.8,45.31,92.14,60.75,83.01,16.64,16.12,43.74,84.02,25.71,71.18,87.92,31.83,89.87,36.67,45.22,62.51,27.2,60.41,94.49,24.35,0.0,35.01,50.99,76.94,88.06,18.79,53.34,53.04,53.15,76.49,3.16,44.05,68.03,42.45,83.68,17.03,83.38,32.14,61.74,85.42,15.13,88.6,76.01,94.56,70.33,56.89,3.16,89.54,34.41,71.47,57.31,114.59,49.0,48.05,123.07,15.81,34.0,79.91,60.21,94.89,90.21,71.06,96.52,15.65,82.1,80.75,34.71,85.23,124.26,51.97,69.81,86.38,43.28,79.92,75.8
28,39.22,70.18,84.93,61.85,44.64,81.99,66.12,46.62,84.15,31.11,90.62,46.49,22.85,61.52,92.7,12.21,36.5,84.21,27.29,71.87,55.97,17.0,76.28,11.4,67.12,71.87,15.0,35.01,0.0,48.76,80.36,86.83,32.45,47.68,39.05,18.25,56.46,32.06,55.8,78.29,32.56,83.19,40.25,48.84,45.97,57.71,57.28,40.31,86.58,41.05,91.2,44.41,23.71,32.06,58.52,22.14,40.22,32.65,93.3,61.03,16.28,102.96,29.53,17.72,45.88,52.09,67.18,63.78,38.47,83.2,22.47,47.27,84.48,29.55,58.9,127.88,57.7,48.33,82.15,29.07,54.2,79.7
29,27.86,33.54,47.51,38.33,25.32,36.88,25.5,6.4,41.15,43.01,42.54,44.55,38.83,30.15,44.94,40.11,63.89,37.66,23.0,43.83,30.68,38.28,34.0,54.15,20.52,52.89,38.01,50.99,48.76,0.0,31.62,39.01,32.2,5.0,17.0,58.83,35.36,48.85,20.1,32.56,16.55,35.01,37.01,71.87,23.6,10.77,54.45,39.2,39.12,70.29,44.55,40.52,49.52,48.85,63.79,26.68,51.88,33.29,69.35,22.2,43.83,76.28,35.47,31.05,66.37,11.18,61.0,55.01,55.23,46.69,39.81,73.24,35.74,20.02,51.04,79.25,13.0,33.14,35.9,21.1,46.17,31.02
30,53.81,33.24,41.44,51.08,48.8,18.97,29.15,34.37,28.86,71.06,13.04,65.46,68.03,38.59,16.12,71.2,92.31,18.38,53.94,50.01,44.28,69.32,24.41,85.16,16.76,63.06,68.88,76.94,80.36,31.62,0.0,14.21,59.14,33.54,45.49,89.89,51.48,75.54,33.53,16.12,48.1,10.3,60.42,98.31,44.91,24.41,73.93,62.59,15.81,98.6,22.02,63.89,79.32,75.54,84.91,58.24,77.79,61.22,71.06,29.55,74.71,74.15,63.07,62.64,92.66,32.02,77.08,71.18,82.04,42.19,69.03,100.42,4.12,51.2,68.88,48.17,25.08,54.2,18.68,52.39,65.51,1.41
31,55.01,47.38,30.15,46.23,49.24,32.65,25.61,43.42,17.12,72.47,22.09,77.88,77.52,52.2,25.02,79.03,93.3,6.32,62.01,42.49,57.45,73.76,38.6,93.05,29.68,55.9,77.0,88.06,86.83,39.01,14.21,0.0,69.63,39.2,49.04,93.92,48.08,86.35,46.07,30.23,54.33,4.47,72.11,97.62,56.65,29.15,70.18,74.33,2.0,99.32,7.81,62.8,81.94,86.35,81.47,65.19,77.42,63.07,60.3,42.72,78.75,62.13,73.35,69.35,92.01,35.17,71.56,66.03,82.1,31.4,78.52,100.21,13.0,59.0,64.66,41.79,36.4,52.8,8.06,57.87,62.24,15.62
32,44.28,39.82,79.06,64.2,46.32,54.82,57.14,26.57,73.35,49.16,66.37,17.26,10.82,30.53,67.74,20.25,64.13,69.26,15.23,72.18,24.21,35.13,47.76,30.81,43.01,77.94,17.49,18.79,32.45,32.2,59.14,69.63,0.0,34.67,35.81,49.66,59.64,16.76,27.66,51.97,25.24,65.31,9.0,75.54,15.81,42.95,71.47,10.2,70.09,69.86,75.96,55.97,48.51,16.76,77.28,20.22,60.21,43.42,97.31,32.98,39.62,105.42,4.12,22.02,71.18,41.62,80.41,75.24,61.0,78.01,11.66,75.13,63.07,17.49,70.38,107.0,34.06,53.71,67.68,27.31,65.0,58.08
33,23.26,38.47,44.41,33.53,20.4,40.8,22.47,10.77,39.22,39.05,45.22,48.17,40.16,35.13,47.8,40.05,60.14,37.05,23.54,39.45,35.44,35.78,38.48,54.01,24.41,48.08,38.21,53.34,47.68,5.0,33.54,39.2,34.67,0.0,12.81,56.36,30.41,51.0,25.08,36.4,15.13,35.51,40.31,67.68,27.78,10.05,49.5,42.45,39.05,66.53,44.05,35.74,46.23,51.0,58.94,26.02,47.51,29.21,65.0,27.17,41.18,72.2,37.59,30.15,62.13,7.07,56.0,50.01,51.04,43.42,41.11,69.2,37.58,20.4,46.04,80.28,17.72,28.16,35.13,18.97,41.19,33.12
34,11.18,50.0,46.82,28.43,10.77,53.6,27.07,20.4,45.1,26.25,57.63,51.88,37.8,45.28,60.31,34.18,47.38,45.71,21.21,36.88,44.05,24.74,51.0,47.3,37.2,42.19,33.11,53.04,39.05,17.0,45.49,49.04,35.81,12.81,0.0,44.94,23.85,50.25,35.51,49.2,10.63,45.88,43.42,54.92,34.53,21.1,39.01,45.28,48.51,53.76,52.61,24.19,33.84,50.25,47.52,20.12,34.89,16.4,61.62,38.6,29.73,70.04,37.54,23.09,49.4,13.93,46.69,41.0,38.28,45.31,38.6,56.4,49.4,18.44,36.5,90.76,29.97,18.68,43.57,10.77,31.26,45.22
35,40.31,85.04,86.0,60.3,46.39,94.64,70.41,58.41,87.97,25.32,101.36,64.56,40.8,77.01,103.77,29.73,20.12,90.25,41.11,70.46,72.11,20.59,89.87,27.29,78.82,67.05,32.31,53.15,18.25,58.83,89.89,93.92,49.66,56.36,44.94,0.0,55.15,50.25,70.04,90.6,42.44,90.82,57.94,32.31,61.61,65.8,48.76,58.19,93.3,23.54,97.02,39.81,14.32,50.25,46.75,34.66,30.02,32.14,88.26,74.95,15.23,98.35,47.17,30.48,30.53,58.87,58.31,56.36,26.4,84.01,40.52,30.08,93.91,42.43,52.0,135.68,69.81,47.04,88.06,37.74,48.38,89.47
36,17.49,68.01,31.26,5.39,13.45,65.8,22.8,41.0,36.24,30.0,64.5,75.66,60.81,65.49,67.6,55.22,48.08,42.52,44.82,15.52,65.73,39.56,65.92,66.65,50.8,18.36,54.82,76.49,56.46,35.36,51.48,48.08,59.64,30.41,23.85,55.15,0.0,73.59,55.44,61.4,34.41,46.86,67.23,50.25,57.25,31.4,22.47,69.12,46.69,53.49,48.01,16.49,41.01,73.59,33.6,42.45,31.02,24.04,38.21,57.04,42.2,47.2,61.22,44.2,44.78,25.0,26.48,20.4,36.06,29.15,61.52,53.24,54.38,42.2,17.46,87.92,47.0,8.25,40.36,33.24,14.21,51.88
37,57.01,52.89,95.19,78.49,60.14,69.58,73.43,43.32,89.96,57.58,82.02,17.69,13.04,43.42,83.15,22.56,68.12,86.02,29.07,87.11,36.4,42.06,61.98,24.7,59.14,91.55,21.19,3.16,32.06,48.85,75.54,86.35,16.76,51.0,50.25,50.25,73.59,0.0,43.01,67.19,39.7,82.0,16.49,80.31,31.0,59.62,82.3,14.87,86.83,73.0,92.72,67.23,53.76,0.0,86.38,31.4,68.31,54.2,111.73,48.09,44.91,120.28,13.42,30.89,76.79,57.8,91.79,87.13,67.91,94.03,12.53,79.06,79.4,32.02,82.15,123.1,50.49,66.84,84.43,40.36,76.85,74.43
38,46.69,15.26,63.6,58.25,45.04,27.2,42.54,15.13,54.45,59.62,39.01,31.95,37.95,10.05,40.2,44.42,79.26,47.43,29.0,62.97,12.04,50.8,20.59,57.27,16.76,72.78,41.68,44.05,55.8,20.1,33.53,46.07,27.66,25.08,35.51,70.04,55.44,43.01,0.0,24.33,29.97,41.59,27.17,88.64,12.04,26.83,74.17,29.27,47.01,85.59,53.34,59.68,63.81,43.01,83.02,35.38,69.57,50.6,88.24,5.39,56.4,94.41,31.78,39.6,83.38,30.81,81.02,75.06,72.24,63.25,38.9,89.44,37.11,27.66,71.0,80.22,10.63,53.01,46.4,34.89,66.03,32.28
39,59.36,18.36,56.75,62.17,55.47,4.47,41.11,32.2,44.6,75.43,15.3,54.45,62.1,25.71,16.0,67.62,96.43,34.44,51.0,63.03,32.39,70.29,8.49,80.99,12.04,75.43,65.0,68.03,78.29,32.56,16.12,30.23,51.97,36.4,49.2,90.6,61.4,67.19,24.33,0.0,48.27,26.42,51.01,104.04,36.35,30.46,83.22,53.0,31.91,102.83,38.01,71.12,82.02,67.19,93.62,56.6,83.76,65.6,85.71,19.1,75.93,89.5,56.09,61.06,98.47,38.01,87.8,81.74,87.42,57.27,63.06,105.6,17.69,48.88,78.75,56.89,20.81,62.24,34.54,53.15,74.67,14.76
40,19.65,45.18,56.36,39.05,21.1,52.4,35.44,16.28,53.15,29.73,59.06,41.63,27.46,38.9,61.4,25.32,49.4,52.0,10.63,47.42,36.35,22.02,48.27,39.12,36.4,52.7,23.77,42.45,32.56,16.55,48.1,54.33,25.24,15.13,10.63,42.44,34.41,39.7,29.97,48.27,0.0,50.64,33.11,58.69,26.02,25.18,47.68,34.89,54.15,55.76,59.0,32.25,34.21,39.7,55.0,11.05,40.02,21.21,72.25,34.13,27.66,80.62,26.91,15.03,53.49,20.22,56.04,50.6,42.38,55.01,28.3,59.48,52.2,7.81,45.88,95.34,27.59,28.64,50.01,5.0,40.52,47.54
41,52.48,43.19,32.02,45.49,46.87,29.15,24.08,39.2,19.1,69.97,20.1,73.41,73.33,47.8,23.19,75.11,90.97,8.25,58.01,42.72,53.0,70.52,34.67,89.14,25.24,56.08,73.03,83.68,83.19,35.01,10.3,4.47,65.31,35.51,45.88,90.82,46.86,82.0,41.59,26.42,50.64,0.0,67.68,95.78,52.2,25.5,69.2,69.89,5.66,97.08,12.04,60.96,79.16,82.0,80.43,61.4,75.43,60.42,62.03,38.28,75.61,64.5,69.05,65.62,90.14,31.95,71.2,65.51,80.0,33.02,74.33,98.23,10.05,55.04,63.82,44.92,31.95,50.99,9.0,54.34,61.07,11.66
42,52.55,36.4,84.5,71.56,54.12,53.24,62.48,30.81,77.7,58.14,66.03,8.54,17.49,26.93,67.01,28.23,72.99,72.5,23.77,79.03,19.92,44.1,45.54,36.8,43.74,85.59,25.63,17.03,40.25,37.01,60.42,72.11,9.0,40.31,43.42,57.94,67.23,16.49,27.17,51.01,33.11,67.68,0.0,84.48,15.52,47.43,80.08,2.24,72.8,78.64,78.92,64.56,57.43,16.49,86.15,29.15,69.18,52.17,104.4,32.02,48.51,112.16,10.77,31.02,80.16,47.38,88.87,83.57,70.0,83.63,18.03,84.01,64.13,25.63,78.77,107.38,35.74,61.74,71.11,35.74,73.39,59.23
43,44.82,103.79,79.85,53.67,49.52,108.47,72.01,74.24,86.45,29.07,111.13,92.2,69.0,97.5,114.02,58.03,12.37,92.42,62.82,62.03,94.25,40.45,105.82,59.2,92.09,52.95,60.0,83.38,48.84,71.87,98.31,97.62,75.54,67.68,54.92,32.31,50.25,80.31,88.64,104.04,58.69,95.78,84.48,0.0,83.52,74.52,31.78,85.29,96.4,9.9,98.18,34.83,27.07,80.31,23.02,56.29,20.52,38.59,71.0,92.57,36.06,81.02,74.17,53.6,5.66,66.71,38.0,39.46,16.64,77.62,69.01,4.12,101.82,62.64,37.36,138.13,84.72,44.82,90.21,53.85,37.16,98.35
44,45.18,24.41,70.71,60.93,45.12,39.05,48.84,17.2,63.01,55.11,51.04,21.63,26.4,15.56,52.24,34.06,73.16,57.25,21.02,67.23,10.77,43.86,31.95,46.14,28.28,75.39,31.24,32.14,45.97,23.6,44.91,56.65,15.81,27.78,34.53,61.61,57.25,31.0,12.04,36.35,26.02,52.2,15.52,83.52,0.0,33.24,73.33,17.72,57.38,79.31,63.56,58.08,57.38,31.0,81.01,27.73,65.76,47.17,92.78,17.26,49.19,99.86,19.92,31.38,78.59,34.67,81.22,75.5,67.68,70.04,27.31,83.82,48.66,20.88,71.02,92.14,20.25,53.15,55.95,30.27,65.76,43.74
45,29.73,37.22,37.48,33.0,25.24,34.93,15.81,16.64,30.41,46.75,36.8,54.67,49.48,36.4,39.6,50.01,68.01,27.17,33.24,36.4,38.59,45.31,34.53,64.0,19.42,47.17,48.09,61.74,57.71,10.77,24.41,29.15,42.95,10.05,21.1,65.8,31.4,59.62,26.83,30.46,25.18,25.5,47.43,74.52,33.24,0.0,52.81,49.65,29.02,74.33,34.13,40.82,54.92,59.62,63.16,36.06,54.04,36.88,61.47,26.93,50.57,67.6,46.24,40.2,68.88,7.81,57.87,51.79,58.05,36.88,50.45,76.42,28.3,30.15,48.51,70.34,16.76,31.78,25.32,28.86,44.27,24.21
46,28.16,87.97,48.76,24.04,29.15,87.66,45.22,59.08,56.85,26.17,86.95,88.6,69.32,84.1,90.05,60.75,34.37,64.38,56.32,30.89,83.05,41.4,87.09,68.62,72.12,21.21,61.4,85.42,57.28,54.45,73.93,70.18,71.47,49.5,39.01,48.76,22.47,82.3,74.17,83.22,47.68,69.2,80.08,31.78,73.33,52.81,0.0,81.61,68.68,38.0,69.35,15.52,35.23,82.3,11.31,51.62,18.79,28.23,40.61,76.66,41.01,50.8,71.87,51.43,27.17,45.61,9.9,8.06,23.09,46.53,69.77,35.51,76.85,54.57,5.83,108.85,67.08,21.38,62.29,44.38,8.54,74.3
47,54.23,38.08,86.68,73.5,55.95,55.15,64.66,33.02,79.92,59.3,68.07,7.07,17.46,28.64,69.0,28.46,73.68,74.73,25.3,81.06,21.59,45.01,47.38,36.24,45.89,87.46,25.96,15.13,40.31,39.2,62.59,74.33,10.2,42.45,45.28,58.19,69.12,14.87,29.27,53.0,34.89,69.89,2.24,85.29,17.72,49.65,81.61,0.0,75.03,79.25,81.15,66.1,58.22,14.87,87.48,30.41,70.35,53.6,106.4,34.06,49.25,114.21,11.18,32.02,81.06,49.52,90.48,85.23,71.03,85.8,17.89,84.72,66.29,27.31,80.41,109.46,37.95,63.51,73.35,37.34,75.03,61.39
48,54.13,48.84,28.16,44.69,48.3,34.44,24.41,43.74,15.13,71.55,24.08,78.72,77.78,53.41,27.02,79.0,92.28,4.47,62.07,40.71,58.52,73.25,40.22,93.01,30.81,54.12,77.03,88.6,86.58,39.12,15.81,2.0,70.09,39.05,48.51,93.3,46.69,86.83,47.01,31.91,54.15,5.66,72.8,96.4,57.38,29.02,68.68,75.03,0.0,98.27,6.4,61.61,81.15,86.83,79.98,65.07,76.28,62.24,58.31,43.83,78.16,60.13,73.76,69.18,90.8,34.71,69.89,64.4,80.99,29.43,78.77,99.05,14.87,59.03,63.13,42.54,37.16,51.61,6.4,57.56,60.81,17.2
49,44.82,100.85,84.2,57.57,50.22,107.17,73.93,71.85,89.55,27.59,111.13,85.99,62.39,93.91,113.9,51.24,6.4,94.51,58.31,66.71,90.08,35.47,103.81,50.8,90.79,59.08,53.46,76.01,41.05,70.29,98.6,99.32,69.86,66.53,53.76,23.54,53.49,73.0,85.59,102.83,55.76,97.08,78.64,9.9,79.31,74.33,38.0,79.25,98.27,0.0,100.65,37.16,21.93,73.0,31.05,51.62,22.47,37.48,78.31,89.89,30.36,88.46,68.07,48.38,11.4,66.6,45.54,46.01,17.46,82.01,62.29,6.71,102.3,58.6,43.1,140.55,82.8,46.96,92.28,50.77,41.77,98.49
50,57.25,55.17,25.3,45.34,51.26,40.31,26.93,49.48,13.04,74.46,28.86,84.97,83.36,59.82,31.58,84.1,94.81,7.0,67.36,40.0,64.9,77.28,46.4,98.05,37.2,53.25,82.22,94.56,91.2,44.55,22.02,7.81,75.96,44.05,52.61,97.02,48.01,92.72,53.34,38.01,59.0,12.04,78.92,98.18,63.56,34.13,69.35,81.15,6.4,100.65,0.0,63.63,84.43,92.72,80.66,70.01,78.39,65.46,55.11,50.22,82.0,56.01,79.56,74.01,92.65,39.12,69.66,64.44,83.24,26.93,84.34,101.02,20.59,64.28,63.66,39.96,43.38,53.71,9.06,62.13,61.85,23.43
51,13.04,73.98,47.68,21.1,15.65,75.59,37.2,44.55,52.39,14.56,76.84,73.08,54.2,69.46,79.81,46.23,31.62,57.69,40.8,31.0,68.01,27.66,74.09,55.44,59.51,27.73,46.62,70.33,44.41,40.52,63.89,62.8,55.97,35.74,24.19,39.81,16.49,67.23,59.68,71.12,32.25,60.96,64.56,34.83,58.08,40.82,15.52,66.1,61.61,37.16,63.63,0.0,25.5,67.23,23.35,36.25,14.76,13.04,49.19,62.59,28.65,59.09,56.46,36.36,29.21,33.12,24.6,20.0,19.7,45.54,54.71,37.44,67.27,39.05,15.0,103.59,53.45,10.0,55.47,28.86,9.9,64.03
52,27.2,79.08,72.06,46.1,33.24,86.28,57.57,50.45,74.73,11.05,91.4,65.12,42.05,72.01,94.02,31.26,15.81,77.83,36.4,56.22,68.15,13.6,82.46,34.99,70.01,52.81,33.06,56.89,23.71,49.52,79.32,81.94,48.51,46.23,33.84,14.32,41.01,53.76,63.81,82.02,34.21,79.16,57.43,27.07,57.38,54.92,35.23,58.22,81.15,21.93,84.43,25.5,0.0,53.76,35.0,29.73,16.97,18.97,74.09,68.24,9.0,84.15,47.1,26.68,23.09,47.51,45.0,42.54,14.76,70.03,42.11,26.68,83.22,36.67,38.01,123.69,61.62,33.02,75.61,29.21,34.18,79.06
53,57.01,52.89,95.19,78.49,60.14,69.58,73.43,43.32,89.96,57.58,82.02,17.69,13.04,43.42,83.15,22.56,68.12,86.02,29.07,87.11,36.4,42.06,61.98,24.7,59.14,91.55,21.19,3.16,32.06,48.85,75.54,86.35,16.76,51.0,50.25,50.25,73.59,0.0,43.01,67.19,39.7,82.0,16.49,80.31,31.0,59.62,82.3,14.87,86.83,73.0,92.72,67.23,53.76,0.0,86.38,31.4,68.31,54.2,111.73,48.09,44.91,120.28,13.42,30.89,76.79,57.8,91.79,87.13,67.91,94.03,12.53,79.06,79.4,32.02,82.15,123.1,50.49,66.84,84.43,40.36,76.85,74.43
54,36.35,97.29,59.68,35.36,38.6,98.09,56.4,67.9,68.12,28.79,97.94,94.54,73.68,92.78,101.02,64.08,29.07,75.69,62.51,41.88,91.14,44.38,97.08,69.89,82.28,31.02,65.19,89.54,58.52,63.79,84.91,81.47,77.28,58.94,47.52,46.75,33.6,86.38,83.02,93.62,55.0,80.43,86.15,23.02,81.01,63.16,11.31,87.48,79.98,31.05,80.66,23.35,35.0,86.38,0.0,57.07,18.36,34.13,48.01,85.91,42.54,58.01,77.13,56.04,19.65,55.71,15.03,17.46,20.52,57.45,74.0,27.07,87.92,61.2,17.03,120.1,76.66,31.38,73.59,51.09,19.42,85.23
55,25.61,50.45,66.85,47.51,29.07,60.46,46.32,24.6,64.13,29.02,68.54,37.48,18.44,42.72,70.68,14.32,45.54,63.01,6.71,56.61,38.48,16.16,55.32,28.07,45.18,60.21,13.0,34.41,22.14,26.68,58.24,65.19,20.22,26.02,20.12,34.66,42.45,31.4,35.38,56.6,11.05,61.4,29.15,56.29,27.73,36.06,51.62,30.41,65.07,51.62,70.01,36.25,29.73,31.4,57.07,0.0,40.05,23.41,80.66,40.31,21.47,89.5,20.25,4.47,51.62,31.26,60.84,55.95,41.11,65.39,19.1,56.32,62.36,7.81,51.0,105.91,35.85,35.47,61.03,9.43,45.65,57.57
56,24.41,84.5,61.85,35.17,29.0,88.2,51.87,54.78,67.12,11.05,90.61,77.41,55.79,78.85,93.51,45.88,17.26,72.4,46.01,44.55,76.3,26.25,85.88,51.61,71.87,38.33,47.13,71.47,40.22,51.88,77.79,77.42,60.21,47.51,34.89,30.02,31.02,68.31,69.57,83.76,40.02,75.43,69.18,20.52,65.76,54.04,18.79,70.35,76.28,22.47,78.39,14.76,16.97,68.31,18.36,40.05,0.0,18.97,58.94,73.16,24.19,69.12,59.68,38.47,14.87,46.23,28.3,26.57,5.1,59.67,56.04,22.8,81.32,45.18,22.56,118.34,64.85,24.7,70.18,35.51,20.0,77.83
57,8.25,65.55,54.08,29.41,14.32,70.0,38.6,35.85,55.9,9.9,73.66,60.64,41.18,59.91,76.42,33.3,31.14,58.87,28.44,39.56,57.56,15.65,67.23,43.27,53.6,39.41,33.6,57.31,32.65,33.29,61.22,63.07,43.42,29.21,16.4,32.14,24.04,54.2,50.6,65.6,21.21,60.42,52.17,38.59,47.17,36.88,28.23,53.6,62.24,37.48,65.46,13.04,18.97,54.2,34.13,23.41,18.97,0.0,60.75,54.23,18.25,70.33,43.66,23.32,33.12,29.21,37.59,33.02,21.95,52.15,41.68,40.0,65.0,27.07,28.02,104.79,46.14,15.81,56.65,17.0,22.8,61.07
58,55.44,97.8,30.15,33.24,51.62,89.45,46.17,75.66,43.19,63.56,82.1,112.65,99.01,97.86,85.15,93.24,74.97,54.15,82.81,25.55,99.74,76.32,92.57,104.01,78.34,21.47,92.96,114.59,93.3,69.35,71.06,60.3,97.31,65.0,61.62,88.26,38.21,111.73,88.24,85.71,72.25,62.03,104.4,71.0,92.78,61.47,40.61,106.4,58.31,78.31,55.11,49.19,74.09,111.73,48.01,80.66,58.94,60.75,0.0,88.26,77.83,10.2,99.16,82.33,67.12,58.18,33.0,32.56,63.56,29.02,99.72,75.01,72.01,80.06,36.4,87.46,78.19,45.61,53.04,71.42,39.92,72.11
59,49.73,11.4,62.43,59.41,47.52,21.84,42.15,18.38,52.5,63.51,34.01,36.14,43.32,10.0,35.06,49.74,83.53,44.69,34.06,63.32,14.76,55.44,15.26,62.65,13.04,73.82,47.01,49.0,61.03,22.2,29.55,42.72,32.98,27.17,38.6,74.95,57.04,48.09,5.39,19.1,34.13,38.28,32.02,92.57,17.26,26.93,76.66,34.06,43.83,89.89,50.22,62.59,68.24,48.09,85.91,40.31,73.16,54.23,88.26,0.0,61.07,93.94,37.11,44.6,87.24,32.06,83.05,77.03,76.06,62.27,44.27,93.54,32.89,32.53,73.17,75.43,10.2,55.33,43.86,39.12,68.36,28.23
60,26.02,71.61,72.25,47.54,32.0,80.06,55.58,43.86,73.33,14.87,86.28,56.14,33.06,64.14,88.75,22.36,24.52,75.19,28.18,57.72,59.93,5.66,75.69,27.66,64.03,56.36,24.08,48.05,16.28,43.83,74.71,78.75,39.62,41.18,29.73,15.23,42.2,44.91,56.4,75.93,27.66,75.61,48.51,36.06,49.19,50.57,41.01,49.25,78.16,30.36,82.0,28.65,9.0,44.91,42.54,21.47,24.19,18.25,77.83,61.07,0.0,87.66,38.12,18.03,32.06,43.66,50.91,47.63,23.09,70.35,33.14,35.51,78.71,28.84,42.8,120.49,55.23,33.96,73.01,22.8,38.28,74.3
61,64.64,102.88,32.76,42.01,60.44,92.96,51.88,82.66,45.4,73.54,84.21,120.25,107.71,103.75,87.14,102.42,85.16,56.32,91.24,33.24,106.17,85.96,96.84,113.53,83.22,31.38,102.0,123.07,102.96,76.28,74.15,62.13,105.42,72.2,70.04,98.35,47.2,120.28,94.41,89.5,80.62,64.5,112.16,81.02,99.86,67.6,50.8,114.21,60.13,88.46,56.01,59.09,84.15,120.28,58.01,89.5,69.12,70.33,10.2,93.94,87.66,0.0,107.48,91.4,77.23,65.22,43.05,42.76,73.76,32.28,108.47,85.05,74.55,88.39,46.57,84.58,84.08,54.92,55.58,80.16,49.98,75.31
62,45.28,43.83,81.84,65.95,47.8,58.94,60.03,30.08,76.56,48.66,70.46,18.03,7.07,34.48,71.85,17.46,62.51,72.8,16.4,74.25,28.02,34.01,51.87,27.02,47.04,79.4,14.87,15.81,29.53,35.47,63.07,73.35,4.12,37.59,37.54,47.17,61.22,13.42,31.78,56.09,26.91,69.05,10.77,74.17,19.92,46.24,71.87,11.18,73.76,68.07,79.56,56.46,47.1,13.42,77.13,20.25,59.68,43.66,99.16,37.11,38.12,107.48,0.0,21.21,70.01,44.42,81.02,76.03,60.13,80.71,7.81,73.55,67.03,19.1,71.11,111.0,38.01,54.92,71.17,28.3,65.74,62.03
63,26.91,54.56,69.89,49.41,31.06,64.9,49.82,29.07,67.74,27.46,73.01,39.05,17.89,46.62,75.15,11.18,42.45,67.01,10.63,58.83,42.06,13.15,59.67,24.33,49.65,61.52,10.63,34.0,17.72,31.05,62.64,69.35,22.02,30.15,23.09,30.48,44.2,30.89,39.6,61.06,15.03,65.62,31.02,53.6,31.38,40.2,51.43,32.02,69.18,48.38,74.01,36.36,26.68,30.89,56.04,4.47,38.47,23.32,82.33,44.6,18.03,91.4,21.21,0.0,49.16,35.06,60.9,56.3,39.01,68.35,18.36,53.37,66.76,12.21,51.31,110.22,40.31,36.8,65.0,12.37,46.04,61.98
64,39.2,98.49,74.67,48.33,43.86,102.9,66.4,68.88,81.01,23.77,105.48,88.02,65.12,92.36,108.37,54.33,10.63,86.84,58.05,56.92,89.29,36.06,100.34,56.65,86.53,48.37,56.14,79.91,45.88,66.37,92.66,92.01,71.18,62.13,49.4,30.53,44.78,76.79,83.38,98.47,53.49,90.14,80.16,5.66,78.59,68.88,27.17,81.06,90.8,11.4,92.65,29.21,23.09,76.79,19.65,51.62,14.87,33.12,67.12,87.24,32.06,77.23,70.01,49.16,0.0,61.07,34.23,35.06,11.18,72.45,65.19,8.54,96.17,57.72,32.56,132.61,79.26,39.2,84.63,48.7,31.95,92.7
65,21.93,43.01,37.44,27.46,17.49,42.49,15.65,17.49,32.98,39.05,44.55,55.23,46.62,40.79,47.38,45.54,60.31,32.14,29.73,32.65,41.79,38.6,41.48,59.3,26.57,41.98,43.93,60.21,52.09,11.18,32.02,35.17,41.62,7.07,13.93,58.87,25.0,57.8,30.81,38.01,20.22,31.95,47.38,66.71,34.67,7.81,45.61,49.52,34.71,66.6,39.12,33.12,47.51,57.8,55.71,31.26,46.23,29.21,58.18,32.06,43.66,65.22,44.42,35.06,61.07,0.0,51.24,45.18,50.25,36.4,47.54,68.62,35.81,26.57,41.59,76.84,22.0,24.35,30.07,23.02,37.11,31.89
66,36.4,94.19,46.86,26.0,36.22,92.18,47.93,66.12,56.73,36.07,89.96,97.41,78.77,91.05,93.11,70.46,42.72,65.46,65.19,29.73,90.55,51.22,92.4,78.52,77.28,17.2,71.02,94.89,67.18,61.0,77.08,71.56,80.41,56.0,46.69,58.31,26.48,91.79,81.02,87.8,56.04,71.2,88.87,38.0,81.22,57.87,9.9,90.48,69.89,45.54,69.66,24.6,45.0,91.79,15.03,60.84,28.3,37.59,33.0,83.05,50.91,43.05,81.02,60.9,34.23,51.24,0.0,6.08,32.2,44.69,79.26,42.01,79.62,63.25,10.2,108.21,73.17,28.16,63.51,53.14,15.52,77.62
67,31.02,88.14,42.44,20.12,30.41,86.13,42.05,60.21,51.62,32.8,84.1,92.11,74.09,85.09,87.24,66.22,42.43,60.0,60.01,24.84,84.72,47.38,86.31,75.01,71.2,13.6,66.61,90.21,63.78,55.01,71.18,66.03,75.24,50.01,41.0,56.36,20.4,87.13,75.06,81.74,50.6,65.51,83.57,39.46,75.5,51.79,8.06,85.23,64.4,46.01,64.44,20.0,42.54,87.13,17.46,55.95,26.57,33.02,32.56,77.03,47.63,42.76,76.03,56.3,35.06,45.18,6.08,0.0,31.05,40.22,74.63,43.29,73.79,57.94,5.0,103.39,67.12,22.36,58.01,47.93,10.3,71.69
68,28.32,87.32,66.94,40.26,33.3,91.84,56.6,57.7,72.09,12.65,94.76,78.06,55.73,81.27,97.62,45.35,12.17,77.18,47.38,49.65,78.34,26.17,89.19,49.74,75.45,43.19,46.87,71.06,38.47,55.23,82.04,82.1,61.0,51.04,38.28,26.4,36.06,67.91,72.24,87.42,42.38,80.0,70.0,16.64,67.68,58.05,23.09,71.03,80.99,17.46,83.24,19.7,14.76,67.91,20.52,41.11,5.1,21.95,63.56,76.06,23.09,73.76,60.13,39.01,11.18,50.25,32.2,31.05,0.0,64.76,55.9,18.38,85.63,46.87,27.29,123.17,68.1,29.53,74.95,37.64,25.02,82.02
69,44.41,70.77,2.24,24.52,38.64,60.83,21.21,53.04,14.32,59.08,53.08,91.24,82.37,72.2,56.14,79.48,76.9,25.18,65.37,15.65,75.21,66.91,64.56,92.35,51.08,27.59,78.39,96.52,83.2,46.69,42.19,31.4,78.01,43.42,45.31,84.01,29.15,94.03,63.25,57.27,55.01,33.02,83.63,77.62,70.04,36.88,46.53,85.8,29.43,82.01,26.93,45.54,70.03,94.03,57.45,65.39,59.67,52.15,29.02,62.27,70.35,32.28,80.71,68.35,72.45,36.4,44.69,40.22,64.76,0.0,83.24,80.99,43.0,62.27,40.71,63.66,52.7,37.01,24.02,56.08,40.5,43.29
70,44.69,51.48,84.53,66.53,48.1,66.1,63.16,35.13,80.32,45.22,77.1,24.04,1.0,42.19,78.64,11.05,57.04,77.47,17.89,75.43,35.81,29.83,59.24,19.21,53.46,79.31,9.06,15.65,22.47,39.81,69.03,78.52,11.66,41.11,38.6,40.52,61.52,12.53,38.9,63.06,28.3,74.33,18.03,69.01,27.31,50.45,69.77,17.89,78.77,62.29,84.34,54.71,42.11,12.53,74.0,19.1,56.04,41.68,99.72,44.27,33.14,108.47,7.81,18.36,65.19,47.54,79.26,74.63,55.9,83.24,0.0,68.07,73.06,21.02,69.64,117.15,44.18,54.56,75.71,28.32,64.35,68.07
71,46.69,104.66,83.22,56.86,51.66,110.0,74.63,75.29,89.47,30.23,113.15,91.55,68.12,98.09,116.0,57.04,11.05,95.13,62.94,65.46,94.58,40.26,107.07,57.27,93.6,56.72,59.14,82.1,47.27,73.24,100.42,100.21,75.13,69.2,56.4,30.08,53.24,79.06,89.44,105.6,59.48,98.23,84.01,4.12,83.82,76.42,35.51,84.72,99.05,6.71,101.02,37.44,26.68,79.06,27.07,56.32,22.8,40.0,75.01,93.54,35.51,85.05,73.55,53.37,8.54,68.62,42.01,43.29,18.38,80.99,68.07,0.0,104.0,62.97,41.0,140.98,85.98,47.43,92.91,54.56,40.5,100.41
72,57.49,35.61,42.05,53.67,52.35,19.72,31.76,38.47,29.15,74.81,10.44,68.96,72.06,41.59,13.6,75.31,96.05,18.25,58.05,51.92,47.54,73.35,26.17,89.27,20.4,65.15,72.99,80.75,84.48,35.74,4.12,13.0,63.07,37.58,49.4,93.91,54.38,79.4,37.11,17.69,52.2,10.05,64.13,101.82,48.66,28.3,76.85,66.29,14.87,102.3,20.59,67.27,83.22,79.4,87.92,62.36,81.32,65.0,72.01,32.89,78.71,74.55,67.03,66.76,96.17,35.81,79.62,73.79,85.63,43.0,73.06,104.0,0.0,55.32,71.69,44.1,29.02,57.49,19.03,56.46,68.51,5.0
73,26.93,42.8,63.53,46.86,28.84,52.7,42.15,17.09,59.48,34.37,61.1,34.18,20.12,35.36,63.16,20.1,52.39,57.31,3.16,55.17,31.62,23.32,47.51,34.13,37.58,60.46,18.0,34.71,29.55,20.02,51.2,59.0,17.49,20.4,18.44,42.43,42.2,32.02,27.66,48.88,7.81,55.04,25.63,62.64,20.88,30.15,54.57,27.31,59.03,58.6,64.28,39.05,36.67,32.02,61.2,7.81,45.18,27.07,80.06,32.53,28.84,88.39,19.1,12.21,57.72,26.57,63.25,57.94,46.87,62.27,21.02,62.97,55.32,0.0,53.14,99.14,28.18,36.24,55.44,10.2,47.76,50.45
74,26.25,84.38,42.94,18.44,26.08,83.17,39.96,56.04,51.09,28.02,81.88,87.32,69.12,81.01,85.0,61.22,39.05,58.8,55.15,25.06,80.4,42.43,82.98,70.09,67.91,16.0,61.61,85.23,58.9,51.04,68.88,64.66,70.38,46.04,36.5,52.0,17.46,82.15,71.0,78.75,45.88,63.82,78.77,37.36,71.02,48.51,5.83,80.41,63.13,43.1,63.66,15.0,38.01,82.15,17.03,51.0,22.56,28.02,36.4,73.17,42.8,46.57,71.11,51.31,32.56,41.59,10.2,5.0,27.29,40.71,69.64,41.0,71.69,53.14,0.0,103.08,63.39,18.03,56.73,43.08,5.39,69.32
75,96.66,74.46,61.55,85.0,90.8,55.79,66.65,82.49,52.01,114.06,41.59,111.31,116.16,82.57,41.23,119.22,134.65,46.07,101.97,78.57,89.27,115.43,64.03,133.22,64.01,91.22,116.97,124.26,127.88,79.25,48.17,41.79,107.0,80.28,90.76,135.68,87.92,123.1,80.22,56.89,95.34,44.92,107.38,138.13,92.14,70.34,108.85,109.46,42.54,140.55,39.96,103.59,123.69,123.1,120.1,105.91,118.34,104.79,87.46,75.43,120.49,84.58,111.0,110.22,132.61,76.84,108.21,103.39,123.17,63.66,117.15,140.98,44.1,99.14,103.08,0.0,73.03,93.65,48.3,99.2,101.61,49.09
76,40.85,21.02,53.01,49.25,38.08,24.84,32.2,11.4,43.86,55.76,33.24,41.59,43.19,19.7,35.11,47.43,76.4,37.22,30.46,53.16,22.67,49.58,21.1,61.13,9.49,63.64,44.92,51.97,57.7,13.0,25.08,36.4,34.06,17.72,29.97,69.81,47.0,50.49,10.63,20.81,27.59,31.95,35.74,84.72,20.25,16.76,67.08,37.95,37.16,82.8,43.38,53.45,61.62,50.49,76.66,35.85,64.85,46.14,78.19,10.2,55.23,84.08,38.01,40.31,79.26,22.0,73.17,67.12,68.1,52.7,44.18,85.98,29.02,28.18,63.39,73.03,0.0,45.71,36.06,32.53,58.69,24.02
77,9.9,66.61,39.05,13.6,8.06,66.71,27.2,38.01,42.72,22.09,67.2,70.26,53.91,63.0,70.21,47.63,41.23,47.71,38.59,23.77,62.39,31.38,65.8,58.67,50.92,24.76,47.42,69.81,48.33,33.14,54.2,52.8,53.71,28.16,18.68,47.04,8.25,66.84,53.01,62.24,28.64,50.99,61.74,44.82,53.15,31.78,21.38,63.51,51.61,46.96,53.71,10.0,33.02,66.84,31.38,35.47,24.7,15.81,45.61,55.33,33.96,54.92,54.92,36.8,39.2,24.35,28.16,22.36,29.53,37.01,54.56,47.43,57.49,36.24,18.03,93.65,45.71,0.0,45.49,26.63,13.04,54.41
78,48.47,50.22,23.02,38.29,42.54,37.64,18.36,41.11,10.2,65.8,29.07,77.52,74.73,53.74,32.14,75.17,86.35,2.24,58.55,34.44,58.26,68.25,42.49,89.09,31.14,47.85,73.33,86.38,82.15,35.9,18.68,8.06,67.68,35.13,43.57,88.06,40.36,84.43,46.4,34.54,50.01,9.0,71.11,90.21,55.95,25.32,62.29,73.35,6.4,92.28,9.06,55.47,75.61,84.43,73.59,61.03,70.18,56.65,53.04,43.86,73.01,55.58,71.17,65.0,84.63,30.07,63.51,58.01,74.95,24.02,75.71,92.91,19.03,55.44,56.73,48.3,36.06,45.49,0.0,53.08,54.45,19.92
79,17.0,50.12,57.58,38.21,19.8,57.31,37.48,21.26,55.44,25.0,63.63,44.27,27.59,43.66,66.04,23.41,44.42,55.15,12.08,47.2,40.79,17.2,53.26,36.67,41.23,51.22,22.36,43.28,29.07,21.1,52.39,57.87,27.31,18.97,10.77,37.74,33.24,40.36,34.89,53.15,5.0,54.34,35.74,53.85,30.27,28.86,44.38,37.34,57.56,50.77,62.13,28.86,29.21,40.36,51.09,9.43,35.51,17.0,71.42,39.12,22.8,80.16,28.3,12.37,48.7,23.02,53.14,47.93,37.64,56.08,28.32,54.56,56.46,10.2,43.08,99.2,32.53,26.63,53.08,0.0,37.7,51.89
80,20.88,79.63,42.72,16.64,21.0,79.12,37.01,51.0,49.65,23.71,78.55,81.93,63.81,76.01,81.63,56.08,37.12,56.59,49.77,25.0,75.24,37.54,78.59,65.3,63.6,18.68,56.4,79.92,54.2,46.17,65.51,62.24,65.0,41.19,31.26,48.38,14.21,76.85,66.03,74.67,40.52,61.07,73.39,37.16,65.76,44.27,8.54,75.03,60.81,41.77,61.85,9.9,34.18,76.85,19.42,45.65,20.0,22.8,39.92,68.36,38.28,49.98,65.74,46.04,31.95,37.11,15.52,10.3,25.02,40.5,64.35,40.5,68.51,47.76,5.39,101.61,58.69,13.04,54.45,37.7,0.0,65.86
81,53.76,31.83,42.58,51.62,48.84,17.72,29.73,33.54,30.08,70.94,12.81,64.2,67.07,37.22,15.81,70.41,92.2,19.7,53.15,50.8,42.95,68.88,23.02,84.34,15.52,63.79,68.07,75.8,79.7,31.02,1.41,15.62,58.08,33.12,45.22,89.47,51.88,74.43,32.28,14.76,47.54,11.66,59.23,98.35,43.74,24.21,74.3,61.39,17.2,98.49,23.43,64.03,79.06,74.43,85.23,57.57,77.83,61.07,72.11,28.23,74.3,75.31,62.03,61.98,92.7,31.89,77.62,71.69,82.02,43.29,68.07,100.41,5.0,50.45,69.32,49.09,24.02,54.41,19.92,51.89,65.86,0.0
