set K:= 1	2	3	4	5	6	7	8	9;
set C_H:= 1	2	3	4	5	6	7	8	9	10	11	12	13	14	15	16	17	18	19	20	21	22	23	24	25	26;
set C_S:= 27	28	29	30	31	32	33	34	35	36	37	38	39	40	41	42	43	44;
set C_F:= 45	46	47	48	49	50	51	52	53	54	55	56	57	58	59	60	61	62;
set M:= 63	64	65	66;
set L_B:= 67	68;
set A1:=
(0,*) 1 2 3 4 5 6 7 8 9 10 11 12 13 14 15 16 17 18 19 20 21 22 23 24 25 26 45 46 47 48 49 50 51 52 53 54 55 56 57 58 59 60 61 62 63 64 65 66 67 68
(1,*) 0 2 3 4 5 6 7 8 9 10 11 12 13 14 15 16 17 18 19 20 21 22 23 24 25 26 45 46 47 48 49 50 51 52 53 54 55 56 57 58 59 60 61 62 63 64 65 66 67 68
(2,*) 0 1 3 4 5 6 7 8 9 10 11 12 13 14 15 16 17 18 19 20 21 22 23 24 25 26 45 46 47 48 49 50 51 52 53 54 55 56 57 58 59 60 61 62 63 64 65 66 67 68
(3,*) 0 1 2 4 5 6 7 8 9 10 11 12 13 14 15 16 17 18 19 20 21 22 23 24 25 26 45 46 47 48 49 50 51 52 53 54 55 56 57 58 59 60 61 62 63 64 65 66 67 68
(4,*) 0 1 2 3 5 6 7 8 9 10 11 12 13 14 15 16 17 18 19 20 21 22 23 24 25 26 45 46 47 48 49 50 51 52 53 54 55 56 57 58 59 60 61 62 63 64 65 66 67 68
(5,*) 0 1 2 3 4 6 7 8 9 10 11 12 13 14 15 16 17 18 19 20 21 22 23 24 25 26 45 46 47 48 49 50 51 52 53 54 55 56 57 58 59 60 61 62 63 64 65 66 67 68
(6,*) 0 1 2 3 4 5 7 8 9 10 11 12 13 14 15 16 17 18 19 20 21 22 23 24 25 26 45 46 47 48 49 50 51 52 53 54 55 56 57 58 59 60 61 62 63 64 65 66 67 68
(7,*) 0 1 2 3 4 5 6 8 9 10 11 12 13 14 15 16 17 18 19 20 21 22 23 24 25 26 45 46 47 48 49 50 51 52 53 54 55 56 57 58 59 60 61 62 63 64 65 66 67 68
(8,*) 0 1 2 3 4 5 6 7 9 10 11 12 13 14 15 16 17 18 19 20 21 22 23 24 25 26 45 46 47 48 49 50 51 52 53 54 55 56 57 58 59 60 61 62 63 64 65 66 67 68
(9,*) 0 1 2 3 4 5 6 7 8 10 11 12 13 14 15 16 17 18 19 20 21 22 23 24 25 26 45 46 47 48 49 50 51 52 53 54 55 56 57 58 59 60 61 62 63 64 65 66 67 68
(10,*) 0 1 2 3 4 5 6 7 8 9 11 12 13 14 15 16 17 18 19 20 21 22 23 24 25 26 45 46 47 48 49 50 51 52 53 54 55 56 57 58 59 60 61 62 63 64 65 66 67 68
(11,*) 0 1 2 3 4 5 6 7 8 9 10 12 13 14 15 16 17 18 19 20 21 22 23 24 25 26 45 46 47 48 49 50 51 52 53 54 55 56 57 58 59 60 61 62 63 64 65 66 67 68
(12,*) 0 1 2 3 4 5 6 7 8 9 10 11 13 14 15 16 17 18 19 20 21 22 23 24 25 26 45 46 47 48 49 50 51 52 53 54 55 56 57 58 59 60 61 62 63 64 65 66 67 68
(13,*) 0 1 2 3 4 5 6 7 8 9 10 11 12 14 15 16 17 18 19 20 21 22 23 24 25 26 45 46 47 48 49 50 51 52 53 54 55 56 57 58 59 60 61 62 63 64 65 66 67 68
(14,*) 0 1 2 3 4 5 6 7 8 9 10 11 12 13 15 16 17 18 19 20 21 22 23 24 25 26 45 46 47 48 49 50 51 52 53 54 55 56 57 58 59 60 61 62 63 64 65 66 67 68
(15,*) 0 1 2 3 4 5 6 7 8 9 10 11 12 13 14 16 17 18 19 20 21 22 23 24 25 26 45 46 47 48 49 50 51 52 53 54 55 56 57 58 59 60 61 62 63 64 65 66 67 68
(16,*) 0 1 2 3 4 5 6 7 8 9 10 11 12 13 14 15 17 18 19 20 21 22 23 24 25 26 45 46 47 48 49 50 51 52 53 54 55 56 57 58 59 60 61 62 63 64 65 66 67 68
(17,*) 0 1 2 3 4 5 6 7 8 9 10 11 12 13 14 15 16 18 19 20 21 22 23 24 25 26 45 46 47 48 49 50 51 52 53 54 55 56 57 58 59 60 61 62 63 64 65 66 67 68
(18,*) 0 1 2 3 4 5 6 7 8 9 10 11 12 13 14 15 16 17 19 20 21 22 23 24 25 26 45 46 47 48 49 50 51 52 53 54 55 56 57 58 59 60 61 62 63 64 65 66 67 68
(19,*) 0 1 2 3 4 5 6 7 8 9 10 11 12 13 14 15 16 17 18 20 21 22 23 24 25 26 45 46 47 48 49 50 51 52 53 54 55 56 57 58 59 60 61 62 63 64 65 66 67 68
(20,*) 0 1 2 3 4 5 6 7 8 9 10 11 12 13 14 15 16 17 18 19 21 22 23 24 25 26 45 46 47 48 49 50 51 52 53 54 55 56 57 58 59 60 61 62 63 64 65 66 67 68
(21,*) 0 1 2 3 4 5 6 7 8 9 10 11 12 13 14 15 16 17 18 19 20 22 23 24 25 26 45 46 47 48 49 50 51 52 53 54 55 56 57 58 59 60 61 62 63 64 65 66 67 68
(22,*) 0 1 2 3 4 5 6 7 8 9 10 11 12 13 14 15 16 17 18 19 20 21 23 24 25 26 45 46 47 48 49 50 51 52 53 54 55 56 57 58 59 60 61 62 63 64 65 66 67 68
(23,*) 0 1 2 3 4 5 6 7 8 9 10 11 12 13 14 15 16 17 18 19 20 21 22 24 25 26 45 46 47 48 49 50 51 52 53 54 55 56 57 58 59 60 61 62 63 64 65 66 67 68
(24,*) 0 1 2 3 4 5 6 7 8 9 10 11 12 13 14 15 16 17 18 19 20 21 22 23 25 26 45 46 47 48 49 50 51 52 53 54 55 56 57 58 59 60 61 62 63 64 65 66 67 68
(25,*) 0 1 2 3 4 5 6 7 8 9 10 11 12 13 14 15 16 17 18 19 20 21 22 23 24 26 45 46 47 48 49 50 51 52 53 54 55 56 57 58 59 60 61 62 63 64 65 66 67 68
(26,*) 0 1 2 3 4 5 6 7 8 9 10 11 12 13 14 15 16 17 18 19 20 21 22 23 24 25 45 46 47 48 49 50 51 52 53 54 55 56 57 58 59 60 61 62 63 64 65 66 67 68
(45,*) 0 1 2 3 4 5 6 7 8 9 10 11 12 13 14 15 16 17 18 19 20 21 22 23 24 25 26 46 47 48 49 50 51 52 53 54 55 56 57 58 59 60 61 62 63 64 65 66 67 68
(46,*) 0 1 2 3 4 5 6 7 8 9 10 11 12 13 14 15 16 17 18 19 20 21 22 23 24 25 26 45 47 48 49 50 51 52 53 54 55 56 57 58 59 60 61 62 63 64 65 66 67 68
(47,*) 0 1 2 3 4 5 6 7 8 9 10 11 12 13 14 15 16 17 18 19 20 21 22 23 24 25 26 45 46 48 49 50 51 52 53 54 55 56 57 58 59 60 61 62 63 64 65 66 67 68
(48,*) 0 1 2 3 4 5 6 7 8 9 10 11 12 13 14 15 16 17 18 19 20 21 22 23 24 25 26 45 46 47 49 50 51 52 53 54 55 56 57 58 59 60 61 62 63 64 65 66 67 68
(49,*) 0 1 2 3 4 5 6 7 8 9 10 11 12 13 14 15 16 17 18 19 20 21 22 23 24 25 26 45 46 47 48 50 51 52 53 54 55 56 57 58 59 60 61 62 63 64 65 66 67 68
(50,*) 0 1 2 3 4 5 6 7 8 9 10 11 12 13 14 15 16 17 18 19 20 21 22 23 24 25 26 45 46 47 48 49 51 52 53 54 55 56 57 58 59 60 61 62 63 64 65 66 67 68
(51,*) 0 1 2 3 4 5 6 7 8 9 10 11 12 13 14 15 16 17 18 19 20 21 22 23 24 25 26 45 46 47 48 49 50 52 53 54 55 56 57 58 59 60 61 62 63 64 65 66 67 68
(52,*) 0 1 2 3 4 5 6 7 8 9 10 11 12 13 14 15 16 17 18 19 20 21 22 23 24 25 26 45 46 47 48 49 50 51 53 54 55 56 57 58 59 60 61 62 63 64 65 66 67 68
(53,*) 0 1 2 3 4 5 6 7 8 9 10 11 12 13 14 15 16 17 18 19 20 21 22 23 24 25 26 45 46 47 48 49 50 51 52 54 55 56 57 58 59 60 61 62 63 64 65 66 67 68
(54,*) 0 1 2 3 4 5 6 7 8 9 10 11 12 13 14 15 16 17 18 19 20 21 22 23 24 25 26 45 46 47 48 49 50 51 52 53 55 56 57 58 59 60 61 62 63 64 65 66 67 68
(55,*) 0 1 2 3 4 5 6 7 8 9 10 11 12 13 14 15 16 17 18 19 20 21 22 23 24 25 26 45 46 47 48 49 50 51 52 53 54 56 57 58 59 60 61 62 63 64 65 66 67 68
(56,*) 0 1 2 3 4 5 6 7 8 9 10 11 12 13 14 15 16 17 18 19 20 21 22 23 24 25 26 45 46 47 48 49 50 51 52 53 54 55 57 58 59 60 61 62 63 64 65 66 67 68
(57,*) 0 1 2 3 4 5 6 7 8 9 10 11 12 13 14 15 16 17 18 19 20 21 22 23 24 25 26 45 46 47 48 49 50 51 52 53 54 55 56 58 59 60 61 62 63 64 65 66 67 68
(58,*) 0 1 2 3 4 5 6 7 8 9 10 11 12 13 14 15 16 17 18 19 20 21 22 23 24 25 26 45 46 47 48 49 50 51 52 53 54 55 56 57 59 60 61 62 63 64 65 66 67 68
(59,*) 0 1 2 3 4 5 6 7 8 9 10 11 12 13 14 15 16 17 18 19 20 21 22 23 24 25 26 45 46 47 48 49 50 51 52 53 54 55 56 57 58 60 61 62 63 64 65 66 67 68
(60,*) 0 1 2 3 4 5 6 7 8 9 10 11 12 13 14 15 16 17 18 19 20 21 22 23 24 25 26 45 46 47 48 49 50 51 52 53 54 55 56 57 58 59 61 62 63 64 65 66 67 68
(61,*) 0 1 2 3 4 5 6 7 8 9 10 11 12 13 14 15 16 17 18 19 20 21 22 23 24 25 26 45 46 47 48 49 50 51 52 53 54 55 56 57 58 59 60 62 63 64 65 66 67 68
(62,*) 0 1 2 3 4 5 6 7 8 9 10 11 12 13 14 15 16 17 18 19 20 21 22 23 24 25 26 45 46 47 48 49 50 51 52 53 54 55 56 57 58 59 60 61 63 64 65 66 67 68
(63,*) 0 1 2 3 4 5 6 7 8 9 10 11 12 13 14 15 16 17 18 19 20 21 22 23 24 25 26 45 46 47 48 49 50 51 52 53 54 55 56 57 58 59 60 61 62 65 66 67 68
(64,*) 0 1 2 3 4 5 6 7 8 9 10 11 12 13 14 15 16 17 18 19 20 21 22 23 24 25 26 45 46 47 48 49 50 51 52 53 54 55 56 57 58 59 60 61 62 65 66 67 68
(65,*) 0 1 2 3 4 5 6 7 8 9 10 11 12 13 14 15 16 17 18 19 20 21 22 23 24 25 26 45 46 47 48 49 50 51 52 53 54 55 56 57 58 59 60 61 62 63 64 67 68
(66,*) 0 1 2 3 4 5 6 7 8 9 10 11 12 13 14 15 16 17 18 19 20 21 22 23 24 25 26 45 46 47 48 49 50 51 52 53 54 55 56 57 58 59 60 61 62 63 64 67 68
(67,*) 0 1 2 3 4 5 6 7 8 9 10 11 12 13 14 15 16 17 18 19 20 21 22 23 24 25 26 45 46 47 48 49 50 51 52 53 54 55 56 57 58 59 60 61 62 63 64 65 66 68
(68,*) 0 1 2 3 4 5 6 7 8 9 10 11 12 13 14 15 16 17 18 19 20 21 22 23 24 25 26 45 46 47 48 49 50 51 52 53 54 55 56 57 58 59 60 61 62 63 64 65 66 67
;
set A2:=
(63,*) 64
(64,*) 63
(65,*) 66
(66,*) 65
;
param BigM:=99999;
param n:= 9;
param d:=
1	18
2	14
3	7
4	2
5	21
6	20
7	15
8	19
9	6
10	14
11	2
12	6
13	23
14	14
15	15
16	23
17	26
18	2
19	15
20	21
21	10
22	24
23	17
24	2
25	18
26	8
27	5
28	19
29	18
30	5
31	15
32	22
33	22
34	14
35	15
36	26
37	15
38	7
39	3
40	4
41	23
42	4
43	20
44	19
45	4
46	22
47	9
48	7
49	20
50	20
51	11
52	10
53	1
54	14
55	21
56	24
57	21
58	15
59	22
60	20
61	2
62	12
;
param Q:=100;
param w:=
[63,*] 64 5
[64,*] 63 5
[65,*] 66 5
[66,*] 65 5
;
param V:=
[63,*] 64 523
[64,*] 63 523
[65,*] 66 523
[66,*] 65 523
;
param f:=
63	100
64	100
65	100
66	100
67	100
68	100
;
param e:
	63	64	65	66	67	68:=
27	0	0	0	1	0	1	
28	1	0	0	0	0	0	
29	0	1	0	0	0	0	
30	0	1	0	0	0	0	
31	0	0	1	0	0	0	
32	0	0	0	1	0	0	
33	0	1	0	0	0	1	
34	0	0	0	1	0	0	
35	0	0	1	0	0	0	
36	1	0	0	0	1	0	
37	0	0	1	0	0	0	
38	1	0	0	0	1	0	
39	1	0	0	0	1	0	
40	0	0	1	0	1	0	
41	0	0	0	1	0	1	
42	0	0	1	0	1	0	
43	0	0	0	1	0	0	
44	0	0	0	0	1	1	
45	1	0	0	0	0	0	
46	1	0	0	0	1	0	
47	0	0	1	0	1	0	
48	0	1	0	0	0	1	
49	0	0	0	1	0	0	
50	0	0	1	0	1	0	
51	0	0	1	0	0	0	
52	0	1	0	0	0	1	
53	0	1	0	0	0	1	
54	0	0	1	0	1	0	
55	0	1	0	0	0	1	
56	0	0	1	0	1	0	
57	0	1	0	0	0	0	
58	0	0	0	1	0	1	
59	1	0	0	0	1	0	
60	0	0	0	1	0	0	
61	0	0	0	1	0	0	
62	0	0	1	0	1	0	
;
param p:=
1	1
2	1
3	1
4	1
5	1
6	1
7	1
8	1
9	1
;
param G:=
63	523
64	523
65	523
66	523
67	130
68	130
;
param s:=
0	0
1	15
2	15
3	15
4	15
5	15
6	15
7	15
8	15
9	15
10	15
11	15
12	15
13	15
14	15
15	15
16	15
17	15
18	15
19	15
20	15
21	15
22	15
23	15
24	15
25	15
26	15
45	15
46	15
47	15
48	15
49	15
50	15
51	15
52	15
53	15
54	15
55	15
56	15
57	15
58	15
59	15
60	15
61	15
62	15
63	30
64	30
65	30
66	30
67	15
68	15
;
param t:
	0	1	2	3	4	5	6	7	8	9	10	11	12	13	14	15	16	17	18	19	20	21	22	23	24	25	26	27	28	29	30	31	32	33	34	35	36	37	38	39	40	41	42	43	44	45	46	47	48	49	50	51	52	53	54	55	56	57	58	59	60	61	62	63	64	65	66	67	68:=
0	0.0	64.03	100.44	57.69	39.29	75.89	112.07	32.25	84.4	86.58	54.15	101.82	80.32	78.0	76.97	80.45	88.81	32.98	99.3	77.82	82.46	62.51	24.41	98.08	82.39	50.99	92.28	72.25	90.91	14.42	42.52	70.11	92.35	8.94	62.0	80.4	100.5	86.02	86.83	110.45	83.35	50.16	78.23	91.78	62.8	121.66	83.76	75.15	26.08	82.46	50.16	92.09	28.64	10.0	70.34	33.53	61.35	26.68	60.83	99.04	80.0	74.0	84.76	118.31	7.8	85.0	82.66	80.99	34.06
1	64.03	0.0	80.22	56.04	27.2	80.62	90.0	32.06	67.47	23.41	11.66	70.46	83.19	29.12	75.15	66.48	50.64	63.53	80.4	32.56	89.55	82.07	53.14	94.87	97.65	26.91	80.05	11.31	56.32	72.69	41.23	96.17	35.38	56.32	2.83	96.02	66.75	104.4	52.15	80.62	73.38	15.23	95.6	30.53	38.63	88.29	44.41	73.35	43.68	24.08	62.23	108.17	57.27	54.04	80.45	32.98	71.22	74.0	8.94	70.11	16.12	22.8	85.91	84.73	56.32	100.01	18.66	68.96	30.0
2	100.44	80.22	0.0	42.8	74.73	35.44	11.66	82.22	16.12	77.25	86.09	17.2	32.56	53.85	28.64	20.0	33.11	70.71	2.0	49.48	38.05	53.85	76.03	26.0	50.0	61.19	12.17	89.11	26.83	96.21	59.93	63.15	61.77	99.48	82.1	50.04	21.26	56.14	29.73	16.0	18.87	86.37	52.15	71.55	44.72	26.68	37.95	29.53	76.94	65.79	52.35	54.92	72.47	95.02	42.38	76.55	44.94	85.04	72.03	14.14	84.9	59.23	30.07	24.79	95.06	50.39	84.33	19.8	83.52
3	57.69	56.04	42.8	0.0	38.47	25.3	54.41	44.0	26.91	66.03	56.46	46.65	28.64	43.86	22.0	22.8	40.2	28.84	41.62	40.5	34.18	27.78	33.29	44.05	41.62	29.53	34.93	67.2	39.29	53.81	20.0	42.19	59.46	57.27	56.6	40.0	46.52	48.41	36.5	54.04	26.0	55.03	39.7	65.3	20.59	65.6	38.05	20.0	35.44	55.57	12.17	52.15	29.73	52.8	24.41	38.0	15.62	43.91	47.2	43.27	67.88	44.94	32.25	62.52	52.61	43.99	68.86	23.32	46.04
4	39.29	27.2	74.73	38.47	0.0	63.56	86.02	8.49	59.23	48.0	21.26	70.71	67.08	39.45	60.3	56.57	54.04	37.2	74.22	40.0	72.28	60.03	26.0	82.1	78.0	14.42	70.46	37.58	57.69	46.04	18.97	73.24	53.14	33.11	26.0	76.16	68.26	84.1	53.25	80.5	62.13	18.44	75.15	52.61	30.46	90.55	48.17	58.31	16.49	43.17	40.25	88.77	30.53	29.73	61.35	6.0	51.26	46.82	22.0	68.88	43.17	34.93	70.71	86.98	31.53	80.57	45.48	58.31	8.94
5	75.89	80.62	35.44	25.3	63.56	0.0	44.72	68.47	26.31	87.68	81.71	48.0	4.47	63.78	8.25	22.8	52.0	43.08	33.53	59.67	8.94	18.87	52.95	22.36	18.87	54.63	23.41	91.59	48.08	68.0	44.72	28.07	77.67	77.67	81.41	17.89	50.16	26.08	47.54	50.99	18.0	80.32	18.97	85.28	42.8	62.1	52.84	8.94	58.03	76.42	26.31	28.28	47.54	73.35	7.21	62.51	14.56	54.92	71.69	44.0	91.21	66.48	8.94	60.0	72.51	20.65	91.82	20.4	70.71
6	112.07	90.0	11.66	54.41	86.02	44.72	0.0	93.64	27.78	84.9	96.52	21.54	41.23	62.51	38.83	31.62	40.79	82.07	12.81	58.31	45.61	63.53	87.66	30.0	56.89	72.28	21.63	98.33	34.53	107.63	71.55	71.47	68.35	111.14	92.02	57.27	26.0	62.29	38.21	14.14	29.73	97.02	59.67	78.43	55.79	20.4	46.39	40.0	88.59	73.76	63.66	60.0	84.02	106.68	51.88	88.02	55.61	96.21	82.1	20.4	93.38	68.26	37.95	20.05	106.72	56.8	92.55	31.24	94.87
7	32.25	32.06	82.22	44.0	8.49	68.47	93.64	0.0	66.48	54.33	23.41	78.89	72.25	47.71	66.0	63.56	62.48	36.88	81.61	48.41	76.94	62.77	24.08	88.02	81.61	22.8	77.28	41.23	66.03	40.79	24.0	75.18	60.93	25.3	30.27	79.7	76.55	87.32	61.61	88.59	68.73	19.7	78.43	59.67	38.47	98.79	56.64	64.0	14.14	50.6	43.68	92.35	29.73	22.36	65.51	6.0	55.32	43.91	28.64	76.94	48.17	42.94	76.11	95.24	24.46	84.24	50.72	65.12	2.83
8	84.4	67.47	16.12	26.91	59.23	26.31	27.78	66.48	0.0	68.26	72.11	22.36	25.3	43.91	18.11	4.47	27.2	55.32	15.23	39.45	32.31	42.43	60.0	28.84	44.27	46.17	12.65	77.2	22.36	80.62	43.86	54.04	55.17	83.35	69.05	43.68	24.0	51.26	22.8	27.78	8.94	72.0	45.12	64.03	30.0	39.45	29.73	18.0	60.83	56.6	37.2	51.88	56.64	78.89	32.0	60.73	31.62	70.0	58.86	18.44	74.32	48.33	25.06	36.65	78.95	45.48	74.22	6.0	67.91
9	86.58	23.41	77.25	66.03	48.0	87.68	84.9	54.33	68.26	0.0	34.93	63.56	89.2	24.41	80.72	68.82	44.27	81.04	78.0	28.84	96.21	93.74	72.69	97.1	106.15	41.76	80.62	21.26	50.6	94.02	56.92	108.17	18.11	79.25	26.0	104.8	59.23	113.28	47.54	72.99	76.03	38.63	105.0	8.94	45.61	78.03	39.4	79.25	64.12	11.66	75.18	115.97	75.71	76.66	89.38	54.0	81.61	93.38	26.0	64.56	11.66	21.26	90.91	74.73	78.8	108.2	9.28	71.61	52.61
10	54.15	11.66	86.09	56.46	21.26	81.71	96.52	23.41	72.11	34.93	0.0	78.1	84.76	38.47	77.2	70.46	58.82	58.41	86.02	41.23	90.62	80.45	46.65	98.06	97.53	27.2	84.38	18.11	64.03	64.03	38.83	94.02	46.69	46.0	8.94	95.77	74.73	103.94	59.67	88.29	76.94	4.0	95.02	42.19	42.19	96.77	52.5	75.29	36.72	35.38	60.46	108.24	51.61	44.18	80.5	26.08	70.71	67.08	15.23	77.28	26.31	32.25	87.93	93.16	46.63	100.02	29.15	72.69	20.88
11	101.82	70.46	17.2	46.65	70.71	48.0	21.54	78.89	22.36	63.56	78.1	0.0	46.17	42.0	40.05	26.68	20.0	75.47	18.87	38.05	52.61	64.78	77.9	42.94	64.78	56.36	27.2	78.0	14.14	100.0	59.46	76.03	46.82	99.36	72.69	64.5	4.47	71.39	18.44	10.2	30.0	79.12	66.27	56.92	40.5	20.0	26.08	40.2	76.58	52.61	58.14	70.88	75.6	95.02	54.15	73.78	53.85	90.55	63.15	4.0	72.44	48.04	44.72	16.54	95.54	65.55	71.45	28.28	79.65
12	80.32	83.19	32.56	28.64	67.08	4.47	41.23	72.25	25.3	89.2	84.76	46.17	0.0	65.05	8.49	22.36	51.88	47.54	30.59	60.83	7.21	22.8	57.27	17.89	18.97	57.58	20.4	94.02	47.54	72.47	48.37	30.59	78.41	82.0	84.1	18.44	48.66	26.0	47.41	48.37	16.49	83.52	20.1	86.37	44.94	59.23	53.25	10.0	62.13	77.79	30.59	27.2	51.92	77.67	11.31	66.27	18.97	59.36	74.24	42.19	93.23	68.12	4.47	57.31	76.87	20.26	93.71	19.7	74.43
13	78.0	29.12	53.85	43.86	39.45	63.78	62.51	47.71	43.91	24.41	38.47	42.0	65.05	0.0	56.57	44.41	22.0	64.03	54.41	4.47	72.14	71.55	58.86	72.72	82.46	27.2	56.36	36.0	28.07	82.0	40.05	85.88	16.12	72.47	31.62	81.22	38.05	89.64	24.33	52.04	51.61	40.5	81.61	21.63	23.41	59.23	16.12	55.17	52.5	12.81	54.41	92.02	60.13	68.88	66.03	44.72	59.06	78.1	23.32	42.19	31.05	6.32	66.6	55.68	70.41	84.4	30.57	47.2	47.2
14	76.97	75.15	28.64	22.0	60.3	8.25	38.83	66.0	18.11	80.72	77.2	40.05	8.49	56.57	0.0	14.56	43.86	44.94	26.83	52.35	15.62	25.3	53.14	22.09	26.83	50.0	17.2	85.88	39.85	70.46	42.0	36.0	70.0	77.79	76.16	26.0	42.05	34.0	39.4	43.68	10.2	76.16	27.2	77.9	36.72	55.03	44.94	2.0	56.89	69.31	26.83	35.61	48.33	73.38	14.14	60.0	16.97	58.14	66.21	36.06	84.88	59.67	10.77	52.73	72.83	28.39	85.31	12.17	68.03
15	80.45	66.48	20.0	22.8	56.57	22.8	31.62	63.56	4.47	68.82	70.46	26.68	22.36	44.41	14.56	0.0	29.53	50.99	18.87	40.0	29.53	38.21	56.04	28.64	41.23	44.0	14.0	76.55	25.3	76.37	40.5	50.16	56.64	79.65	67.91	40.5	28.07	48.33	25.06	32.25	7.21	70.11	41.76	65.12	28.28	43.91	31.24	14.14	57.27	57.2	32.8	49.4	52.5	75.18	28.07	57.72	27.2	65.6	57.72	22.8	74.24	48.37	22.8	41.12	75.15	42.62	74.32	2.83	65.12
16	88.81	50.64	33.11	40.2	54.04	52.0	40.79	62.48	27.2	44.27	58.82	20.0	51.88	22.0	43.86	29.53	0.0	67.05	34.0	18.11	59.06	64.78	66.24	55.17	70.68	39.7	38.21	58.0	6.32	89.44	46.65	78.1	28.84	85.04	52.95	69.86	16.12	77.82	4.47	30.07	36.06	60.17	70.94	38.47	26.08	37.95	6.32	43.08	62.8	32.98	52.35	78.89	65.39	80.92	56.32	58.0	52.35	82.22	43.68	20.4	52.61	28.07	52.15	34.34	81.87	72.13	51.76	32.25	62.8
17	32.98	63.53	70.71	28.84	37.2	43.08	82.07	36.88	55.32	81.04	58.41	75.47	47.54	64.03	44.94	50.99	67.05	0.0	69.31	62.03	49.48	30.0	13.42	65.39	50.0	39.29	61.22	74.43	67.23	25.61	24.33	39.85	80.1	36.0	62.77	48.0	75.18	54.33	63.91	82.8	52.5	55.32	46.04	83.19	42.43	94.4	63.56	43.27	22.8	72.99	18.44	60.13	7.21	32.06	37.36	32.56	28.64	15.23	56.46	72.11	78.79	62.51	52.0	91.35	30.65	52.65	80.7	50.91	39.7
18	99.3	80.4	2.0	41.62	74.22	33.53	12.81	81.61	15.23	78.0	86.02	18.87	30.59	54.41	26.83	18.87	34.0	69.31	0.0	50.0	36.06	52.0	74.89	24.17	48.0	60.83	10.2	89.44	27.78	94.85	59.09	61.19	62.77	98.49	82.22	48.04	22.8	54.15	30.46	18.0	17.2	86.21	50.16	72.47	44.41	28.64	38.63	27.78	76.03	66.48	50.91	52.95	71.22	94.02	40.5	75.89	43.27	83.55	72.11	15.62	85.44	59.67	28.07	26.78	94.02	48.39	84.94	18.44	82.97
19	77.82	32.56	49.48	40.5	40.0	59.67	58.31	48.41	39.45	28.84	41.23	38.05	60.83	4.47	52.35	40.0	18.11	62.03	50.0	0.0	67.94	68.03	57.72	68.26	78.41	26.83	51.88	40.05	24.0	81.04	38.47	82.29	18.97	72.72	34.93	77.2	34.23	85.6	20.1	48.17	47.2	42.94	77.67	25.61	20.4	55.79	12.0	50.99	52.0	17.2	51.42	87.86	58.55	68.96	62.13	44.94	55.46	76.42	26.0	38.05	35.44	10.0	62.29	52.21	70.35	80.31	35.01	42.8	48.17
20	82.46	89.55	38.05	34.18	72.28	8.94	45.61	76.94	32.31	96.21	90.62	52.61	7.21	72.14	15.62	29.53	59.06	49.48	36.06	67.94	0.0	21.63	60.3	18.44	12.17	63.56	26.0	100.5	54.63	73.54	53.37	26.0	85.6	84.85	90.35	12.0	55.32	18.97	54.59	54.04	23.41	89.2	14.14	93.51	51.61	64.5	60.46	16.97	66.03	84.85	34.0	20.0	54.59	80.62	12.17	71.02	22.0	59.93	80.62	48.66	100.0	75.07	8.0	62.82	79.61	13.17	100.55	26.83	79.25
21	62.51	82.07	53.85	27.78	60.03	18.87	63.53	62.77	42.43	93.74	80.45	64.78	22.8	71.55	25.3	38.21	64.78	30.0	52.0	68.03	21.63	0.0	42.43	39.7	20.0	55.17	42.05	93.38	62.13	52.5	41.62	14.42	86.93	66.0	82.22	18.0	66.27	24.74	60.53	68.96	35.44	78.23	16.12	93.06	48.37	80.32	64.03	24.74	50.0	83.35	20.0	30.27	36.22	62.03	11.66	57.27	12.65	38.63	73.54	60.83	95.02	72.72	26.91	78.01	60.65	22.65	96.18	36.5	65.39
22	24.41	53.14	76.03	33.29	26.0	52.95	87.66	24.08	60.0	72.69	46.65	77.9	57.27	58.86	53.14	56.04	66.24	13.42	74.89	57.72	60.3	42.43	0.0	74.73	62.29	32.06	68.0	63.56	67.68	23.41	19.7	53.14	74.43	24.74	52.0	60.3	76.84	67.08	63.81	86.28	59.06	43.27	58.55	76.03	40.25	97.59	61.74	51.26	10.0	66.0	26.68	72.69	6.32	20.4	48.17	20.59	38.47	20.88	47.07	74.97	68.96	56.14	61.61	94.3	19.69	64.96	71.14	56.6	26.91
23	98.08	94.87	26.0	44.05	82.1	22.36	30.0	88.02	28.84	97.1	98.06	42.94	17.89	72.72	22.09	28.64	55.17	65.39	24.17	68.26	18.44	39.7	74.73	0.0	27.86	71.02	16.97	105.11	49.52	90.35	64.03	43.91	83.74	99.46	96.17	28.64	46.65	32.56	50.99	41.23	21.54	97.32	31.3	92.8	56.32	50.16	58.41	24.08	78.92	85.44	48.08	30.0	69.57	95.08	28.84	82.02	36.77	77.18	86.02	39.45	102.86	76.94	13.42	49.2	94.39	27.33	102.88	26.0	90.0
24	82.39	97.65	50.0	41.62	78.0	18.87	56.89	81.61	44.27	106.15	97.53	64.78	18.97	82.46	26.83	41.23	70.68	50.0	48.0	78.41	12.17	20.0	62.29	27.86	0.0	71.02	38.05	108.81	66.48	71.81	59.09	16.97	96.52	86.0	98.18	2.0	67.47	7.21	66.21	66.0	35.44	95.71	4.47	104.02	60.83	76.24	71.69	27.78	69.43	95.02	37.95	10.77	56.14	82.02	17.2	75.89	26.83	57.72	88.81	60.83	109.12	84.9	20.1	74.7	80.65	2.67	109.9	38.63	84.12
25	50.99	26.91	61.19	29.53	14.42	54.63	72.28	22.8	46.17	41.76	27.2	56.36	57.58	27.2	50.0	44.0	39.7	39.29	60.83	26.83	63.56	55.17	32.06	71.02	71.02	0.0	58.0	38.21	43.27	54.92	15.23	69.31	42.43	46.04	27.2	69.34	53.85	77.67	38.83	66.21	50.16	26.31	68.82	44.18	16.49	76.16	33.94	48.08	25.3	34.06	35.38	81.63	34.23	42.19	53.85	18.44	44.41	52.15	18.44	54.63	40.5	24.08	60.73	72.58	43.53	73.44	42.07	46.04	23.32
26	92.28	80.05	12.17	34.93	70.46	23.41	21.63	77.28	12.65	80.62	84.38	27.2	20.4	56.36	17.2	14.0	38.21	61.22	10.2	51.88	26.0	42.05	68.0	16.97	38.05	58.0	0.0	89.84	32.56	86.83	53.85	50.99	66.84	92.2	81.58	38.0	30.46	44.41	34.06	28.07	8.94	84.1	40.05	76.03	42.19	38.83	41.62	18.44	70.23	68.96	42.8	43.68	63.81	87.73	30.46	71.39	34.06	74.97	71.39	23.41	86.93	60.93	18.0	36.94	87.49	38.6	86.77	12.17	78.92
27	72.25	11.31	89.11	67.2	37.58	91.59	98.33	41.23	77.2	21.26	18.11	78.0	94.02	36.0	85.88	76.55	58.0	74.43	89.44	40.05	100.5	93.38	63.56	105.11	108.81	38.21	89.84	0.0	64.03	82.0	52.5	107.48	37.58	64.03	11.66	107.2	74.03	115.6	60.13	88.02	83.57	22.09	106.83	30.0	49.19	94.76	52.04	84.12	53.85	27.2	73.54	119.28	68.0	62.29	91.61	43.08	82.46	84.31	20.0	78.1	10.0	30.07	96.6	91.27	64.74	111.15	12.94	79.12	38.83
28	90.91	56.32	26.83	39.29	57.69	48.08	34.53	66.03	22.36	50.6	64.03	14.14	47.54	28.07	39.85	25.3	6.32	67.23	27.78	24.0	54.63	62.13	67.68	49.52	66.48	43.27	32.56	64.03	0.0	90.55	48.41	74.97	34.99	87.68	58.55	65.79	10.77	73.54	4.47	24.33	31.3	65.15	67.05	44.72	28.28	33.11	12.0	39.29	65.12	39.29	51.42	74.24	66.24	83.45	52.95	61.22	50.0	82.46	49.03	14.14	58.86	34.0	47.41	29.5	84.22	67.78	58.05	27.86	66.57
29	14.42	72.69	96.21	53.81	46.04	68.0	107.63	40.79	80.62	94.02	64.03	100.0	72.47	82.0	70.46	76.37	89.44	25.61	94.85	81.04	73.54	52.5	23.41	90.35	71.81	54.92	86.83	82.0	90.55	0.0	43.08	58.14	97.32	22.63	71.02	69.86	99.3	74.67	86.83	107.81	78.1	60.17	67.47	98.18	63.56	119.33	85.09	68.82	30.07	88.36	44.05	80.89	24.41	21.63	61.74	40.05	53.85	14.14	68.03	96.83	88.81	78.92	76.94	116.17	18.95	74.32	91.27	76.42	43.17
30	42.52	41.23	59.93	20.0	18.97	44.72	71.55	24.0	43.86	56.92	38.83	59.46	48.37	40.05	42.0	40.5	46.65	24.33	59.09	38.47	53.37	41.62	19.7	64.03	59.09	15.23	53.85	52.5	48.41	43.08	0.0	55.32	56.0	40.0	41.04	57.27	58.0	65.3	44.41	68.41	45.12	36.72	56.36	58.86	20.59	79.4	42.05	40.0	17.2	48.66	21.63	69.86	20.1	35.61	42.38	18.0	32.31	38.05	33.29	56.85	55.57	38.21	52.15	75.99	36.08	61.65	57.23	41.76	26.08
31	70.11	96.17	63.15	42.19	73.24	28.07	71.47	75.18	54.04	108.17	94.02	76.03	30.59	85.88	36.0	50.16	78.1	39.85	61.19	82.29	26.0	14.42	53.14	43.91	16.97	69.31	50.99	107.48	74.97	58.14	55.32	0.0	101.13	74.97	96.21	15.62	78.03	17.09	73.76	78.92	46.04	91.61	12.81	107.42	62.77	89.82	77.79	36.06	61.74	97.75	33.94	23.41	46.82	71.39	22.09	69.97	26.83	44.05	87.73	72.03	109.34	87.13	33.53	87.88	69.64	18.74	110.55	48.04	77.9
32	92.35	35.38	61.77	59.46	53.14	77.67	68.35	60.93	55.17	18.11	46.69	46.82	78.41	16.12	70.0	56.64	28.84	80.1	62.77	18.97	85.6	86.93	74.43	83.74	96.52	42.43	66.84	37.58	34.99	97.32	56.0	101.13	0.0	86.16	38.21	95.41	42.38	103.73	32.8	55.79	63.66	49.68	96.04	10.2	39.29	60.13	25.46	68.82	67.47	11.31	70.34	105.6	76.03	82.87	80.62	58.82	74.32	94.02	33.29	48.33	29.12	18.44	79.4	56.9	84.63	98.29	27.18	59.46	59.93
33	8.94	56.32	99.48	57.27	33.11	77.67	111.14	25.3	83.35	79.25	46.0	99.36	82.0	72.47	77.79	79.65	85.04	36.0	98.49	72.72	84.85	66.0	24.74	99.46	86.0	46.04	92.2	64.03	87.68	22.63	40.0	74.97	86.16	0.0	54.15	84.0	97.67	90.2	83.45	108.41	83.26	42.0	82.02	84.9	59.4	119.33	79.65	75.89	22.8	75.89	51.42	96.08	30.27	4.47	72.69	27.78	63.15	33.11	53.85	96.83	72.11	68.03	86.35	115.89	5.36	88.65	74.84	80.5	26.68
34	62.0	2.83	82.1	56.6	26.0	81.41	92.02	30.27	69.05	26.0	8.94	72.69	84.1	31.62	76.16	67.91	52.95	62.77	82.22	34.93	90.35	82.22	52.0	96.17	98.18	27.2	81.58	11.66	58.55	71.02	41.04	96.21	38.21	54.15	0.0	96.52	69.05	104.86	54.33	82.87	74.73	12.65	96.02	33.29	39.85	90.71	46.69	74.32	42.38	26.91	62.29	108.76	56.36	52.0	80.99	31.62	71.61	72.8	10.2	72.25	18.0	25.3	86.93	87.13	54.34	100.58	20.69	70.34	28.07
35	80.4	96.02	50.04	40.0	76.16	17.89	57.27	79.7	43.68	104.8	95.77	64.5	18.44	81.22	26.0	40.5	69.86	48.0	48.04	77.2	12.0	18.0	60.3	28.64	2.0	69.34	38.0	107.2	65.79	69.86	57.27	15.62	95.41	84.0	96.52	0.0	67.08	8.49	65.39	66.03	34.93	93.91	2.83	102.8	59.4	76.42	70.71	26.83	67.47	93.72	36.06	12.65	54.15	80.02	15.62	74.0	25.06	55.79	87.2	60.53	107.63	83.55	20.0	74.79	78.65	4.66	108.44	37.95	82.22
36	100.5	66.75	21.26	46.52	68.26	50.16	26.0	76.55	24.0	59.23	74.73	4.47	48.66	38.05	42.05	28.07	16.12	75.18	22.8	34.23	55.32	66.27	76.84	46.65	67.47	53.85	30.46	74.03	10.77	99.3	58.0	78.03	42.38	97.67	69.05	67.08	0.0	74.22	15.23	14.0	32.25	75.89	68.73	52.5	38.42	22.36	22.36	42.0	74.97	48.37	58.31	74.0	74.89	93.38	56.0	71.61	54.92	90.35	59.67	7.21	68.26	44.18	47.54	18.76	94.02	68.38	67.21	30.0	77.18
37	86.02	104.4	56.14	48.41	84.1	26.08	62.29	87.32	51.26	113.28	103.94	71.39	26.0	89.64	34.0	48.33	77.82	54.33	54.15	85.6	18.97	24.74	67.08	32.56	7.21	77.67	44.41	115.6	73.54	74.67	65.3	17.09	103.73	90.2	104.86	8.49	74.22	0.0	73.35	72.11	42.38	102.0	8.94	111.21	67.88	82.02	78.89	34.99	74.73	102.18	43.86	6.32	60.83	86.37	24.08	81.71	33.29	60.53	95.6	67.47	116.1	92.02	26.68	80.66	84.84	5.84	116.92	45.69	89.89
38	86.83	52.15	29.73	36.5	53.25	47.54	38.21	61.61	22.8	47.54	59.67	18.44	47.41	24.33	39.4	25.06	4.47	63.91	30.46	20.1	54.59	60.53	63.81	50.99	66.21	38.83	34.06	60.13	4.47	86.83	44.41	73.76	32.8	83.45	54.33	65.39	15.23	73.35	0.0	28.64	31.62	60.73	66.48	42.19	24.08	37.58	8.25	38.63	60.96	36.06	48.66	74.43	62.61	79.25	51.92	56.85	48.17	79.12	44.72	18.0	55.32	30.07	47.71	33.97	80.07	67.66	54.65	27.78	62.13
39	110.45	80.62	16.0	54.04	80.5	50.99	14.14	88.59	27.78	72.99	88.29	10.2	48.37	52.04	43.68	32.25	30.07	82.8	18.0	48.17	54.04	68.96	86.28	41.23	66.0	66.21	28.07	88.02	24.33	107.81	68.41	78.92	55.79	108.41	82.87	66.03	14.0	72.11	28.64	0.0	33.53	89.29	68.12	65.97	50.12	11.66	36.22	44.27	85.6	62.29	64.9	70.71	83.55	104.02	57.72	83.35	59.09	97.65	73.35	11.66	82.22	58.14	46.04	9.05	104.42	66.37	81.11	33.11	89.44
40	83.35	73.38	18.87	26.0	62.13	18.0	29.73	68.73	8.94	76.03	76.94	30.0	16.49	51.61	10.2	7.21	36.06	52.5	17.2	47.2	23.41	35.44	59.06	21.54	35.44	50.16	8.94	83.57	31.3	78.1	45.12	46.04	63.66	83.26	74.73	34.93	32.25	42.38	31.62	33.53	0.0	76.42	36.5	72.25	34.93	44.94	38.21	10.77	61.35	64.4	34.06	42.94	54.92	78.79	24.33	62.8	26.08	66.48	64.56	26.0	81.41	55.57	16.12	42.57	78.54	36.58	81.51	4.47	70.46
41	50.16	15.23	86.37	55.03	18.44	80.32	97.02	19.7	72.0	38.63	4.0	79.12	83.52	40.5	76.16	70.11	60.17	55.32	86.21	42.94	89.2	78.23	43.27	97.32	95.71	26.31	84.1	22.09	65.15	60.17	36.72	91.61	49.68	42.0	12.65	93.91	75.89	102.0	60.73	89.29	76.42	0.0	93.06	45.65	42.0	98.08	53.85	74.22	33.29	38.42	58.31	106.45	48.41	40.2	78.79	22.8	68.88	63.53	17.2	78.1	30.27	34.41	86.83	94.47	42.66	98.23	33.09	72.25	17.09
42	78.23	95.6	52.15	39.7	75.15	18.97	59.67	78.43	45.12	105.0	95.02	66.27	20.1	81.61	27.2	41.76	70.94	46.04	50.16	77.67	14.14	16.12	58.55	31.3	4.47	68.82	40.05	106.83	67.05	67.47	56.36	12.81	96.04	82.02	96.02	2.83	68.73	8.94	66.48	68.12	36.5	93.06	0.0	103.23	59.46	78.64	71.55	27.86	65.97	94.02	34.93	14.14	52.35	78.1	15.62	72.8	24.41	53.37	86.83	62.29	107.52	83.74	22.09	76.94	76.67	6.86	108.4	39.29	80.99
43	91.78	30.53	71.55	65.3	52.61	85.28	78.43	59.67	64.03	8.94	42.19	56.92	86.37	21.63	77.9	65.12	38.47	83.19	72.47	25.61	93.51	93.06	76.03	92.8	104.02	44.18	76.03	30.0	44.72	98.18	58.86	107.42	10.2	84.9	33.29	102.8	52.5	111.21	42.19	65.97	72.25	45.65	103.23	0.0	44.72	70.26	34.41	76.58	68.12	10.2	75.39	113.45	78.41	82.0	87.66	58.55	80.62	96.33	31.05	58.31	20.59	20.88	87.68	67.05	83.99	105.92	18.2	67.94	58.24
44	62.8	38.63	44.72	20.59	30.46	42.8	55.79	38.47	30.0	45.61	42.19	40.5	44.94	23.41	36.72	28.28	26.08	42.43	44.41	20.4	51.61	48.37	40.25	56.32	60.83	16.49	42.19	49.19	28.28	63.56	20.59	62.77	39.29	59.4	39.85	59.4	38.42	67.88	24.08	50.12	34.93	42.0	59.46	44.72	0.0	60.46	21.54	34.99	36.88	34.99	31.05	70.94	39.85	55.17	43.86	33.29	36.06	57.27	29.73	38.47	48.41	24.41	47.41	56.94	55.98	62.99	49.08	30.59	39.4
45	121.66	88.29	26.68	65.6	90.55	62.1	20.4	98.79	39.45	78.03	96.77	20.0	59.23	59.23	55.03	43.91	37.95	94.4	28.64	55.79	64.5	80.32	97.59	50.16	76.24	76.16	38.83	94.76	33.11	119.33	79.4	89.82	60.13	119.33	90.71	76.42	22.36	82.02	37.58	11.66	44.94	98.08	78.64	70.26	60.46	0.0	44.27	55.71	96.54	68.12	76.55	80.1	95.02	114.98	68.96	93.74	70.68	109.29	81.61	22.63	88.09	65.51	56.57	3.61	115.47	76.39	86.66	44.72	99.48
46	83.76	44.41	37.95	38.05	48.17	52.84	46.39	56.64	29.73	39.4	52.5	26.08	53.25	16.12	44.94	31.24	6.32	63.56	38.63	12.0	60.46	64.03	61.74	58.41	71.69	33.94	41.62	52.04	12.0	85.09	42.05	77.79	25.46	79.65	46.69	70.71	22.36	78.89	8.25	36.22	38.21	53.85	71.55	34.41	21.54	44.27	0.0	43.91	57.69	27.86	50.0	80.45	61.35	75.6	56.46	52.35	51.42	78.59	37.36	26.08	47.07	22.0	54.04	40.67	76.66	73.33	46.41	34.06	56.85
47	75.15	73.35	29.53	20.0	58.31	8.94	40.0	64.0	18.0	79.25	75.29	40.2	10.0	55.17	2.0	14.14	43.08	43.27	27.78	50.99	16.97	24.74	51.26	24.08	27.78	48.08	18.44	84.12	39.29	68.82	40.0	36.06	68.82	75.89	74.32	26.83	42.0	34.99	38.63	44.27	10.77	74.22	27.86	76.58	34.99	55.71	43.91	0.0	54.92	67.88	25.06	36.88	46.52	71.47	14.0	58.0	15.62	56.64	64.4	36.22	83.23	58.14	12.65	53.32	70.95	29.47	83.71	12.0	66.03
48	26.08	43.68	76.94	35.44	16.49	58.03	88.59	14.14	60.83	64.12	36.72	76.58	62.13	52.5	56.89	57.27	62.8	22.8	76.03	52.0	66.03	50.0	10.0	78.92	69.43	25.3	70.23	53.85	65.12	30.07	17.2	61.74	67.47	22.8	42.38	67.47	74.97	74.73	60.96	85.6	61.35	33.29	65.97	68.12	36.88	96.54	57.69	54.92	0.0	58.31	32.06	80.05	15.62	18.44	54.15	10.77	44.05	30.46	38.21	74.03	59.67	49.03	66.27	93.11	19.11	72.09	61.96	58.31	16.97
49	82.46	24.08	65.79	55.57	43.17	76.42	73.76	50.6	56.6	11.66	35.38	52.61	77.79	12.81	69.31	57.2	32.98	72.99	66.48	17.2	84.85	83.35	66.0	85.44	95.02	34.06	68.96	27.2	39.29	88.36	48.66	97.75	11.31	75.89	26.91	93.72	48.37	102.18	36.06	62.29	64.4	38.42	94.02	10.2	34.99	68.12	27.86	67.88	58.31	0.0	65.39	104.69	68.26	72.8	78.41	49.03	71.02	86.21	22.36	53.37	20.0	10.77	79.4	64.7	74.69	97.0	18.84	60.0	49.4
50	50.16	62.23	52.35	12.17	40.25	26.31	63.66	43.68	37.2	75.18	60.46	58.14	30.59	54.41	26.83	32.8	52.35	18.44	50.91	51.42	34.0	20.0	26.68	48.08	37.95	35.38	42.8	73.54	51.42	44.05	21.63	33.94	70.34	51.42	62.29	36.06	58.31	43.86	48.66	64.9	34.06	58.31	34.93	75.39	31.05	76.55	50.0	25.06	32.06	65.39	0.0	48.7	21.54	47.07	22.09	37.95	12.0	32.8	53.81	54.59	75.6	54.63	34.93	73.61	46.32	40.57	76.93	32.56	46.17
51	92.09	108.17	54.92	52.15	88.77	28.28	60.0	92.35	51.88	115.97	108.24	70.88	27.2	92.02	35.61	49.4	78.89	60.13	52.95	87.86	20.0	30.27	72.69	30.0	10.77	81.63	43.68	119.28	74.24	80.89	69.86	23.41	105.6	96.08	108.76	12.65	74.0	6.32	74.43	70.71	42.94	106.45	14.14	113.45	70.94	80.1	80.45	36.88	80.05	104.69	48.7	0.0	66.48	92.2	27.78	86.65	37.58	66.75	99.3	67.05	119.33	94.76	26.83	78.99	90.72	8.22	120.01	46.65	94.87
52	28.64	57.27	72.47	29.73	30.53	47.54	84.02	29.73	56.64	75.71	51.61	75.6	51.92	60.13	48.33	52.5	65.39	7.21	71.22	58.55	54.59	36.22	6.32	69.57	56.14	34.23	63.81	68.0	66.24	24.41	20.1	46.82	76.03	30.27	56.36	54.15	74.89	60.83	62.61	83.55	54.92	48.41	52.35	78.41	39.85	95.02	61.35	46.52	15.62	68.26	21.54	66.48	0.0	26.08	42.43	25.61	32.98	18.0	50.6	72.47	72.8	58.03	56.32	91.82	25.03	58.81	74.83	52.8	32.56
53	10.0	54.04	95.02	52.8	29.73	73.35	106.68	22.36	78.89	76.66	44.18	95.02	77.67	68.88	73.38	75.18	80.92	32.06	94.02	68.96	80.62	62.03	20.4	95.08	82.02	42.19	87.73	62.29	83.45	21.63	35.61	71.39	82.87	4.47	52.0	80.02	93.38	86.37	79.25	104.02	78.79	40.2	78.1	82.0	55.17	114.98	75.6	71.47	18.44	72.8	47.07	92.2	26.08	0.0	68.47	24.17	58.86	30.53	50.99	92.46	70.0	64.62	82.0	111.55	2.68	84.68	72.66	76.03	24.08
54	70.34	80.45	42.38	24.41	61.35	7.21	51.88	65.51	32.0	89.38	80.5	54.15	11.31	66.03	14.14	28.07	56.32	37.36	40.5	62.13	12.17	11.66	48.17	28.84	17.2	53.85	30.46	91.61	52.95	61.74	42.38	22.09	80.62	72.69	80.99	15.62	56.0	24.08	51.92	57.72	24.33	78.79	15.62	87.66	43.86	68.96	56.46	14.0	54.15	78.41	22.09	27.78	42.43	68.47	0.0	59.67	10.2	48.37	71.61	50.16	92.02	68.12	15.62	66.76	67.44	19.59	92.85	26.0	67.91
55	33.53	32.98	76.55	38.0	6.0	62.51	88.02	6.0	60.73	54.0	26.08	73.78	66.27	44.72	60.0	57.72	58.0	32.56	75.89	44.94	71.02	57.27	20.59	82.02	75.89	18.44	71.39	43.08	61.22	40.05	18.0	69.97	58.82	27.78	31.62	74.0	71.61	81.71	56.85	83.35	62.8	22.8	72.8	58.55	33.29	93.74	52.35	58.0	10.77	49.03	37.95	86.65	25.61	24.17	59.67	0.0	49.48	41.23	28.0	71.69	49.03	40.5	70.11	90.21	25.81	78.51	51.38	59.23	8.25
56	61.35	71.22	44.94	15.62	51.26	14.56	55.61	55.32	31.62	81.61	70.71	53.85	18.97	59.06	16.97	27.2	52.35	28.64	43.27	55.46	22.0	12.65	38.47	36.77	26.83	44.41	34.06	82.46	50.0	53.85	32.31	26.83	74.32	63.15	71.61	25.06	54.92	33.29	48.17	59.09	26.08	68.88	24.41	80.62	36.06	70.68	51.42	15.62	44.05	71.02	12.0	37.58	32.98	58.86	10.2	49.48	0.0	41.23	62.48	50.0	83.45	60.46	23.41	68.08	57.97	29.36	84.46	26.0	57.72
57	26.68	74.0	85.04	43.91	46.82	54.92	96.21	43.91	70.0	93.38	67.08	90.55	59.36	78.1	58.14	65.6	82.22	15.23	83.55	76.42	59.93	38.63	20.88	77.18	57.72	52.15	74.97	84.31	82.46	14.14	38.05	44.05	94.02	33.11	72.8	55.79	90.35	60.53	79.12	97.65	66.48	63.53	53.37	96.33	57.27	109.29	78.59	56.64	30.46	86.21	32.8	66.75	18.0	30.53	48.37	41.23	41.23	0.0	67.91	87.13	89.84	76.03	63.81	106.3	28.19	60.22	92.01	65.3	46.65
58	60.83	8.94	72.03	47.2	22.0	71.69	82.1	28.64	58.86	26.0	15.23	63.15	74.24	23.32	66.21	57.72	43.68	56.46	72.11	26.0	80.62	73.54	47.07	86.02	88.81	18.44	71.39	20.0	49.03	68.03	33.29	87.73	33.29	53.85	10.2	87.2	59.67	95.6	44.72	73.35	64.56	17.2	86.83	31.05	29.73	81.61	37.36	64.4	38.21	22.36	53.81	99.3	50.6	50.99	71.61	28.0	62.48	67.91	0.0	62.51	22.36	17.2	76.97	78.01	53.03	91.16	24.25	60.17	27.2
59	99.04	70.11	14.14	43.27	68.88	44.0	20.4	76.94	18.44	64.56	77.28	4.0	42.19	42.19	36.06	22.8	20.4	72.11	15.62	38.05	48.66	60.83	74.97	39.45	60.83	54.63	23.41	78.1	14.14	96.83	56.85	72.03	48.33	96.83	72.25	60.53	7.21	67.47	18.0	11.66	26.0	78.1	62.29	58.31	38.47	22.63	26.08	36.22	74.03	53.37	54.59	67.05	72.47	92.46	50.16	71.69	50.0	87.13	62.51	0.0	72.99	48.04	40.79	19.36	92.9	61.63	72.15	24.33	77.82
60	80.0	16.12	84.9	67.88	43.17	91.21	93.38	48.17	74.32	11.66	26.31	72.44	93.23	31.05	84.88	74.24	52.61	78.79	85.44	35.44	100.0	95.02	68.96	102.86	109.12	40.5	86.93	10.0	58.86	88.81	55.57	109.34	29.12	72.11	18.0	107.63	68.26	116.1	55.32	82.22	81.41	30.27	107.52	20.59	48.41	88.09	47.07	83.23	59.67	20.0	75.6	119.33	72.8	70.0	92.02	49.03	83.45	89.84	22.36	72.99	0.0	26.0	95.41	84.69	72.33	111.34	2.97	76.94	46.04
61	74.0	22.8	59.23	44.94	34.93	66.48	68.26	42.94	48.33	21.26	32.25	48.04	68.12	6.32	59.67	48.37	28.07	62.51	59.67	10.0	75.07	72.72	56.14	76.94	84.9	24.08	60.93	30.07	34.0	78.92	38.21	87.13	18.44	68.03	25.3	83.55	44.18	92.02	30.07	58.14	55.57	34.41	83.74	20.88	24.41	65.51	22.0	58.14	49.03	10.77	54.63	94.76	58.03	64.62	68.12	40.5	60.46	76.03	17.2	48.04	26.0	0.0	70.0	61.96	66.31	86.96	25.94	51.11	42.19
62	84.76	85.91	30.07	32.25	70.71	8.94	37.95	76.11	25.06	90.91	87.93	44.72	4.47	66.6	10.77	22.8	52.15	52.0	28.07	62.29	8.0	26.91	61.61	13.42	20.1	60.73	18.0	96.6	47.41	76.94	52.15	33.53	79.4	86.35	86.93	20.0	47.54	26.68	47.71	46.04	16.12	86.83	22.09	87.68	47.41	56.57	54.04	12.65	66.27	79.4	34.93	26.83	56.32	82.0	15.62	70.11	23.41	63.81	76.97	40.79	95.41	70.0	0.0	54.85	81.23	20.85	95.77	20.0	78.23
63	118.31	84.73	24.79	62.52	86.98	60.0	20.05	95.24	36.65	74.73	93.16	16.54	57.31	55.68	52.73	41.12	34.34	91.35	26.78	52.21	62.82	78.01	94.3	49.2	74.7	72.58	36.94	91.27	29.5	116.17	75.99	87.88	56.9	115.89	87.13	74.79	18.76	80.66	33.97	9.05	42.57	94.47	76.94	67.05	56.94	3.61	40.67	53.32	93.11	64.7	73.61	78.99	91.82	111.55	66.76	90.21	68.08	106.3	78.01	19.36	84.69	61.96	54.85	0.0	112.07	74.97	83.3	42.08	95.91
64	7.8	56.32	95.06	52.61	31.53	72.51	106.72	24.46	78.95	78.8	46.63	95.54	76.87	70.41	72.83	75.15	81.87	30.65	94.02	70.35	79.61	60.65	19.69	94.39	80.65	43.53	87.49	64.74	84.22	18.95	36.08	69.64	84.63	5.36	54.34	78.65	94.02	84.84	80.07	104.42	78.54	42.66	76.67	83.99	55.98	115.47	76.66	70.95	19.11	74.69	46.32	90.72	25.03	2.68	67.44	25.81	57.97	28.19	53.03	92.9	72.33	66.31	81.23	112.07	0.0	83.3	74.97	75.9	26.33
65	85.0	100.01	50.39	43.99	80.57	20.65	56.8	84.24	45.48	108.2	100.02	65.55	20.26	84.4	28.39	42.62	72.13	52.65	48.39	80.31	13.17	22.65	64.96	27.33	2.67	73.44	38.6	111.15	67.78	74.32	61.65	18.74	98.29	88.65	100.58	4.66	68.38	5.84	67.66	66.37	36.58	98.23	6.86	105.92	62.99	76.39	73.33	29.47	72.09	97.0	40.57	8.22	58.81	84.68	19.59	78.51	29.36	60.22	91.16	61.63	111.34	86.96	20.85	74.97	83.3	0.0	112.07	39.95	86.74
66	82.66	18.66	84.33	68.86	45.48	91.82	92.55	50.72	74.22	9.28	29.15	71.45	93.71	30.57	85.31	74.32	51.76	80.7	84.94	35.01	100.55	96.18	71.14	102.88	109.9	42.07	86.77	12.94	58.05	91.27	57.23	110.55	27.18	74.84	20.69	108.44	67.21	116.92	54.65	81.11	81.51	33.09	108.4	18.2	49.08	86.66	46.41	83.71	61.96	18.84	76.93	120.01	74.83	72.66	92.85	51.38	84.46	92.01	24.25	72.15	2.97	25.94	95.77	83.3	74.97	112.07	0.0	77.05	48.65
67	80.99	68.96	19.8	23.32	58.31	20.4	31.24	65.12	6.0	71.61	72.69	28.28	19.7	47.2	12.17	2.83	32.25	50.91	18.44	42.8	26.83	36.5	56.6	26.0	38.63	46.04	12.17	79.12	27.86	76.42	41.76	48.04	59.46	80.5	70.34	37.95	30.0	45.69	27.78	33.11	4.47	72.25	39.29	67.94	30.59	44.72	34.06	12.0	58.31	60.0	32.56	46.65	52.8	76.03	26.0	59.23	26.0	65.3	60.17	24.33	76.94	51.11	20.0	42.08	75.9	39.95	77.05	0.0	66.75
68	34.06	30.0	83.52	46.04	8.94	70.71	94.87	2.83	67.91	52.61	20.88	79.65	74.43	47.2	68.03	65.12	62.8	39.7	82.97	48.17	79.25	65.39	26.91	90.0	84.12	23.32	78.92	38.83	66.57	43.17	26.08	77.9	59.93	26.68	28.07	82.22	77.18	89.89	62.13	89.44	70.46	17.09	80.99	58.24	39.4	99.48	56.85	66.03	16.97	49.4	46.17	94.87	32.56	24.08	67.91	8.25	57.72	46.65	27.2	77.82	46.04	42.19	78.23	95.91	26.33	86.74	48.65	66.75	0.0
;
