vehicles
vehicle_idx, capacity, cost_per_unit_distance
1,100,3
2,100,3
depot
node_idx,x,y
0,92,92
home delivery customers
node_idx,x,y,service_time,demand
1,36,93,10,7
2,56,75,10,13
self pickup customers
node_idx,x,y,service_time,demand,locker_idxs
3,63,83,10,12,7
4,60,25,10,9,9
flexible customers
node_idx,x,y,service_time,demand,locker_idxs
5,65,22,10,23,9
6,59,2,10,9,9
lockers
node_idx,x,y,service_time,capacity,cost_per_unit_good
7,65,88,10,72
8,25,15,10,95
9,72,32,10,76
10,24,73,10,76
mrt lines
start_node_idx,end_node_idx,freight_capacity,cost_per_unit_good
distance matrix
,0,1,2,3,4,5,6,7,8,9,10,
0,0.0,56.01,39.81,30.36,74.25,75.03,95.86,27.29,102.07,63.25,70.6
1,56.01,0.0,26.91,28.79,72.11,76.69,93.86,29.43,78.77,70.83,23.32
2,39.81,26.91,0.0,10.63,50.16,53.76,73.06,15.81,67.54,45.88,32.06
3,30.36,28.79,10.63,0.0,58.08,61.03,81.1,5.39,77.9,51.79,40.26
4,74.25,72.11,50.16,58.08,0.0,5.83,23.02,63.2,36.4,13.89,60.0
5,75.03,76.69,53.76,61.03,5.83,0.0,20.88,66.0,40.61,12.21,65.44
6,95.86,93.86,73.06,81.1,23.02,20.88,0.0,86.21,36.4,32.7,79.16
7,27.29,29.43,15.81,5.39,63.2,66.0,86.21,0.0,83.24,56.44,43.66
8,102.07,78.77,67.54,77.9,36.4,40.61,36.4,83.24,0.0,49.98,58.01
9,63.25,70.83,45.88,51.79,13.89,12.21,32.7,56.44,49.98,0.0,63.13
10,70.6,23.32,32.06,40.26,60.0,65.44,79.16,43.66,58.01,63.13,0.0
