vehicles
vehicle_idx, capacity, cost_per_unit_distance
1,100,3
2,100,3
depot
node_idx,x,y
0,82,76
home delivery customers
node_idx,x,y,service_time,demand
1,42,9,10,8
2,85,60,10,14
self pickup customers
node_idx,x,y,service_time,demand,locker_idxs
3,3,82,10,8,10
4,98,14,10,12,9
flexible customers
node_idx,x,y,service_time,demand,locker_idxs
5,84,25,10,16,9-12
6,20,70,10,2,10
lockers
node_idx,x,y,service_time,capacity,cost_per_unit_good
7,65,88,10,72
8,25,15,10,89
9,93,12,10,87
10,22,88,10,100
11,77,88,10,99
12,72,14,10,100
13,49,44,10,74
14,40,55,10,72
mrt lines
start_node_idx,end_node_idx,freight_capacity,cost_per_unit_good
7,8,89,0.1
8,7,89,0.1
9,10,100,0.1
10,9,100,0.1
11,12,100,0.1
12,11,100,0.1
distance matrix
,0,1,2,3,4,5,6,7,8,9,10,11,12,13,14,
0,0.0,78.03,16.28,79.23,64.03,51.04,62.29,20.81,83.49,64.94,61.19,13.0,62.8,45.97,46.96
1,78.03,0.0,66.71,82.76,56.22,44.94,64.85,82.28,18.03,51.09,81.49,86.41,30.41,35.69,46.04
2,16.28,66.71,0.0,84.9,47.8,35.01,65.76,34.41,75.0,48.66,68.94,29.12,47.8,39.4,45.28
3,79.23,82.76,84.9,0.0,116.83,99.05,20.81,62.29,70.52,114.02,19.92,74.24,96.88,59.67,45.8
4,64.03,56.22,47.8,116.83,0.0,17.8,96.02,81.02,73.01,5.39,106.08,76.92,26.0,57.45,71.03
5,51.04,44.94,35.01,99.05,17.8,0.0,78.24,65.8,59.84,15.81,88.39,63.39,16.28,39.82,53.25
6,62.29,64.85,65.76,20.81,96.02,78.24,0.0,48.47,55.23,93.24,18.11,59.77,76.42,38.95,25.0
7,20.81,82.28,34.41,62.29,81.02,65.8,48.47,0.0,83.24,80.99,43.0,12.0,74.33,46.82,41.4
8,83.49,18.03,75.0,70.52,73.01,59.84,55.23,83.24,0.0,68.07,73.06,89.63,47.01,37.64,42.72
9,64.94,51.09,48.66,114.02,5.39,15.81,93.24,80.99,68.07,0.0,104.0,77.67,21.1,54.41,68.25
10,61.19,81.49,68.94,19.92,106.08,88.39,18.11,43.0,73.06,104.0,0.0,55.0,89.31,51.62,37.59
11,13.0,86.41,29.12,74.24,76.92,63.39,59.77,12.0,89.63,77.67,55.0,0.0,74.17,52.15,49.58
12,62.8,30.41,47.8,96.88,26.0,16.28,76.42,74.33,47.01,21.1,89.31,74.17,0.0,37.8,52.01
13,45.97,35.69,39.4,59.67,57.45,39.82,38.95,46.82,37.64,54.41,51.62,52.15,37.8,0.0,14.21
14,46.96,46.04,45.28,45.8,71.03,53.25,25.0,41.4,42.72,68.25,37.59,49.58,52.01,14.21,0.0
