set K:= 1	2	3;
set C_H:= 1	2	3;
set C_S:= 4	5	6;
set C_F:= 7	8	9;
set M:= 10	11	12	13	14	15;
set M_B:= 16	17	18	19	20	21;
set L_B:= 22	23;
set A1:=
(0,*) 1 2 3 7 8 9 10 11 12 13 14 15 16 17 18 19 20 21 22 23
(1,*) 0 2 3 7 8 9 10 11 12 13 14 15 16 17 18 19 20 21 22 23
(2,*) 0 1 3 7 8 9 10 11 12 13 14 15 16 17 18 19 20 21 22 23
(3,*) 0 1 2 7 8 9 10 11 12 13 14 15 16 17 18 19 20 21 22 23
(7,*) 0 1 2 3 8 9 10 11 12 13 14 15 16 17 18 19 20 21 22 23
(8,*) 0 1 2 3 7 9 10 11 12 13 14 15 16 17 18 19 20 21 22 23
(9,*) 0 1 2 3 7 8 10 11 12 13 14 15 16 17 18 19 20 21 22 23
(10,*) 0 1 2 3 7 8 9 11 12 13 14 15 16 17 18 19 20 21 22 23
(11,*) 0 1 2 3 7 8 9 10 12 13 14 15 16 17 18 19 20 21 22 23
(12,*) 0 1 2 3 7 8 9 10 11 13 14 15 16 17 18 19 20 21 22 23
(13,*) 0 1 2 3 7 8 9 10 11 12 14 15 16 17 18 19 20 21 22 23
(14,*) 0 1 2 3 7 8 9 10 11 12 13 15 16 17 18 19 20 21 22 23
(15,*) 0 1 2 3 7 8 9 10 11 12 13 14 16 17 18 19 20 21 22 23
(16,*) 0 1 2 3 7 8 9 10 11 12 13 14 15 17 18 19 20 21 22 23
(17,*) 0 1 2 3 7 8 9 10 11 12 13 14 15 16 18 19 20 21 22 23
(18,*) 0 1 2 3 7 8 9 10 11 12 13 14 15 16 17 19 20 21 22 23
(19,*) 0 1 2 3 7 8 9 10 11 12 13 14 15 16 17 18 20 21 22 23
(20,*) 0 1 2 3 7 8 9 10 11 12 13 14 15 16 17 18 19 21 22 23
(21,*) 0 1 2 3 7 8 9 10 11 12 13 14 15 16 17 18 19 20 22 23
(22,*) 0 1 2 3 7 8 9 10 11 12 13 14 15 16 17 18 19 20 21 23
(23,*) 0 1 2 3 7 8 9 10 11 12 13 14 15 16 17 18 19 20 21 22
;
param BigM:=99999;
param n:= 3;
param d:=
1	13
2	8
3	20
4	13
5	8
6	7
7	26
8	12
9	27
;
param Q:=100;
param e:
	10	11	12	13	14	15	16	17	18	19	20	21	22	23:=
4		0		0		1		0		0		0		0		0		1		0		0		0		0		0	
5		1		0		0		0		0		0		1		0		0		0		0		0		0		0	
6		0		0		1		0		0		1		0		0		1		0		0		1		0		0	
7		0		0		0		0		1		0		0		0		0		0		1		0		0		0	
8		0		0		0		1		0		0		0		0		0		1		0		0		0		0	
9		0		1		0		0		0		1		0		1		0		0		0		1		0		0	
;
param p:=
1	3
2	3
3	3
;
param G:=
10	51
11	71
12	87
13	52
14	81
15	100
16	51
17	71
18	87
19	52
20	81
21	100
22	59
23	65
;
param s:=
0	0
1	10
2	10
3	10
7	10
8	10
9	10
10	10
11	10
12	10
13	10
14	10
15	10
16	10
17	10
18	10
19	10
20	10
21	10
22	10
23	10
;
param t:
	0	1	2	3	4	5	6	7	8	9	10	11	12	13	14	15	16	17	18	19	20	21	22	23:=
0	0.0	7.9051	6.4319	4.4189	8.022	16.1979	5.363899999999999	10.7962	20.9318	9.8581	15.6462	12.9348	8.5804	18.784200000000002	13.6341	7.3102	15.6462	12.9348	8.5804	18.784200000000002	13.6341	7.3102	12.5106	8.4444
1	7.751	0.0	5.9215	5.7772	2.3201	20.984099999999998	4.0496	10.1258	28.142599999999998	4.172899999999999	20.4324	6.2435	0.8637	25.995	12.7581	1.8608	20.4324	6.2435	0.8637	25.995	12.7581	1.8608	6.7886999999999995	15.6552
2	6.5188999999999995	5.988	0.0	2.7408	5.0182	16.4976	6.660699999999999	4.3927	28.2123	9.7791	15.945799999999998	12.7159	6.1018	26.064799999999998	5.5528	7.0922	15.945799999999998	12.7159	6.1018	26.064799999999998	5.5528	7.0922	5.6413	15.7249
3	4.559	6.2153	2.714	0.0	5.2455	16.8033	8.0019	7.0783000000000005	25.1301	10.0064	16.2516	12.943200000000001	6.3291	22.9825	9.9162	7.3195	16.2516	12.943200000000001	6.3291	22.9825	9.9162	7.3195	9.268799999999999	12.4681
4	8.8337	2.3508	5.1051	4.9317	0.0	20.1677	5.0225	9.3094	28.5378	6.2664	19.616	8.337	2.4646999999999997	26.3903	11.9417	3.9541999999999997	19.616	8.337	2.4646999999999997	26.3903	11.9417	3.9541999999999997	7.7071000000000005	16.0505
5	16.0524	25.8994	17.418400000000002	15.8566	24.929599999999997	0.0	22.2215	17.2344	30.3657	29.6904	1.3575	32.9022	26.0132	28.2181	17.5243	23.322599999999998	1.3575	32.9022	26.0132	28.2181	17.5243	23.322599999999998	22.419	27.9309
6	5.187399999999999	4.6289	6.711	6.5667	4.7458	21.7736	0.0	10.915299999999998	24.6337	5.351	21.221799999999998	8.373	5.3043000000000005	22.486099999999997	13.547600000000001	2.8030999999999997	21.221799999999998	8.373	5.3043000000000005	22.486099999999997	13.547600000000001	2.8030999999999997	10.2631	12.1463
7	11.002600000000001	10.178600000000001	4.910699999999999	7.2245	9.2088	16.0044	10.8512	0.0	34.038	13.9696	15.4526	16.2355	10.292399999999999	31.890400000000003	1.9259000000000002	11.2828	15.4526	16.2355	10.292399999999999	31.890400000000003	1.9259000000000002	11.2828	4.6115	20.7803
8	21.184	28.3156	28.3752	24.6893	28.358400000000003	30.406	24.9362	34.1372	0.0	27.8666	29.8543	29.883	28.9909	2.5959	36.341699999999996	28.8414	29.8543	29.883	28.9909	2.5959	36.341699999999996	28.8414	32.9741	13.6447
9	9.832799999999999	4.1902	9.538200000000002	9.3939	6.322	24.6008	4.8036	13.7425	27.5957	0.0	24.0491	2.7738	4.8655	25.4482	16.3748	2.6147	24.0491	2.7738	4.8655	25.4482	16.3748	2.6147	10.7905	15.1083
10	15.7968	25.2258	16.744799999999998	17.133599999999998	24.2559	1.2586	21.9659	16.5608	29.692	29.0168	0.0	32.2285	25.339599999999997	27.5445	16.8507	23.0669	0.0	32.2285	25.339599999999997	27.5445	16.8507	23.0669	21.7454	27.2573
11	13.2953	5.441	12.841899999999999	12.697700000000001	7.5729	31.896	6.3975	15.778799999999999	29.1588	1.9755999999999998	31.3442	0.0	6.1164	27.011200000000002	16.939	4.208699999999999	31.3442	0.0	6.1164	27.011200000000002	16.939	4.208699999999999	12.0414	16.671400000000002
12	7.6804	1.2537	5.0578	4.913600000000001	1.4565	20.1205	3.8691999999999998	9.2622	27.3845	5.1692	19.5687	7.2398	0.0	25.237	11.8944	2.8571	19.5687	7.2398	0.0	25.237	11.8944	2.8571	6.6099	14.8971
13	18.7454	25.877	25.9366	22.250700000000002	25.9198	27.9674	22.4976	31.6986	2.9511999999999996	25.428	27.4157	27.4444	26.5523	0.0	33.9031	26.4027	27.4157	27.4444	26.5523	0.0	33.9031	26.4027	30.5355	11.206100000000001
14	13.741100000000001	12.9171	6.062	9.963	11.947299999999998	16.7043	13.589799999999999	1.9443	35.186800000000005	16.7082	16.1525	17.3868	13.030899999999999	33.039300000000004	0.0	14.0213	16.1525	17.3868	13.030899999999999	33.039300000000004	0.0	14.0213	5.7628	23.518900000000002
15	7.218	2.1055	6.9234	6.7791999999999994	4.2373	21.986099999999997	2.1888	11.127799999999999	26.0656	2.9409	21.4343	5.6621999999999995	2.7808	23.9181	13.76	0.0	21.4343	5.6621999999999995	2.7808	23.9181	13.76	0.0	8.7059	12.9899
16	15.7968	25.2258	16.744799999999998	17.133599999999998	24.2559	1.2586	21.9659	16.5608	29.692	29.0168	0.0	32.2285	25.339599999999997	27.5445	16.8507	23.0669	0.0	32.2285	25.339599999999997	27.5445	16.8507	23.0669	21.7454	27.2573
17	13.2953	5.441	12.841899999999999	12.697700000000001	7.5729	31.896	6.3975	15.778799999999999	29.1588	1.9755999999999998	31.3442	0.0	6.1164	27.011200000000002	16.939	4.208699999999999	31.3442	0.0	6.1164	27.011200000000002	16.939	4.208699999999999	12.0414	16.671400000000002
18	7.6804	1.2537	5.0578	4.913600000000001	1.4565	20.1205	3.8691999999999998	9.2622	27.3845	5.1692	19.5687	7.2398	0.0	25.237	11.8944	2.8571	19.5687	7.2398	0.0	25.237	11.8944	2.8571	6.6099	14.8971
19	18.7454	25.877	25.9366	22.250700000000002	25.9198	27.9674	22.4976	31.6986	2.9511999999999996	25.428	27.4157	27.4444	26.5523	0.0	33.9031	26.4027	27.4157	27.4444	26.5523	0.0	33.9031	26.4027	30.5355	11.206100000000001
20	13.741100000000001	12.9171	6.062	9.963	11.947299999999998	16.7043	13.589799999999999	1.9443	35.186800000000005	16.7082	16.1525	17.3868	13.030899999999999	33.039300000000004	0.0	14.0213	16.1525	17.3868	13.030899999999999	33.039300000000004	0.0	14.0213	5.7628	23.518900000000002
21	7.218	2.1055	6.9234	6.7791999999999994	4.2373	21.986099999999997	2.1888	11.127799999999999	26.0656	2.9409	21.4343	5.6621999999999995	2.7808	23.9181	13.76	0.0	21.4343	5.6621999999999995	2.7808	23.9181	13.76	0.0	8.7059	12.9899
22	13.8599	6.8345	6.1148	9.4787	7.789	22.5458	10.2017	4.5965	33.3041	10.75	21.9941	12.3483	6.3326	31.1565	5.7566999999999995	8.4378	21.9941	12.3483	6.3326	31.1565	5.7566999999999995	8.4378	0.0	20.8167
23	9.1134	14.9905	15.0501	11.5839	15.033299999999999	27.9335	11.8308	19.4144	13.752	15.5438	27.3818	17.560200000000002	15.665799999999999	11.6044	22.7874	16.5185	27.3818	17.560200000000002	15.665799999999999	11.6044	22.7874	16.5185	19.649	0.0
;
