set K:= 1	2;
set C_H:= 1	2	3	4	5	6	7	8	9	10;
set C_S:= 11	12	13	14	15	16	17	18	19	20	21	22	23	24	25	26	27	28	29	30	31	32	33	34	35	36	37	38	39	40	41	42	43	44	45;
set C_F:= 46	47	48	49	50;
set M:= 51	52	53	54	55	56;
set L_B:= 57	58	59	60	61	62;
set A1:=
(0,*) 1 2 3 4 5 6 7 8 9 10 46 47 48 49 50 51 52 53 54 55 56 57 58 59 60 61 62 63
(1,*) 0 2 3 4 5 6 7 8 9 10 46 47 48 49 50 51 52 53 54 55 56 57 58 59 60 61 62 63
(2,*) 0 1 3 4 5 6 7 8 9 10 46 47 48 49 50 51 52 53 54 55 56 57 58 59 60 61 62 63
(3,*) 0 1 2 4 5 6 7 8 9 10 46 47 48 49 50 51 52 53 54 55 56 57 58 59 60 61 62 63
(4,*) 0 1 2 3 5 6 7 8 9 10 46 47 48 49 50 51 52 53 54 55 56 57 58 59 60 61 62 63
(5,*) 0 1 2 3 4 6 7 8 9 10 46 47 48 49 50 51 52 53 54 55 56 57 58 59 60 61 62 63
(6,*) 0 1 2 3 4 5 7 8 9 10 46 47 48 49 50 51 52 53 54 55 56 57 58 59 60 61 62 63
(7,*) 0 1 2 3 4 5 6 8 9 10 46 47 48 49 50 51 52 53 54 55 56 57 58 59 60 61 62 63
(8,*) 0 1 2 3 4 5 6 7 9 10 46 47 48 49 50 51 52 53 54 55 56 57 58 59 60 61 62 63
(9,*) 0 1 2 3 4 5 6 7 8 10 46 47 48 49 50 51 52 53 54 55 56 57 58 59 60 61 62 63
(10,*) 0 1 2 3 4 5 6 7 8 9 46 47 48 49 50 51 52 53 54 55 56 57 58 59 60 61 62 63
(46,*) 0 1 2 3 4 5 6 7 8 9 10 47 48 49 50 51 52 53 54 55 56 57 58 59 60 61 62 63
(47,*) 0 1 2 3 4 5 6 7 8 9 10 46 48 49 50 51 52 53 54 55 56 57 58 59 60 61 62 63
(48,*) 0 1 2 3 4 5 6 7 8 9 10 46 47 49 50 51 52 53 54 55 56 57 58 59 60 61 62 63
(49,*) 0 1 2 3 4 5 6 7 8 9 10 46 47 48 50 51 52 53 54 55 56 57 58 59 60 61 62 63
(50,*) 0 1 2 3 4 5 6 7 8 9 10 46 47 48 49 51 52 53 54 55 56 57 58 59 60 61 62 63
(51,*) 0 1 2 3 4 5 6 7 8 9 10 46 47 48 49 50 52 53 54 55 56 57 58 59 60 61 62 63
(52,*) 0 1 2 3 4 5 6 7 8 9 10 46 47 48 49 50 51 53 54 55 56 57 58 59 60 61 62 63
(53,*) 0 1 2 3 4 5 6 7 8 9 10 46 47 48 49 50 51 52 54 55 56 57 58 59 60 61 62 63
(54,*) 0 1 2 3 4 5 6 7 8 9 10 46 47 48 49 50 51 52 53 55 56 57 58 59 60 61 62 63
(55,*) 0 1 2 3 4 5 6 7 8 9 10 46 47 48 49 50 51 52 53 54 56 57 58 59 60 61 62 63
(56,*) 0 1 2 3 4 5 6 7 8 9 10 46 47 48 49 50 51 52 53 54 55 57 58 59 60 61 62 63
(57,*) 0 1 2 3 4 5 6 7 8 9 10 46 47 48 49 50 51 52 53 54 55 56 58 59 60 61 62 63
(58,*) 0 1 2 3 4 5 6 7 8 9 10 46 47 48 49 50 51 52 53 54 55 56 57 59 60 61 62 63
(59,*) 0 1 2 3 4 5 6 7 8 9 10 46 47 48 49 50 51 52 53 54 55 56 57 58 60 61 62 63
(60,*) 0 1 2 3 4 5 6 7 8 9 10 46 47 48 49 50 51 52 53 54 55 56 57 58 59 61 62 63
(61,*) 0 1 2 3 4 5 6 7 8 9 10 46 47 48 49 50 51 52 53 54 55 56 57 58 59 60 62 63
(62,*) 0 1 2 3 4 5 6 7 8 9 10 46 47 48 49 50 51 52 53 54 55 56 57 58 59 60 61 63
(63,*) 0 1 2 3 4 5 6 7 8 9 10 46 47 48 49 50 51 52 53 54 55 56 57 58 59 60 61 62
;
set A2:=
;
param BigM:=99999;
param n:= 2;
param d:=
1	5
2	2
3	5
4	3
5	3
6	4
7	5
8	3
9	2
10	2
11	1
12	2
13	2
14	4
15	2
16	2
17	4
18	4
19	2
20	5
21	1
22	4
23	5
24	1
25	1
26	2
27	1
28	1
29	1
30	5
31	4
32	1
33	3
34	3
35	3
36	2
37	5
38	4
39	1
40	2
41	1
42	1
43	3
44	3
45	1
46	5
47	5
48	3
49	2
50	2
;
param Q:=160;
param e:
	51	52	53	54	55	56	57	58	59	60	61	62:=
11		0		0		0		0		1		0		0		0		0		0		0		0	
12		0		0		0		0		1		0		0		0		0		0		0		0	
13		0		0		0		0		0		1		1		0		0		1		0		0	
14		0		0		0		0		0		0		0		1		0		1		0		1	
15		0		1		0		0		0		0		0		0		0		0		0		0	
16		0		0		1		0		0		0		0		0		0		0		0		1	
17		0		1		0		0		0		0		0		0		0		0		0		0	
18		0		0		0		0		0		0		0		1		0		1		0		1	
19		0		0		0		0		0		0		1		0		0		1		0		1	
20		0		0		0		0		0		0		0		0		1		0		1		0	
21		0		0		1		0		0		1		1		0		0		0		0		0	
22		0		0		0		0		0		0		1		0		0		1		0		1	
23		1		0		0		0		0		0		0		0		0		0		0		0	
24		0		0		1		0		0		1		1		0		0		0		0		0	
25		0		0		0		0		0		0		0		0		1		0		1		0	
26		1		0		0		0		0		0		0		0		0		0		0		0	
27		0		0		0		1		0		0		0		0		0		0		0		0	
28		0		0		0		0		0		0		0		1		0		1		0		0	
29		0		0		0		1		0		0		0		0		0		0		0		0	
30		0		1		0		0		0		0		0		0		0		0		0		0	
31		0		0		0		0		1		0		0		0		0		0		0		0	
32		0		0		0		0		0		1		0		0		1		0		0		0	
33		0		0		0		0		0		1		1		0		0		0		0		0	
34		1		0		0		0		0		0		0		0		0		0		0		0	
35		0		0		0		0		0		0		0		1		0		1		0		0	
36		0		0		0		0		0		0		0		1		0		1		0		1	
37		0		0		0		0		0		0		0		0		1		0		1		0	
38		0		0		0		0		0		0		1		0		0		1		0		1	
39		0		1		0		0		0		0		0		0		0		0		0		0	
40		0		0		0		0		0		1		1		0		0		0		0		1	
41		0		0		0		0		0		0		1		0		0		1		0		1	
42		1		0		0		0		0		0		0		0		0		0		0		0	
43		0		0		1		0		0		0		1		0		0		0		0		1	
44		0		0		0		1		0		0		0		0		0		0		0		0	
45		0		0		1		0		0		0		0		0		0		0		0		1	
46		0		1		0		0		0		0		0		0		1		0		0		0	
47		0		0		1		0		0		0		0		0		0		0		0		1	
48		0		0		0		0		0		1		0		0		1		0		0		0	
49		0		0		0		1		0		0		0		0		0		0		0		0	
50		0		0		0		0		0		0		0		0		0		1		0		1	
;
param p:=
1	18
2	18
;
param G:=
51	30
52	70
53	30
54	120
55	30
56	50
57	46
58	25
59	42
60	40
61	45
62	31
;
param s:=
0	0
1	10
2	10
3	10
4	10
5	10
6	10
7	10
8	10
9	10
10	10
46	10
47	10
48	10
49	10
50	10
51	10
52	10
53	10
54	10
55	10
56	10
57	10
58	10
59	10
60	10
61	10
62	10
;
param t:
	0	1	2	3	4	5	6	7	8	9	10	11	12	13	14	15	16	17	18	19	20	21	22	23	24	25	26	27	28	29	30	31	32	33	34	35	36	37	38	39	40	41	42	43	44	45	46	47	48	49	50	51	52	53	54	55	56	57	58	59	60	61	62	63:=
0	0.0	1.6251	5.3045	5.8043000000000005	4.2428	6.6364	3.1653000000000002	4.1487	5.4155	1.4689	4.989	10.6325	14.0042	6.5616	3.4159	14.2156	8.2729	14.0225	3.7329	5.6531	8.8321	8.155899999999999	4.8102	16.2333	6.9186000000000005	8.6651	14.8902	20.034299999999998	3.5184	20.7755	13.4647	13.7501	9.5631	6.014600000000001	16.2589	3.7472	2.6946	8.3192	5.4535	12.5283	6.0722	5.9785	15.439200000000001	6.475	17.878700000000002	7.1718	13.143	8.2806	12.040700000000001	20.7345	4.719	15.679200000000002	12.9342	8.5804	18.927	13.6347	7.3099	5.9882	2.9384	10.762799999999999	4.941	8.16	5.0032	0.0
1	1.1157000000000001	0.0	5.6427	6.1425	2.7324	6.974600000000001	3.5035	4.4868999999999994	5.2204	1.2738	4.8456	10.9707	14.3424	6.3665	3.4055999999999997	14.553799999999999	8.6111	14.360700000000001	3.5378000000000003	4.8013	8.637	8.4941	4.6151	16.5716	7.2568	8.47	15.228399999999999	19.451	3.8566	20.1922	13.8029	14.088299999999998	9.901299999999999	5.8195	16.597099999999998	4.0854	3.0328000000000004	8.1241	4.905	12.8665	6.410399999999999	4.996	15.7774	6.8132	17.2954	7.51	12.604299999999999	8.618799999999998	11.502	20.1512	5.0572	16.0174	13.2724	8.9186	18.343700000000002	13.9729	7.6481	5.793100000000001	3.2765999999999997	11.101	4.7458	7.964899999999999	5.341399999999999	1.1157000000000001
2	4.8549	6.2673000000000005	0.0	9.1735	8.3406	2.7069	6.5345	6.6032	2.5058000000000002	4.2687	8.9993	9.4124	12.0215	3.5239000000000003	3.2420999999999998	8.6061	2.7767	8.413	3.8928000000000003	1.4615	7.123	3.7408	1.9005	19.8852	2.5035	7.188899999999999	18.542099999999998	24.482400000000002	2.9684	25.223599999999998	7.8551	11.7674	5.6787	3.0743	19.9108	2.3150999999999997	2.8792	7.0065	1.6989	7.1922	2.166	2.2238	19.091	2.0599000000000003	22.326900000000002	3.0348	7.7002	3.1165	6.598	25.182599999999997	1.6049	19.3311	8.1731	3.1327	23.3751	11.652	3.414	3.0479000000000003	2.7186	6.8784	2.1914000000000002	6.6138	1.2394	4.8549
3	6.0885	7.2528999999999995	10.136299999999999	0.0	6.557300000000001	8.5631	3.066	3.3176	12.3907	7.1297	11.6371	9.728200000000001	12.8292	12.5266	9.132100000000001	20.3459	10.3405	20.1528	10.4268	11.7834	17.5999	13.863700000000001	11.7854	11.3567	11.7505	17.203599999999998	10.0136	20.9252	7.2231000000000005	21.666400000000003	19.594900000000003	12.5751	15.6934	12.989700000000001	11.382299999999999	8.5791	7.5265	17.087	11.5838	18.6586	12.2025	12.1087	10.5626	11.306799999999999	18.7697	9.0985	20.6051	10.6303	19.5028	21.625400000000003	10.1616	10.8026	19.0645	11.4976	19.818	12.459700000000002	13.4402	12.963299999999998	7.7703	16.893099999999997	12.8649	16.6285	11.1335	6.0885
4	3.5905	2.4748	8.5812	6.1689	0.0	9.9131	5.2103	6.715199999999999	10.0771	3.7487	6.264	13.9092	17.280900000000003	6.8913	5.319100000000001	16.7545	11.5496	16.5613	4.7915	9.469899999999999	10.5442	11.5502	9.4718	17.7208	10.1953	10.3772	16.3777	17.1777	6.795100000000001	17.919	16.0035	17.026799999999998	12.3505	10.676200000000001	17.746299999999998	7.024	5.9714	10.0314	9.270299999999999	15.0671	9.889	9.795200000000001	16.926599999999997	9.751700000000001	15.022200000000002	10.4485	13.5495	11.5573	12.4472	17.8779	7.9957	17.166700000000002	15.547600000000001	11.8571	16.0705	16.9114	11.126700000000001	10.649799999999999	6.215199999999999	13.8945	6.622	9.756	8.82	3.5905
5	6.8387	8.2843	3.1007	8.9754	10.3163	0.0	6.354	6.653899999999999	4.5573999999999995	6.401800000000001	10.7522	7.514	10.1231	5.8586	5.9807	11.5547	2.4185	11.7813	7.1324	3.9501	8.6346	5.4182	3.9520999999999997	17.9868	4.180899999999999	8.7005	16.6437	26.2353	4.1019	26.9765	9.5325	9.869	7.190300000000001	4.5983	18.012400000000003	4.0777	4.4211	8.5181	3.7505	10.1555	3.69	4.275399999999999	17.192700000000002	3.7373000000000003	24.0798	1.1764000000000001	9.211799999999998	2.7081999999999997	8.1096	26.9355	3.5888	17.4327	10.561399999999999	3.9473000000000003	25.128	9.7536	4.938	4.571899999999999	3.97	8.39	5.0316	8.125399999999999	3.3648000000000002	6.8387
6	3.0028	4.9251000000000005	7.0507	3.0556	5.329899999999999	5.9418	0.0	1.4121	7.990600000000001	4.044	9.3033	9.8659	12.475100000000001	9.008799999999999	6.0465	14.7674	7.7192	14.574200000000001	6.5206	7.6228	11.5624	9.9021	7.3853	13.4846	8.6648	11.3954	12.1415	22.569	4.1373999999999995	23.310200000000002	14.016399999999999	12.2209	11.7335	9.2356	13.5101	5.493399999999999	4.4408	11.0495	7.6239	13.3535	8.2426	7.7663	12.6904	8.221200000000001	20.413400000000003	6.4772	13.755	8.009	12.6528	23.2692	6.465199999999999	12.9305	15.1046	8.6575	21.4617	12.1055	9.575299999999999	9.209200000000001	4.6846000000000005	12.933200000000001	7.269399999999999	10.8903	7.1736	3.0028
7	4.2091	4.7721	8.257	2.8939	6.5361	6.397600000000001	1.7529000000000001	0.0	9.1969	5.2503	11.6401	9.1528	11.762	11.764100000000001	8.5126	15.973600000000001	8.46	15.7805	9.664299999999999	8.8291	12.768600000000001	11.1084	8.5916	13.9564	9.8711	12.601600000000001	12.6132	23.0311	5.3437	23.772299999999998	15.222700000000001	11.5078	12.9397	10.4419	13.9819	6.6997	5.6471	12.255799999999999	8.830200000000001	14.5598	9.4489	8.9725	13.1622	9.4275	20.8756	7.218	14.9613	8.749799999999999	13.859	23.7313	7.6715	13.4022	16.3109	9.6171	21.9238	11.3925	10.781600000000001	10.4155	5.890899999999999	14.1395	9.6676	12.0966	8.3799	4.2091
8	6.1202	6.926699999999999	2.5410999999999997	12.9165	9.3062	4.4547	8.453	9.4365	0.0	4.2565	8.6091	11.160200000000001	13.7694	1.424	2.982	7.4872	4.107399999999999	7.2941	3.6475999999999997	1.1822000000000001	5.4728	2.833	0.9702000000000001	21.6331	2.2171999999999996	5.5388	20.29	24.0921	4.8146	24.8334	6.7363	13.5152	4.0285	1.005	21.6586	4.1613	4.2401	5.3563	0.9826	6.993399999999999	1.1718	0.115	20.838900000000002	1.8742	21.9366	4.7826	6.0501000000000005	4.1151	4.9478	24.7924	2.9659	21.0789	7.3994	4.2028	22.984900000000003	13.399799999999999	1.8316	0.9786	4.6129	5.2282	2.0496999999999996	4.9636000000000005	1.167	6.1202
9	1.428	2.5053	4.5249	7.0551	5.4937	6.3629	4.4161	5.3995	4.6015	0.0	5.6917	10.609200000000001	13.9809	5.6197	2.79	12.2415	7.4932	12.048399999999999	3.3085	3.6995999999999998	8.7177	7.3763000000000005	3.9962	17.4842	6.139	8.5507	16.141	21.2559	2.7388000000000003	21.9972	11.4906	13.726700000000001	8.525799999999998	5.2006000000000006	17.509700000000002	2.9676	1.915	8.204799999999999	4.2862	10.8277	5.035	4.3771	16.69	5.695399999999999	19.1004	6.5668999999999995	11.7172	7.5009	10.615	21.9562	3.0709	16.93	11.897	7.800800000000001	20.1487	13.6114	6.2726999999999995	5.1742	2.1588000000000003	9.7255	4.127	8.0456	3.9659	1.428
10	5.3199	4.9159	9.063600000000001	12.7985	5.5995	10.8282	8.2985	9.710700000000001	8.556299999999998	5.054399999999999	0.0	15.9245	19.8313	7.621899999999999	5.9698	15.905700000000001	11.6335	15.7126	5.522	8.1373	7.0235	11.915	7.951	25.078	10.677700000000002	6.8564	23.734900000000003	15.2607	7.0424	16.002	15.1547	19.5772	11.5018	9.1554	25.1035	7.5123	6.254899999999999	6.5106	8.241	14.2183	9.494	8.332	24.2838	10.2341	13.1052	11.0323	12.700700000000001	12.0397	11.5984	15.961	7.4554	24.523799999999998	14.6989	12.3395	14.1535	19.4618	9.982	9.129	6.661899999999999	8.639100000000001	7.1248000000000005	7.1204	8.425	5.3199
11	10.4197	11.818200000000001	9.5029	9.5009	14.0849	7.1386	9.868799999999998	9.0492	10.9595	10.5704	15.8665	0.0	2.4845	12.2607	11.0951	13.837299999999999	9.1925	14.0639	12.246799999999999	10.3523	15.0368	11.8204	10.3542	16.8262	10.5831	15.1027	15.4831	33.064800000000005	8.556899999999999	33.8061	14.5547	1.8842999999999999	13.5925	11.0005	16.8518	8.9756	8.876100000000001	14.9203	10.152700000000001	15.7992	10.0922	10.6776	16.032	10.1395	30.909299999999998	7.950399999999999	15.614	9.4822	14.511700000000001	33.765	9.4722	16.272100000000002	16.0826	10.3495	31.9576	1.769	11.340200000000001	10.9741	8.425	14.792200000000001	10.7488	14.5275	9.767	10.4197
12	13.6469	15.0455	12.358600000000001	10.79	16.9406	9.994299999999999	12.7246	11.9049	13.815299999999999	13.797600000000001	19.6655	2.3934	0.0	15.1165	14.894	15.7516	12.048200000000001	15.978200000000001	16.0457	13.208	17.892599999999998	14.6761	13.21	16.5081	13.438799999999999	17.9585	15.165	33.957800000000006	12.4121	34.699	16.469	1.607	16.4482	13.856200000000001	16.5336	12.8169	13.1042	17.7761	13.0085	17.7135	12.947899999999999	13.5334	15.713899999999999	12.9952	31.8023	10.8061	18.4698	12.3379	17.3675	34.658	12.328	15.953899999999999	17.9969	13.2053	32.8506	1.4915999999999998	14.196	13.8299	12.6531	17.6479	13.6046	17.3833	12.6227	13.6469
13	6.397	6.2213	3.9026	14.2766	6.9117	5.3968	9.8131	11.4661	1.5987	4.977	7.347600000000001	12.1023	14.7114	0.0	2.8545	8.9299	5.0495	8.736799999999999	2.781	2.4533	5.1913	3.8048	1.6907	22.5751	3.1593	5.2572	21.232	22.911900000000003	6.1761	23.6531	8.179	14.4573	2.6694	1.3651	22.6007	5.5228	5.6016	5.0748	2.0464	7.2426	2.1139	1.9514	21.781	2.8163	20.756400000000003	5.7246999999999995	4.691	5.0572	3.5887	23.612099999999998	3.9149000000000003	22.021	8.1486	4.952	21.804599999999997	14.341899999999999	2.5808	1.2938	5.974399999999999	4.213	2.7702	4.682	2.5284	6.397
14	3.2675	3.7300999999999997	3.3803	8.821	5.3273	4.9594	6.182	8.6068	2.7422	1.8475	5.763199999999999	10.9824	14.889299999999999	3.3319	0.0	9.8235	6.3487	9.6304	1.1152	2.3230999999999997	6.2701	6.2318	2.1369000000000002	21.3875	4.9945	6.1031	20.044400000000003	21.6832	3.2236	22.424400000000002	9.0726	14.6351	5.424600000000001	3.3411999999999997	21.4131	2.5703	1.7764000000000002	5.7572	2.4268	9.3297	3.7009000000000003	2.5178000000000003	20.593400000000003	4.550800000000001	19.5277	5.494800000000001	7.4461	6.3564	6.3438	22.3834	2.3296	20.8334	9.7356	6.6562	20.5759	14.5198	4.167800000000001	3.3148	3.0311999999999997	7.5645	1.3131	7.2998	2.9089	3.2675
15	12.7134	16.2438	9.065	19.6288	17.063	10.298399999999999	15.1215	16.1049	7.598199999999999	11.1749	15.5899	15.9193	17.951900000000002	8.242299999999998	9.9004	0.0	8.6925	0.32489999999999997	10.566	9.0945	9.1417	5.5103	7.8886	32.1957	6.4196	9.9206	30.8526	29.804599999999997	11.312100000000001	30.5458	0.8157000000000001	17.3518	6.257899999999999	6.9775	32.2212	10.6588	10.7377	9.7382	8.244299999999999	1.7136	6.6342	7.6777	31.4015	6.7563	27.649099999999997	10.6262	5.0342	8.7002	6.0635	30.5048	9.4634	31.6415	2.1681999999999997	7.349	28.6973	17.2364	5.8223	6.9511	11.1104	7.510800000000001	8.9681	9.3454	8.5092	12.7134
16	7.9799	9.5265	3.5040999999999998	10.2539	11.9061	2.4185	8.057	8.799	3.7324	7.555899999999999	11.9063	9.6287	12.2379	5.5395	6.3673	8.657	0.0	8.463899999999999	6.8652	4.3535	8.3279	3.7918000000000003	4.3555	20.101599999999998	2.7897	8.3939	18.7585	27.389400000000002	5.871899999999999	28.1307	7.9061	11.9837	6.5738	4.2791999999999994	20.1271	5.2186	6.0042	8.2114	4.154	7.2432	3.3709000000000002	3.8118000000000003	19.3074	2.3461	25.233900000000002	2.3714	8.578100000000001	0.3368	7.4758000000000004	28.089599999999997	4.7299	19.547400000000003	8.2241	2.3518000000000003	26.2822	11.8684	3.8417	4.252800000000001	5.6256	8.0833	5.435	7.8187	3.7681999999999998	7.9799
17	12.5202	16.0507	8.8719	19.4357	16.8699	10.1052	14.9284	15.9118	7.4051	10.9818	15.396799999999999	15.7262	17.7588	8.049199999999999	9.7072	0.32489999999999997	8.4994	0.0	10.3729	8.901399999999999	8.9486	5.3171	7.6955	32.0025	6.2264	9.7275	30.6594	29.6114	11.119	30.352700000000002	0.6226	17.1587	6.0648	6.7844	32.0281	10.4657	10.5445	9.5451	8.0512	1.5205	6.4411000000000005	7.4845	31.2084	6.5632	27.4559	10.4331	4.8411	8.507100000000001	5.8704	30.311700000000002	9.270299999999999	31.448400000000003	1.9750999999999999	7.1558	28.5042	17.0433	5.6292	6.758	10.9173	7.317699999999999	8.775	9.152299999999999	8.3161	12.5202
18	3.4446999999999997	2.998	4.5502	9.187	4.875100000000001	6.3148	6.548	9.0354	3.4486	2.2591	5.310899999999999	11.411	15.3179	3.0334	0.8498	13.47	7.120100000000001	13.2769	0.0	3.0296	6.1316999999999995	7.4016	2.8433	21.8161	6.1643	5.9647	20.473	20.8752	3.6521999999999997	21.616400000000002	12.719	15.0637	5.1261	4.0477	21.8417	2.9989	2.2457	5.6189	3.1333	11.7826	4.4074	3.2241999999999997	21.021900000000002	5.7207	18.7197	6.518800000000001	7.147600000000001	7.5262	6.0454	21.575400000000002	3.0361	21.262	12.2631	7.8261	19.7679	14.9483	4.8743	4.0213	3.4596999999999998	6.6697	2.0625999999999998	5.3435	3.6153000000000004	3.4446999999999997
19	4.3048	6.787	1.5492000000000001	12.7768	9.1665	4.0851999999999995	7.7468	9.4775	1.598	3.5108	7.734	10.2134	13.2476	2.6161	2.2361999999999997	9.2277	4.4794	9.034600000000001	2.9049	0.0	6.664899999999999	4.3625	0.9927	21.1113	3.1252	6.7308	19.7682	23.346400000000003	3.9374000000000002	24.0877	8.476799999999999	12.9935	5.2206	2.197	21.1369	3.2841	2.4775	6.5484	0.5456	7.813899999999999	1.9478	1.414	20.3171	2.6816	21.190900000000003	4.4131	7.242100000000001	4.487100000000001	6.1398	24.046599999999998	1.5391	20.5572	8.5914	4.787	22.2392	12.8781	2.6303	2.1706	3.7357	6.4203	1.304	6.1556999999999995	1.0287	4.3048
20	9.072	8.6253	6.9308000000000005	15.2584	9.4155	8.1084	12.1753	13.158700000000001	5.3213	8.3505	6.9005	14.8139	17.423	4.4072	6.2525	9.1298	7.761100000000001	8.9367	6.1791	6.2863999999999995	0.0	5.2248	5.5238000000000005	30.5261	6.1341	0.7192999999999999	29.183	20.6869	9.2371	21.4282	8.3789	17.1689	2.6959	4.6127	30.551599999999997	8.5838	8.362200000000001	0.6237	5.8795	7.4425	5.3963	5.6433	29.731900000000003	6.470899999999999	18.5314	8.4363	4.316	7.768800000000001	3.7641999999999998	21.3871	7.3884	29.9719	7.923	7.0635	19.5797	17.0535	4.6064	3.9885	9.0354	1.6875	6.6033	0.7052	6.3616	9.072
21	7.8312	8.7568	4.1828	14.7466	11.136299999999999	5.4162	10.2393	11.222700000000001	3.1568	6.7335	10.4776	12.1217	14.730799999999999	3.8009	5.4589	5.121	3.8103000000000002	4.9278	6.1246	4.2123	5.4133000000000004	0.0	3.4471999999999996	22.5945	1.5374	5.4792	21.2514	25.229200000000002	6.4299	25.9704	4.37	14.476700000000001	3.0378000000000003	2.5361	22.620099999999997	5.7766	5.8555	5.2968	3.8029	3.7071	1.752	3.2361999999999997	21.8003	1.8740999999999999	23.073700000000002	5.7441	5.042	3.8181	3.9398	25.9294	4.5812	22.0404	4.688	2.4668	24.122	14.3613	1.3809	2.5096999999999996	6.2282	4.815600000000001	4.5267	4.904	3.627	7.8312
22	4.9718	5.4343	2.5799000000000003	12.9538	9.3435	4.2622	8.4904	9.473799999999999	1.039	3.5518	7.9043	10.9677	13.5769	1.5660999999999998	2.2771999999999997	8.1204	4.6564	7.9272	2.9429000000000003	1.1305999999999998	6.106	4.5395	0.0	21.4406	3.3022	6.1719	20.0975	23.387400000000003	4.8534	24.128700000000002	7.3694	13.322700000000001	4.6616	1.3685	21.466099999999997	4.2001	4.278899999999999	5.9895	0.7237	7.626600000000001	1.9978	0.8147000000000001	20.6464	2.8586	21.231900000000003	4.5901000000000005	6.6832	4.6641	5.5809	24.0876	3.0046999999999997	20.886400000000002	8.0325	4.964	22.2802	13.2073	2.4646999999999997	1.2971	4.6517	5.8613	1.345	5.5967	1.2057	4.9718
23	16.475099999999998	17.5292	21.8081	11.4021	17.772599999999997	19.4438	13.4526	15.4215	22.667	17.516299999999998	21.9073	17.703	18.3051	23.6851	22.9727	31.0665	21.497700000000002	31.2931	24.1245	22.0597	29.8639	24.1256	22.061700000000002	0.0	22.8883	29.696900000000003	2.0661	29.7452	17.6097	30.4864	31.783900000000003	18.050900000000002	25.9697	23.3057	0.5484	18.965700000000002	17.9131	29.3511	21.8601	33.028400000000005	22.4788	22.385099999999998	1.5274	22.4447	27.5897	20.255599999999998	32.8692	21.7874	31.7669	30.445400000000003	20.437900000000003	1.7674	33.311800000000005	22.654799999999998	28.638	17.935599999999997	23.7165	23.2793	18.1569	30.9607	23.1412	31.049	21.4098	16.475099999999998
24	6.6544	8.0668	3.0061	11.701600000000001	10.5881	4.4538	9.0626	10.046	2.3842	6.0682	10.6377	11.1593	13.7684	4.0918	5.049300000000001	6.2171	2.8669000000000002	6.024	5.692399999999999	3.0356	6.880199999999999	1.3519	3.0375	21.632099999999998	0.0	6.9461	20.289	26.1208	5.2532	26.862099999999998	5.4662	13.514299999999999	4.1339	2.8315	21.6576	4.5999	4.6787	6.7637	2.836	4.8033	1.299	2.4637	20.8379	0.6974	23.9653	4.7817	6.138199999999999	2.8746	5.0359	26.821	3.4045	21.078	5.7842	1.7763	25.0136	13.3989	1.4018	2.8051	5.0515	5.9118	4.117100000000001	6.371	2.4503000000000004	6.6544
25	8.8657	8.4191	7.5562	15.052100000000001	9.209299999999999	8.733799999999999	11.969	12.952399999999999	5.9467	8.1442	6.6943	15.4393	18.0484	5.0326	6.0463000000000005	9.78	8.3865	9.586799999999998	5.9728	6.9118	0.722	5.8502	6.1491999999999996	31.1515	6.7595	0.0	29.808400000000002	20.480700000000002	9.8625	21.2219	9.029	17.7943	3.0784000000000002	5.2381	31.177	9.5157	8.9876	0.4175	6.504899999999999	8.092600000000001	6.0217	6.2687	30.3573	7.0963	18.325200000000002	9.0617	4.9661	8.394200000000001	4.4144	21.1809	8.0138	30.5973	8.5731	7.688899999999999	19.3734	17.678900000000002	5.2318	4.613899999999999	9.751700000000001	2.3376	7.2287	0.7507	6.987	8.8657
26	15.1176	16.1717	20.032700000000002	10.0447	16.351	17.668400000000002	12.0952	13.6461	21.3095	16.1588	20.5499	15.9276	16.529700000000002	24.4488	21.1973	29.2911	19.7223	29.517599999999998	22.349	20.7023	28.0885	22.3502	20.7042	1.6588	21.1129	27.9215	0.0	27.9698	16.252200000000002	28.711	30.0084	16.2755	24.612299999999998	21.5303	1.6844000000000001	17.6082	16.5556	27.575599999999998	20.5027	31.253	21.1214	21.0276	0.8646	20.6693	25.8143	18.4802	31.093700000000002	20.012	29.9915	28.67	19.0804	1.1047	31.5364	20.8793	26.8625	16.1601	21.87	21.5039	16.799400000000002	29.185200000000002	22.3523	29.2736	20.052400000000002	15.1176
27	19.1758	18.0601	23.4883	20.0307	16.2863	25.2529	20.6067	23.313599999999997	22.981	19.4791	14.2418	32.1709	34.142	22.0465	20.3945	29.082900000000002	26.0582	28.8898	19.9467	22.562	20.1703	27.3005	22.375700000000002	28.385099999999998	25.102400000000003	20.0033	27.042	0.0	21.4671	1.8978	28.332	33.887800000000006	24.679	23.580099999999998	28.4106	21.937	20.679599999999997	19.657400000000003	22.6657	27.395599999999998	23.9187	22.7566	27.5909	24.6588	1.7389000000000001	25.4569	25.8779	26.4644	24.775599999999997	1.8568	21.8801	27.8309	27.876099999999997	26.764200000000002	0.5909	33.7725	24.448	23.5537	21.086599999999997	21.7859	21.549400000000002	20.2672	22.849700000000002	19.1758
28	3.2348000000000003	4.6375	3.6599	6.8213	6.7108	3.7574	4.182300000000001	4.1665	5.2168	3.3855	7.2565	8.6895	12.593	7.3163	2.8891	11.3766	5.1152	11.183399999999999	3.7657	3.6506999999999996	9.8537	6.5113	4.6115	18.216099999999997	5.274	9.9196	16.873	22.820700000000002	0.0	23.5619	10.6256	12.338799999999999	8.4094	5.8448	18.2417	2.0490999999999997	1.2835	9.737200000000001	4.2998	9.9627	4.9365	4.8247	17.422	4.8304	20.665200000000002	4.292800000000001	10.4309	5.455	9.3286	23.5209	3.2978	17.662	11.7805	5.4712	21.7134	12.2234	6.1845	5.8184	0.8324	9.6091	4.112100000000001	9.3444	3.8495	3.2348000000000003
29	20.8841	19.7685	25.1967	21.739099999999997	17.9947	26.961299999999998	22.315099999999997	25.022	24.689400000000003	21.1874	15.9502	33.8792	35.8504	23.754900000000003	22.1028	30.7913	27.766599999999997	30.5981	21.655099999999997	24.2703	21.878700000000002	29.0088	24.0841	30.093400000000003	26.8108	21.711599999999997	28.7503	2.1698000000000004	23.1754	0.0	30.0403	35.596199999999996	26.3873	25.288400000000003	30.119	23.645400000000002	22.388	21.3658	24.374	29.103900000000003	25.6271	24.465	29.2993	26.3672	3.4471999999999996	27.1653	27.586299999999998	28.1727	26.484	1.4094	23.5885	29.5393	29.584400000000002	28.4726	2.2992	35.4808	26.1564	25.262	22.794900000000002	23.4943	23.2578	21.9756	24.558	20.8841
30	11.962399999999999	15.492899999999999	8.3141	18.8779	16.3121	9.5474	14.3706	15.354	6.847300000000001	10.424	14.839	15.5246	17.5572	7.4914	9.1494	0.8157000000000001	7.9416	0.6226	9.815100000000001	8.3436	8.390799999999999	4.7593000000000005	7.1377	31.800900000000002	5.6686000000000005	9.1697	30.4578	29.0536	10.561200000000001	29.794900000000002	0.0	16.957	5.5069	6.2265	31.8265	9.9079	9.9867	8.9873	7.493399999999999	0.9627	5.8833	6.926699999999999	31.006700000000002	6.0054	26.8981	9.8753	4.2833000000000006	7.9493	5.312600000000001	29.7538	8.7125	31.2468	1.7735	6.598	27.9464	16.8417	5.0713	6.2002	10.3595	6.7599	8.2172	8.5945	7.7583	11.962399999999999
31	13.581700000000001	14.9803	12.2935	11.1539	16.875400000000003	9.929200000000002	12.6594	11.839799999999999	13.7501	13.7324	17.284200000000002	1.8968	1.8226	15.0513	12.512799999999999	14.8392	11.983	15.065700000000001	13.6645	13.1429	17.8274	14.611	13.1448	16.813299999999998	13.373700000000001	17.8933	15.4701	34.263	9.9747	35.0042	15.5565	0.0	16.3831	13.7911	16.8388	12.751700000000001	10.293899999999999	17.710900000000002	12.943299999999999	16.801099999999998	12.8828	13.468200000000001	16.0191	12.93	32.1075	10.741	18.4046	12.2727	17.3023	34.9632	12.262799999999999	16.2591	17.0845	13.1401	33.155699999999996	0.2083	14.130799999999999	13.764700000000001	9.8427	17.5828	13.539399999999999	17.318099999999998	12.5576	13.581700000000001
32	9.6416	11.861600000000001	5.9023	16.437900000000003	12.6808	7.08	11.9745	12.9579	3.9600999999999997	7.4489	11.2077	13.7854	16.394599999999997	2.6938	5.3229	6.3183	6.6053999999999995	6.1251999999999995	5.2429	4.9252	2.4871999999999996	3.4231	4.1626	24.2583	4.3324	3.0818000000000003	22.915200000000002	25.422400000000003	8.2086	26.1636	5.567399999999999	16.1404	0.0	3.2515	24.2838	7.5553	7.3338	3.3416	4.5183	4.631	4.3679	4.282100000000001	23.4641	4.6691	23.2669	7.4078	2.0794	6.6131	0.9771	26.1226	6.3599	23.704099999999997	5.1115	5.2618	24.315099999999997	16.025100000000002	2.8047	3.1692	8.0069	1.7823	5.242100000000001	2.9489	5.0004	9.6416
33	5.7595	6.222	3.2651	13.639100000000001	10.028799999999999	4.4473	9.175600000000001	10.159	0.8507	4.3395	8.6921	11.1528	13.761899999999999	1.507	3.0649	6.878	4.1	6.6849	3.7306	1.8157999999999999	4.8637	2.4464	1.0532000000000001	21.6256	2.2098	4.929600000000001	20.2825	24.175099999999997	5.538600000000001	24.916400000000003	6.1271	13.5078	3.4193000000000002	0.0	21.6512	4.8853	4.9641	4.747199999999999	1.4089	6.6312	1.1644	1.1727	20.831400000000002	1.8668	22.019599999999997	4.7752	5.4409	4.1076999999999995	4.3386000000000005	24.875400000000003	3.6899	21.0715	7.0371999999999995	3.5936	23.0679	13.3924	1.2224000000000002	0.2016	5.3369	4.619	2.1327	4.3544	1.891	5.7595
34	16.093	17.1471	21.426099999999998	11.020100000000001	17.744400000000002	19.061799999999998	13.0706	15.0395	22.2849	17.1342	21.525299999999998	17.321	17.923099999999998	23.303099999999997	22.590700000000002	30.6845	21.1157	30.911	23.7424	21.6777	29.481900000000003	23.743599999999997	21.679599999999997	0.7916	22.5063	29.3149	1.6841	29.3632	17.2276	30.104400000000002	31.401799999999998	17.6689	25.5877	22.9237	0.0	18.583599999999997	17.531	28.969	21.478099999999998	32.6464	22.096799999999998	22.003	1.1453	22.0627	27.2077	19.8736	32.4871	21.4054	31.384900000000002	30.0634	20.0559	1.3854000000000002	32.9298	22.2727	28.2559	17.5535	23.2634	22.897299999999998	17.7748	30.5787	23.7457	30.667	21.0278	16.093
35	3.6454	5.048100000000001	3.8335	7.2318999999999996	7.1213999999999995	4.0604000000000005	4.592899999999999	4.5771999999999995	4.827	3.7961	7.4301	8.9925	12.896	6.102	3.0627	11.5502	5.4182	11.357	4.0022	3.8243	10.027299999999999	6.6849	4.2217	18.6268	5.4476	10.093200000000001	17.2837	22.9943	0.9424	23.7355	10.7992	12.6418	8.583	6.0184	18.6523	0.0	1.4570999999999998	9.9108	4.4734	10.136299999999999	5.1101	4.9983	17.8326	5.004	20.8388	4.5958000000000006	10.6045	5.758	9.5022	23.6945	3.6008	18.072599999999998	11.9541	5.774100000000001	21.887	12.526399999999999	6.3581	5.992	1.006	9.7827	4.285699999999999	9.518	4.0231	3.6454
36	2.7121999999999997	3.4751	3.1256999999999997	9.4649	5.8546000000000005	5.581300000000001	5.1204	6.103800000000001	3.9838	1.3931	5.7413	10.6775	14.5844	5.0019	1.757	11.9372	6.0941	11.7441	2.5326999999999997	2.5185999999999997	8.729	5.455100000000001	3.3785	18.1884	4.7398	8.795	16.845299999999998	21.3055	1.3879000000000001	22.046799999999998	11.1863	14.330200000000001	7.2847	4.5828	18.214	1.4955999999999998	0.0	8.6126	3.1752	10.2499	3.7939000000000003	3.7594000000000003	17.3942	4.2962	19.15	5.041300000000001	9.306299999999998	6.1018	8.204	22.0057	1.73	17.6343	10.6558	6.4016	20.1983	14.2149	5.0315	4.5564	0.808	8.484399999999999	2.98	8.2198	2.7248	2.7121999999999997
37	8.5625	8.1158	7.4186000000000005	14.748899999999999	8.906	8.5963	11.665799999999999	12.6492	5.8092	7.841	6.391	15.3018	17.9109	4.8951	5.743	9.6424	8.249	9.4493	5.6696	6.7743	0.5845	5.7127	6.011699999999999	31.014	6.622	0.4175	29.6708	20.177400000000002	9.8657	20.918599999999998	8.8915	17.6568	2.9409	5.1005	31.0395	9.212399999999999	9.0415	0.0	6.3674	7.955100000000001	5.8842	6.1312	30.2198	6.9588	18.021900000000002	8.9242	4.828600000000001	8.2567	4.2768999999999995	20.877599999999997	7.8762	30.459799999999998	8.4356	7.551399999999999	19.0701	17.541400000000003	5.0943000000000005	4.4764	9.4485	2.2001	7.0912	0.6132000000000001	6.849399999999999	8.5625
38	5.6529	6.4594	2.0751999999999997	12.449200000000001	8.838899999999999	3.7576	7.9857	8.9692	1.0475	3.7285999999999997	8.081100000000001	10.4631	13.0722	2.0656999999999996	2.454	8.9001	4.151800000000001	8.707	3.1195999999999997	0.6259	6.1145	4.0349	0.4422	20.9359	2.7976	6.1804	19.5928	23.5642	4.3487	24.305400000000002	8.1492	12.818100000000001	4.670100000000001	1.6465999999999998	20.9615	3.6954000000000002	3.7743	5.998	0.0	7.4863	1.6200999999999999	0.8231	20.1417	2.3539	21.4087	4.0855	6.6917	4.1595	5.5893999999999995	24.264400000000002	2.5	20.3818	8.041	4.4593	22.4569	12.7027	2.4732	1.6202	4.147	5.869800000000001	1.5217	5.6052	0.7011000000000001	5.6529
39	11.3335	14.564200000000001	7.6852	18.249	15.3834	8.9185	13.741700000000002	14.725100000000001	6.2184	9.7951	13.9103	15.406	17.438599999999997	6.8625	8.5205	1.7929000000000002	7.3126999999999995	1.5997999999999999	9.186200000000001	7.7147	7.4621	4.1304	6.5088	31.682299999999998	5.0397	8.0881	30.3392	28.125	9.9323	28.8662	1.042	16.8385	4.5783000000000005	5.5977	31.707900000000002	9.279	9.3578	7.9925	6.8645	0.0	5.2543999999999995	6.2978000000000005	30.8882	5.3765	25.9695	9.2464	3.3546	7.320399999999999	4.3839	28.825200000000002	8.0836	31.1282	1.0149	5.9691	27.0177	16.7231	4.4425	5.5713	9.7306	5.8312	7.5883	7.9656	7.1293999999999995	11.3335
40	6.5613	7.3678	2.6855	13.3576	9.7473	3.8632	8.8941	9.8775	1.4264000000000001	5.2896	9.637799999999999	10.568700000000002	13.1778	2.3882	3.9461999999999997	6.5264	2.777	6.3333	4.611800000000001	2.073	5.5936	1.6612	1.9344000000000001	21.0415	1.0454	5.6596	19.698400000000003	26.0024	4.9918000000000005	26.743599999999997	5.7755	12.9237	4.1493	1.5449000000000002	21.0671	4.3385	4.4174	5.4772	1.8734000000000002	5.1126000000000005	0.0	1.5059	20.2473	0.7024	23.8469	4.1911000000000005	6.1709	2.7847	5.0686	26.702599999999997	3.1431	20.4874	6.0935	2.8084000000000002	24.8951	12.8083	1.2377	1.5186	4.790100000000001	5.349	3.0139	5.0844	1.8414000000000001	6.5613
41	5.9186000000000005	6.7251	2.3409	12.7149	9.1046	4.0233	8.2514	9.2348	0.115	3.7866	8.139100000000001	10.7288	13.3379	1.5615	2.512	7.5666	4.4175	7.373399999999999	3.1776999999999997	0.8916000000000001	5.7323	2.9112	0.8936000000000001	21.2016	3.0633000000000004	5.7982	19.8585	23.6222	4.6144	24.3635	6.815600000000001	13.0838	4.288	1.1425	21.2272	3.9611	4.04	5.6158	0.692	6.152699999999999	1.25	0.0	20.407400000000003	2.6195999999999997	21.4667	4.3511999999999995	6.3095	4.4252	5.207199999999999	24.322400000000002	2.7657	20.6475	7.536899999999999	4.0584	22.515	12.968399999999999	1.9325	1.1160999999999999	4.4127	5.4877	1.5797999999999999	5.2231000000000005	0.9668	5.9186000000000005
42	15.7953	16.849400000000003	20.7103	10.722299999999999	17.028599999999997	18.346	12.7728	14.3237	21.9872	16.8365	21.2275	16.6052	17.2073	25.1265	21.8749	29.968700000000002	20.399900000000002	30.1952	23.0267	21.379900000000003	28.766099999999998	23.0278	21.3819	0.843	21.7905	28.5991	0.9682999999999999	28.6474	16.9299	29.3886	30.6861	16.9531	25.289900000000003	22.207900000000002	1.2723	18.2859	17.2332	28.2533	21.1803	31.9306	21.799	21.7052	0.0	21.3469	26.4919	19.157799999999998	31.7714	20.6896	30.6691	29.3476	19.7581	0.2889	32.214	21.557	27.5401	16.837799999999998	22.5477	22.1815	17.4771	29.8629	23.0299	29.9512	20.73	15.7953
43	5.9571000000000005	7.3695	2.3087	11.0042	9.8907	3.7564	8.365200000000002	9.348600000000001	1.6869	5.3709	9.9404	10.4619	13.071	3.3944	4.3519	6.7842	2.1695	6.5911	4.995	2.3381999999999996	6.1829	1.9189	2.3402	20.9347	0.6816	6.2488	19.5916	25.4235	4.5558000000000005	26.1647	6.0332	12.8169	4.7385	2.1342	20.9603	3.9025	3.9814000000000003	6.0664	2.1386	5.3703	0.6016	1.7663	20.1406	0.0	23.268	4.0843	6.7601	2.1772	5.6578	26.1237	2.7071	20.380599999999998	6.3511999999999995	2.3434	24.316200000000002	12.7015	1.9687999999999999	2.1078	4.354100000000001	5.9382	3.4196999999999997	5.6736	1.7529000000000001	5.9571000000000005
44	18.159200000000002	17.043599999999998	22.471799999999998	19.014200000000002	15.2698	24.2364	19.5902	22.297099999999997	21.9645	18.4625	13.225299999999999	31.1543	33.1255	21.03	19.3779	28.0664	25.041700000000002	27.8732	18.9302	21.5454	19.1538	26.283900000000003	21.3592	27.3685	24.085900000000002	18.9867	26.0254	2.2423	20.4505	2.9836	27.3154	32.871300000000005	23.6624	22.5635	27.394099999999998	20.9205	19.6631	18.640900000000002	21.649099999999997	26.379	22.9022	21.740099999999998	26.5744	23.6423	0.0	24.4404	24.8614	25.4478	23.7591	2.9425	20.863599999999998	26.814400000000003	26.8595	25.747700000000002	1.1351	32.755900000000004	23.4315	22.5371	20.07	20.7694	20.5329	19.250700000000002	21.833099999999998	18.159200000000002
45	7.1301000000000005	8.5425	3.2765999999999997	9.0053	10.6795	1.0231000000000001	6.8083	7.521100000000001	4.7333	7.269	11.619399999999999	8.3509	10.96	6.0345	5.5337	10.4594	2.3714	10.2663	7.9997	4.126	8.8106	5.5941	4.128	18.823700000000002	4.3568	8.8765	17.4806	27.1025	4.5562	27.843799999999998	9.7084	10.7059	7.3662	4.7743	18.8493	4.369	4.8754	8.6941	3.9265	10.3314	3.8659	4.4514	18.0295	3.9132	24.947	0.0	9.387799999999999	2.6611	8.2855	27.8027	3.8801	18.269599999999997	10.7373	4.1233	25.9953	10.5905	5.114	4.7479	4.424300000000001	8.5659	5.2075	8.3013	3.5406999999999997	7.1301000000000005
46	13.905299999999999	12.7896	7.6388	20.6631	13.608799999999999	8.8165	16.2529	18.6594	5.6966	9.1855	12.1357	18.704	18.1311	4.7009	7.33	5.0223	8.633	4.8292	7.250100000000001	6.6617	4.378100000000001	5.4508	5.8991999999999996	32.7843	6.3601	5.004	31.441200000000002	26.3504	13.276200000000001	27.0916	4.2713	17.877	2.1207	4.988	32.8099	12.6229	9.0703	4.908399999999999	6.254899999999999	3.3349	6.1044	6.0187	31.9902	6.6968000000000005	24.1948	9.1444	0.0	8.640799999999999	1.2659	27.0506	8.0964	32.2302	3.8154	7.2895	25.2431	17.761599999999998	4.9838000000000005	5.1655	13.0838	2.7471	6.9787	4.9899	6.7368999999999994	13.905299999999999
47	8.0672	9.6139	3.5915	10.5291	11.9934	2.6936999999999998	8.3322	9.074200000000001	3.8196999999999997	7.6433	11.9936	9.9039	12.5131	5.6268	6.4546	8.744299999999999	0.3743	8.551200000000001	6.9526	4.4409	8.415299999999998	3.8790999999999998	4.4428	20.3768	2.8771	8.481200000000001	19.0337	27.4767	5.9592	28.218	7.993399999999999	12.258899999999999	6.6612	4.3666	20.4023	5.305899999999999	6.0915	8.2988	4.2413	7.3305	3.4581999999999997	3.8992	19.5826	2.4334000000000002	25.3212	2.6466	8.6654	0.0	7.5632	28.177	4.8172	19.822599999999998	8.311399999999999	2.4391	26.3695	12.143600000000001	3.929	4.340199999999999	5.712899999999999	8.1706	5.5223	7.906	3.8556	8.0672
48	12.8842	11.768600000000001	6.6178	19.6421	12.5878	7.7954	15.2319	17.6383	4.6756	8.164399999999999	11.114600000000001	14.5009	17.1101	3.6798	6.309	6.2252	7.612	6.032100000000001	6.229	5.6407	3.8651	4.4296999999999995	4.878100000000001	31.7633	5.339	4.4911	30.4202	25.3293	12.2551	26.0705	5.4743	16.855900000000002	1.0997000000000001	3.967	31.7888	11.601799999999999	8.0493	4.3955	5.2338000000000005	4.5379	5.0833	4.9976	30.969099999999997	5.6757	23.1738	8.1233	1.4715	7.6197	0.0	26.0295	7.075399999999999	31.2091	5.0184	6.2684	24.222	16.7405	3.9627	4.144399999999999	12.062700000000001	2.2342	5.9576	3.935	5.7158999999999995	12.8842
49	20.990299999999998	19.874599999999997	25.302799999999998	21.845200000000002	18.1008	27.067400000000003	22.4213	25.1282	24.7956	21.293599999999998	16.0564	33.9854	35.9565	23.861099999999997	22.209	30.8974	27.872799999999998	30.7043	21.7613	24.3765	21.9848	29.115	24.1903	30.1996	26.917	21.8178	28.8565	2.276	23.281599999999997	1.5567	30.1465	35.702400000000004	26.4935	25.394599999999997	30.2252	23.7515	22.4941	21.472	24.4802	29.210099999999997	25.7333	24.5712	29.4054	26.4733	3.5534	27.2715	27.692400000000003	28.2789	26.5902	0.0	23.694599999999998	29.6455	29.6906	28.5787	2.4054	35.587	26.2625	25.3682	22.9011	23.6004	23.364	22.081799999999998	24.6642	20.990299999999998
50	4.2267	5.6391	1.4779	9.2738	7.7124	3.0569	6.6348	7.6182	2.8476	3.6405	8.21	9.1015	12.1357	3.9244	2.0718	9.1945	4.4462	9.0014	2.8078000000000003	1.6514000000000002	7.7115	4.3293	2.2423	19.9994	3.092	7.777399999999999	18.656299999999998	23.693099999999998	2.8254	24.4343	8.4436	11.8815	6.2671	3.6628000000000003	20.024900000000002	2.1721	2.251	7.595	1.9895999999999998	7.7806999999999995	2.7544	2.6231999999999998	19.2052	2.6484	21.537599999999998	3.5923000000000003	8.2887	4.4539	7.1864	24.3933	0.0	19.4452	8.7616	4.7538	22.5858	11.7661	4.0025	3.6364	2.6237	7.4669	2.1128	7.2021999999999995	1.5301	4.2267
51	15.8095	16.863599999999998	20.7245	10.736600000000001	17.042900000000003	18.3603	12.787	14.338	22.0014	16.8507	21.241799999999998	16.619400000000002	17.2215	25.140700000000002	21.889200000000002	29.9829	20.414099999999998	30.2095	23.0409	21.394099999999998	28.7804	23.042099999999998	21.396099999999997	1.2609000000000001	21.8048	28.6133	0.9825	28.6616	16.9441	29.402900000000002	30.7003	16.9674	25.3041	22.2222	1.2865	18.300099999999997	17.2475	28.2675	21.194599999999998	31.9448	21.813200000000002	21.7195	0.4667	21.361099999999997	26.5061	19.172099999999997	31.7856	20.703799999999998	30.6833	29.3618	19.772299999999998	0.0	32.2282	21.5712	27.5544	16.852	22.5619	22.1958	17.4913	29.8771	23.0441	29.9655	20.7442	15.8095
52	11.476600000000001	14.5669	7.8283000000000005	18.3921	15.3861	9.0616	13.8847	14.8681	6.3614	9.9381	13.913	15.617700000000001	17.650299999999998	7.0055	8.6636	1.936	7.4558	1.7429000000000001	9.3292	7.8576999999999995	7.4648	4.2735	6.651800000000001	31.894	5.1828	8.0908	30.550900000000002	28.1277	10.075299999999999	28.8689	1.185	17.050099999999997	4.581	5.7406999999999995	31.9196	9.422	9.5009	7.9952	7.0075	0.24869999999999998	5.397399999999999	6.4409	31.0998	5.5195	25.972099999999998	9.3895	3.3573000000000004	7.4635	4.3866000000000005	28.827900000000003	8.226600000000001	31.3399	0.0	6.1122	27.020400000000002	16.9348	4.5855	5.714300000000001	9.8736	5.8339	7.7313	8.1087	7.272399999999999	11.476600000000001
53	6.9394	8.4861	2.4637	11.0401	10.8656	2.9494000000000002	8.401	8.8251	3.5864000000000003	6.5155	10.8659	9.6549	12.264	4.499	5.3268	7.6727	1.3436	7.4796000000000005	5.8248	3.3131	7.2875	2.8075	3.3150999999999997	20.1277	1.7492999999999999	7.3534	18.784599999999998	26.349	4.8313999999999995	27.0902	6.9218	12.0099	5.8431999999999995	3.2388000000000003	20.153299999999998	4.178100000000001	4.9637	7.171	3.1135	6.2589	2.3305	3.6659	19.3335	1.3057	24.1935	3.2773000000000003	7.5938	1.3513	6.4915	27.0492	3.6895	19.5736	7.2398	0.0	25.2417	11.8945	2.8574	3.2124	4.585100000000001	7.0428999999999995	4.3946000000000005	6.7782	2.7278000000000002	6.9394
54	18.7422	17.6265	23.0547	19.597099999999998	15.8527	24.8193	20.1732	22.8801	22.5475	19.0455	13.8083	31.737299999999998	33.708400000000005	21.613	19.960900000000002	28.6493	25.6247	28.4562	19.5132	22.128400000000003	19.7367	26.8669	21.9422	27.9515	24.6689	19.5697	26.608400000000003	1.9109	21.0335	2.6521	27.898400000000002	33.4543	24.2454	23.1465	27.9771	21.503400000000003	20.246	19.2238	22.2321	26.962	23.4851	22.3231	27.1573	24.2252	1.3053	25.023400000000002	25.4443	26.0308	24.3421	2.6111	21.4465	27.3974	27.4425	26.330599999999997	0.0	33.3389	24.014400000000002	23.120099999999997	20.653	21.3523	21.1159	19.8337	22.4161	18.7422
55	13.472299999999999	14.870899999999999	12.184	11.0445	16.766	9.819799999999999	12.55	11.7304	13.6407	13.623	17.174799999999998	1.7874	1.7132	14.9419	12.4034	15.1456	11.8736	15.372200000000001	13.5551	13.0335	17.718	14.5016	13.0354	16.703799999999998	13.264299999999999	17.783900000000003	15.360700000000001	34.1536	9.865200000000002	34.894800000000004	15.863	0.2083	16.273600000000002	13.681700000000001	16.729400000000002	12.642299999999999	10.1845	17.6015	12.8339	17.1075	12.773299999999999	13.358799999999999	15.9097	12.8206	31.998099999999997	10.6316	18.2952	12.1633	17.1929	34.8538	12.1534	16.1497	17.390900000000002	13.030700000000001	33.0463	0.0	14.0214	13.655299999999999	9.7333	17.4733	13.43	17.2087	12.4482	13.472299999999999
56	7.2184	8.024899999999999	3.6376999999999997	14.014700000000001	10.404399999999999	4.8153999999999995	9.5513	10.5347	1.7759	5.352600000000001	10.2728	11.5209	14.13	2.42	4.0781	6.0966000000000005	4.1217	5.9035	4.7437	2.8289	5.2085	1.631	2.0663	21.9937	1.8488	5.2744	20.650599999999997	25.0244	5.944100000000001	25.7656	5.3457	13.8759	3.0957	1.1552	22.019299999999998	5.2908	5.3696	5.092	2.422	4.6828	1.2061	1.8554000000000002	21.1995	2.1855	22.8689	5.1433	5.1497	4.1295	4.0475	25.7246	4.0953	21.4396	5.321899999999999	2.7782	23.9172	13.7605	0.0	1.1288	5.7424	4.9639	3.1458000000000004	4.699199999999999	2.2651999999999997	7.2184
57	5.95	6.4126	3.4556999999999998	13.829600000000001	10.219299999999999	4.373	9.366200000000001	10.3496	1.0412000000000001	4.5301	8.8826	11.0784	13.6876	1.3173	3.2555	6.8767	4.0257	6.6835	3.9212	2.0063	4.8623	2.445	1.2437	21.551299999999998	2.6628000000000003	4.9281999999999995	20.2082	24.3657	5.7292	25.106900000000003	6.1257	13.433399999999999	3.4179	0.1492	21.5768	5.0759	5.1547	4.7458	1.5995	5.4628000000000005	1.3549	1.3633	20.757099999999998	1.9596	22.2102	4.7008	5.4395	4.0334	4.3372	25.065900000000003	3.8805	20.9972	7.2277	3.5921999999999996	23.2584	13.318100000000001	1.221	0.0	5.5275	4.6176	2.3233	4.353	2.0815	5.95
58	2.6955999999999998	4.108	3.0351999999999997	7.1124	6.4628000000000005	3.9366999999999996	4.4733	5.4568	4.592	2.1401	6.4832	8.868799999999998	12.7723	5.8095	2.2644	10.7518	6.0035	10.5587	3.1409000000000002	3.0259	9.2289	5.8866000000000005	3.9867	18.5031	4.6493	9.2949	17.16	22.0475	0.8187000000000001	22.788700000000002	10.0009	12.5181	7.7846	5.2201	18.528599999999997	0.9213	0.6587000000000001	9.1124	3.6751	9.338	4.3117	4.2	17.7089	4.2056000000000004	19.892	4.4721	9.8062	6.0112	8.703899999999999	22.747700000000002	2.4495999999999998	17.948900000000002	11.155700000000001	6.311	20.9402	12.4028	5.5598	5.1937	0.0	8.9843	3.4873000000000003	8.719700000000001	3.2247	2.6955999999999998
59	10.943200000000001	13.5075	7.2038	17.7395	14.3267	8.3815	13.276	14.2594	5.594399999999999	9.083200000000001	8.4381	15.087	17.696099999999998	3.8786	7.8086	7.9642	8.0342	7.771100000000001	7.716600000000001	6.5595	1.6309	5.4979	5.7969	30.7992	6.4072	2.2569	29.456	22.2245	9.5101	22.965700000000002	7.2132	17.442	1.8862	4.8857	30.8247	8.8568	8.635299999999999	2.1613	6.1526000000000005	6.2768999999999995	5.6693999999999996	5.916399999999999	30.005	6.744	20.069	8.7094	3.1504000000000003	8.0419	2.5986	22.9247	7.6613999999999995	30.245	6.7574	7.336600000000001	21.1172	17.3266	4.8795	4.2616000000000005	9.308399999999999	0.0	6.876399999999999	2.2428000000000003	6.634600000000001	10.943200000000001
60	3.9474	4.4098999999999995	2.8813	9.5008	6.1916	4.4603	6.861800000000001	9.646799999999999	2.1598	2.5274	6.6275	10.5049	13.539100000000001	2.7228000000000003	1.0236	10.598	5.8496999999999995	10.4048	1.6777	1.8240999999999998	6.4062	5.7326999999999995	1.5545	21.4028	4.4954	6.239199999999999	20.0597	22.1918	4.228899999999999	22.933	9.847	13.285	4.8155	2.7589	21.4284	3.5756	2.769	5.8933	1.8444	8.7473	3.1185	1.9354	20.6086	4.0518	20.0363	4.9957	6.837	5.857399999999999	5.7348	22.892	1.8306	20.8487	9.1532	6.1572	21.0845	13.1696	3.5855	2.7325	4.0272	6.9821	0.0	6.7175	2.3265	3.9474
61	8.2769	7.8302	6.981	14.463299999999998	8.6204	8.1586	11.3802	12.3636	5.3715	7.5554	6.2465	14.8641	17.4733	4.4575	6.3368	9.8285	7.8113	9.635399999999999	6.2634	6.336600000000001	0.6848	5.2751	5.574	30.5763	6.184399999999999	0.7507	29.2332	20.7712	9.2873	21.5125	9.0776	17.219099999999997	2.4879000000000002	4.6629	30.6019	8.634	8.4125	0.6551	5.9296999999999995	8.1412	5.4465	5.6935	29.7821	6.521100000000001	18.6157	8.4865	4.9289	7.819	4.3772	21.471400000000003	7.4386	30.0222	8.5471	7.1138	19.664	17.1037	4.6567	4.0386999999999995	9.085600000000001	2.3004000000000002	6.6535	0.0	6.4118	8.2769
62	5.3563	6.1628	1.7047999999999999	12.1526	8.5423	3.3872	7.689100000000001	8.6725	1.597	4.278	8.432799999999999	10.092600000000001	12.701799999999999	2.6151	3.0035	8.5297	3.7814	8.3365	3.6691	0.9897999999999999	6.1997	3.6644	0.9917	20.5655	2.4271	6.2656	19.2224	24.797400000000003	3.9783000000000004	25.5386	7.7787	12.4476	4.7554	2.1961	20.591	3.325	3.4038000000000004	6.0832	0.7902	7.1158	1.6298	1.3151	19.7713	1.9835	22.6419	3.715	6.7768999999999995	3.7891	5.6747	25.4976	2.1296	20.0113	8.0967	4.0889	23.690099999999997	12.3323	2.4907	2.1696999999999997	3.7765999999999997	5.955100000000001	2.0711999999999997	5.6905	0.0	5.3563
;
