set K:= 1	2;
set C_H:= 1	2;
set C_S:= 3	4	5	6	7	8;
set C_F:= 9	10;
set M:= 11	12	13	14	15	16;
set L_B:= 17	18;
set A1:=
(0,*) 1 2 9 10 11 12 13 14 15 16 17 18 19
(1,*) 0 2 9 10 11 12 13 14 15 16 17 18 19
(2,*) 0 1 9 10 11 12 13 14 15 16 17 18 19
(9,*) 0 1 2 10 11 12 13 14 15 16 17 18 19
(10,*) 0 1 2 9 11 12 13 14 15 16 17 18 19
(11,*) 0 1 2 9 10 12 13 14 15 16 17 18 19
(12,*) 0 1 2 9 10 11 13 14 15 16 17 18 19
(13,*) 0 1 2 9 10 11 12 14 15 16 17 18 19
(14,*) 0 1 2 9 10 11 12 13 15 16 17 18 19
(15,*) 0 1 2 9 10 11 12 13 14 16 17 18 19
(16,*) 0 1 2 9 10 11 12 13 14 15 17 18 19
(17,*) 0 1 2 9 10 11 12 13 14 15 16 18 19
(18,*) 0 1 2 9 10 11 12 13 14 15 16 17 19
(19,*) 0 1 2 9 10 11 12 13 14 15 16 17 18
;
set A2:=
(11,*) 12
(12,*) 11
(13,*) 14
(14,*) 13
;
param BigM:=99999;
param n:= 2;
param d:=
1	3
2	2
3	4
4	4
5	2
6	3
7	1
8	1
9	4
10	4
;
param Q:=160;
param w:=
[11,*] 12 65
[12,*] 11 65
[13,*] 14 65
[14,*] 13 65
;
param V:=
[11,*] 12 100
[12,*] 11 100
[13,*] 14 80
[14,*] 13 80
;
param e:
	11	12	13	14	15	16	17	18:=
3		1		0		0		0		0		0		0		0	
4		0		0		0		1		0		0		0		0	
5		0		0		0		0		0		0		1		0	
6		0		1		0		0		0		1		0		0	
7		0		1		0		0		0		0		0		0	
8		0		0		0		0		1		0		0		0	
9		0		0		1		0		0		0		0		0	
10		0		0		0		0		0		0		0		1	
;
param p:=
1	18
2	18
;
param G:=
11	30
12	70
13	30
14	120
15	30
16	50
17	43
18	50
;
param s:=
0	0
1	10
2	10
9	10
10	10
11	10
12	10
13	10
14	10
15	10
16	10
17	10
18	10
;
param t:
	0	1	2	3	4	5	6	7	8	9	10	11	12	13	14	15	16	17	18	19:=
0	0.0	4.0575	4.9826999999999995	15.4971	20.477	0.5549	9.2539	14.3605	12.456100000000001	8.431899999999999	13.446399999999999	15.679200000000002	12.9342	8.5804	18.927	13.6347	7.3099	1.57	12.691799999999999	0.0
1	4.534	0.0	3.7645	12.1124	22.8397	4.7953	14.434700000000001	19.5413	10.3855	9.139299999999999	13.2582	12.2945	18.115	9.943200000000001	21.2898	11.5641	12.4907	6.9632	12.5036	4.534
2	4.2058	3.5791	0.0	15.596	24.453599999999998	4.7613	9.6119	13.626299999999999	8.2859	5.5536	9.447700000000001	15.7781	12.9715	6.3575	22.903599999999997	9.4645	7.348199999999999	5.429	8.693100000000001	4.2058
3	15.853200000000001	12.1806	16.7545	0.0	29.1481	17.268	24.8693	30.171599999999998	15.7171	20.811	20.281599999999997	0.3469	32.2719	21.614900000000002	27.5981	16.8957	22.6056	17.5672	19.527	15.853200000000001
4	20.5856	23.8797	25.979599999999998	29.0587	0.0	19.8307	26.5553	30.637700000000002	34.003699999999995	28.0255	33.0931	29.2408	29.2859	28.174	2.0007	35.182300000000005	25.8578	19.2997	32.3385	20.5856
5	0.8653	4.5353	5.3163	15.9749	20.0332	0.0	11.9711	14.838299999999998	12.7897	8.909600000000001	13.6714	16.157	13.412	9.058200000000001	18.4833	13.968200000000001	6.3957	0.8365	12.916799999999999	0.8653
6	9.617899999999999	12.918299999999999	9.0893	23.205299999999998	26.2121	8.2594	0.0	4.4135	14.5298	5.7561	11.1149	23.387400000000003	3.3561	4.2535	24.6621	15.7083	1.9478	8.927200000000001	10.360299999999999	9.617899999999999
7	12.8583	16.1587	12.7694	31.604400000000002	30.3922	13.1812	4.385800000000001	0.0	19.8414	8.9965	14.0215	31.7865	2.3131999999999997	7.4939	28.842200000000002	17.3813	5.9672	16.6996	13.2669	12.8583
8	12.4557	10.7414	8.5245	14.951	33.579699999999995	13.0112	15.2685	14.569700000000001	0.0	11.2103	5.9554	15.1331	16.670099999999998	12.014100000000001	32.0297	1.5072999999999999	13.0048	13.679	5.200699999999999	12.4557
9	8.1389	8.769200000000001	5.5733999999999995	19.7185	27.9911	9.082799999999999	5.7343	8.961	11.043	0.0	8.6896	19.900599999999997	8.3831	2.5108	26.441200000000002	12.2215	4.0007	9.8856	7.935	8.1389
10	13.2161	12.8681	9.2849	19.6429	34.1451	14.8278	11.6027	11.678799999999999	8.9779	9.266	0.0	19.825	13.779200000000001	7.7635	32.5952	7.169	9.8691	15.4956	1.2774	13.2161
11	15.8095	12.136899999999999	16.7108	0.5247	29.1043	17.2243	24.825599999999998	30.1278	15.673399999999999	20.7673	20.2379	0.0	32.2282	21.5712	27.5544	16.852	22.5619	17.5235	19.4833	15.8095
12	11.476600000000001	14.777	11.3877	31.157799999999998	28.570400000000003	11.7995	3.004	2.0809	19.3949	7.6148	12.9735	31.3399	0.0	6.1122	27.020400000000002	16.9348	4.5855	14.877799999999999	12.2189	11.476600000000001
13	6.9394	8.4714	5.2755	19.3915	26.791700000000002	7.8834	4.591	7.817699999999999	10.7159	1.5026	7.5463000000000005	19.5736	7.2398	0.0	25.2417	11.8945	2.8574	8.686200000000001	6.7917	6.9394
14	18.7422	22.0363	24.136200000000002	27.2153	2.3535999999999997	17.987299999999998	24.7119	28.7943	32.1603	26.1821	31.2497	27.3974	27.4425	26.330599999999997	0.0	33.3389	24.014400000000002	17.4563	30.495099999999997	18.7422
15	13.472299999999999	11.7579	9.5411	15.967600000000001	34.5963	14.0278	16.2851	15.2905	3.4554	12.226799999999999	6.6762	16.1497	17.390900000000002	13.030700000000001	33.0463	0.0	14.0214	14.6955	5.9215	13.472299999999999
16	7.2184	10.4435	7.1415	21.2575	25.4671	6.3116	2.3362	6.2416	12.5819	4.2808	9.6395	21.4396	5.321899999999999	2.7782	23.9172	13.7605	0.0	6.9793	8.8849	7.2184
17	1.5459	4.9756	5.9008	16.6799	19.3268	0.6704	11.3505	15.4329	13.3742	9.3499	14.352	16.862	14.081100000000001	9.4985	17.776799999999998	14.5528	8.228	0.0	13.5974	1.5459
18	11.9625	11.6145	8.0313	18.3893	32.8915	13.574200000000001	10.3491	10.4252	7.7243	8.0124	0.7784	18.5714	12.5256	6.5099	31.3415	5.9154	8.6155	14.242	0.0	11.9625
;
