vehicles
vehicle_idx, capacity, cost_per_unit_distance
1,160,18
2,160,18
depot
node_idx,x,y
0,25.049446486001663,121.51552910838933
home delivery customers
node_idx,x,y,service_time,demand
1,25.049031067001245,121.54252279322766,10,1
2,25.07965846286019,121.51008177265531,10,1
3,25.020760227003183,121.53365274280354,10,3
4,25.034437699999994,121.50512629999997,10,2
5,25.067346360631642,121.49969287578729,10,2
6,25.064503005195167,121.52958635847499,10,5
7,25.091253346644816,121.50485178610556,10,5
8,25.06585667818237,121.50306480890728,10,3
self pickup customers
node_idx,x,y,service_time,demand,locker_idxs
9,25.12639135914492,121.502161182674,10,5,49-48
10,25.004659185599895,121.55593686403869,10,2,51
11,24.96093772777515,121.42062160985327,10,5,41
12,25.05787119180021,121.57861482133593,10,3,46-43
13,24.96095194761276,121.41533502911766,10,5,41
14,25.12101692447756,121.52224830213935,10,4,48-49
15,24.95652570199682,121.53375637719148,10,5,45
16,25.112750761899786,121.51908109098528,10,1,48-49
17,25.021510657156117,121.56986057278004,10,2,43-51
18,25.05393839301959,121.5309971738925,10,1,47-50
19,25.041856833047625,121.57552670575252,10,3,46-43
20,25.0367350465181,121.53656674042813,10,5,50-47
21,25.058676288865666,121.51940108640838,10,4,47
22,24.961417534084912,121.53812426899115,10,1,45
23,25.023607297097804,121.56852443707844,10,3,43
24,24.963238699999998,121.42882055,10,3,41
flexible customers
node_idx,x,y,service_time,demand,locker_idxs
25,25.0404224,121.57880775000001,10,1,46-43
26,25.058839919238295,121.54161261303548,10,3,47-50
27,25.052562216708974,121.61339662822996,10,1,42
28,25.179299929008494,121.44336804043631,10,1,44
29,25.0388586668452,121.54655889613645,10,2,50-47
30,25.172452701888393,121.43865129702698,10,2,44
31,24.956893637702,121.53781332073498,10,5,45
32,25.041248575405614,121.56897439687894,10,5,43-46
33,25.022645116941543,121.52906958353738,10,3,50
34,25.125791800000002,121.50786620000001,10,1,48-49
35,25.13007027322894,121.50051862413618,10,2,49-48
36,25.054070690480717,121.61536637387692,10,3,42
37,25.00070024112538,121.55402379672695,10,2,51
38,25.17295950041022,121.43578248308737,10,3,44
39,25.045160886394925,121.61694212871826,10,4,42
40,25.142628660209574,121.50677267142355,10,4,49-48
lockers
node_idx,x,y,service_time,capacity,cost_per_unit_good
41,24.9595637,121.4197544,10,30
42,25.0553158,121.617896,10,70
43,25.0328676,121.5697576,10,30
44,25.1678849,121.4456164,10,120
45,24.9579858,121.5375799,10,30
46,25.0500706,121.5774743,10,50
47,25.0511545,121.5327105,10,25
48,25.1174438,121.5129738,10,51
49,25.1359017,121.5058044,10,52
50,25.0337329,121.5366656,10,24
51,25.0001142,121.5531747,10,38
mrt lines
start_node_idx,end_node_idx,freight_capacity,cost_per_unit_good
41,42,100,65
42,41,100,65
distance matrix
,0,1,2,3,4,5,6,7,8,9,10,11,12,13,14,15,16,17,18,19,20,21,22,23,24,25,26,27,28,29,30,31,32,33,34,35,36,37,38,39,40,41,42,43,44,45,46,47,48,49,50,51,
0,0.0,3.4871999999999996,4.6113,5.046399999999999,2.526,3.3470999999999997,3.5258000000000003,6.1533999999999995,3.2994,10.1063,8.5455,15.439200000000001,8.274299999999998,16.2333,9.5446,14.088799999999999,8.6761,8.497200000000001,2.5052,7.0201,3.7062,1.3777000000000001,13.129100000000001,8.2726,15.0223,7.277,3.6071999999999997,11.153799999999999,20.278299999999998,4.9418999999999995,19.6115,13.7566,6.2893,5.0818,9.783299999999999,10.5285,12.639700000000001,8.594299999999999,19.953,13.7058,12.398200000000001,15.679200000000002,12.9342,8.5804,18.927,13.6347,7.3099,2.3024,8.4156,11.9361,3.9453,8.528
1,3.3248,0.0,7.2184,4.3902,6.1124,7.903,3.4636,8.1182,7.855300000000001,12.138200000000001,7.3066,20.484,5.0417,21.278200000000002,10.4925,14.864600000000001,9.624,5.777100000000001,2.1574,4.3,2.9774000000000003,3.9833000000000003,13.9049,5.5525,20.0671,4.5569,1.8556,8.4337,22.5623,2.2206,21.895599999999998,14.532399999999999,3.5692,5.1928,12.2011,12.742299999999998,8.7435,7.6606000000000005,22.237,9.7913,14.6119,20.7241,9.7029,5.8603000000000005,21.211,14.4104,4.1351,2.1772,10.301,14.149899999999999,3.5412,7.7557
2,4.2175,6.3938999999999995,0.0,9.7128,5.966,3.8613000000000004,3.7898,2.116,3.8136,6.068899999999999,12.6292,18.643099999999997,11.2243,19.4373,6.1805,17.5288,5.0889,11.9372,5.7078999999999995,10.4601,7.146199999999999,3.2746999999999997,16.5691,11.8315,18.226200000000002,10.717,5.8359,13.5756,16.2409,8.3819,15.574200000000001,17.1966,9.729299999999999,8.521799999999999,6.4862,6.4912,13.133799999999999,12.9832,15.9156,14.1999,8.3608,18.883200000000002,13.5029,12.0204,14.8896,17.0747,12.4603,5.2091,5.1185,7.8988000000000005,7.3853,13.078299999999999
3,5.0518,4.2263,9.8553,0.0,4.276800000000001,9.1783,6.1005,10.7551,9.130600000000001,14.841299999999999,4.0859000000000005,16.5075,7.788399999999999,17.3017,13.2767,10.8881,12.4082,5.0066999999999995,4.796399999999999,6.1693999999999996,2.423,6.6223,9.9284,4.603899999999999,16.090600000000002,6.3182,5.1676,10.303,25.265400000000003,3.6456999999999997,24.598599999999998,10.5559,5.4385,0.7148,14.9041,15.4453,10.6128,4.44,24.94,11.6606,17.3149,16.7476,12.4484,5.8343,23.914099999999998,10.4339,6.825,4.8149,13.0852,16.8529,2.037,4.535100000000001
4,2.8745,5.581600000000001,6.111800000000001,4.1525,0.0,5.854,5.7855,7.653899999999999,5.8063,11.6068,7.5241999999999996,13.145700000000001,10.3164,13.9399,12.146600000000001,12.232899999999999,11.2781,7.722,4.9632,8.638,4.5104,3.9032,11.273200000000001,7.3191999999999995,12.7288,8.8949,6.2667,12.771700000000001,21.7788,6.5598,21.112,11.9007,7.9072,3.2825,12.3665,12.029,13.0815,7.2666,21.4535,14.1292,13.898700000000002,13.3857,14.976299999999998,8.5293,20.4275,11.778799999999999,9.447,4.7493,10.998899999999999,13.4366,4.1244,7.2003
5,3.6674,5.8438,4.0641,8.9741,5.7435,0.0,3.9324,6.1181,0.44210000000000005,9.9034,14.278799999999999,17.577599999999997,12.873899999999999,18.3718,9.6605,18.0165,8.569,12.4249,4.478800000000001,10.947799999999999,7.6339,2.7215,17.0568,12.200299999999999,17.160700000000002,11.2047,4.9058,15.225200000000001,17.0266,8.8696,16.3598,17.6843,10.217,9.0095,9.966299999999999,10.5074,14.7834,12.522,16.7012,15.8495,12.3771,17.8176,15.1525,12.5081,15.6753,17.5624,11.777700000000001,4.659,8.598600000000001,11.9151,7.873,12.4557
6,3.1321999999999997,3.0004,4.736,5.9105,5.5962,3.4642,0.0,5.635800000000001,3.4165,8.821200000000001,8.8269,22.0044,6.5305,22.7985,7.1755,16.384900000000002,6.307,8.725299999999999,1.4188,7.2482,4.4977,1.8225,15.4252,8.0292,21.5875,7.5051000000000005,1.8349000000000002,11.2209,19.2453,5.17,18.578599999999998,16.0527,6.517399999999999,6.713100000000001,8.8841,9.4252,10.779,9.1809,18.92,11.8451,11.2949,22.244400000000002,11.148100000000001,8.8085,17.894,15.9308,6.3544,1.8234000000000001,6.984,10.8329,4.1695,9.276
7,5.6405,7.597300000000001,1.7227999999999999,10.517700000000001,7.3891,5.1162,5.5281,0.0,5.4883999999999995,5.1721,13.4341,23.7142,12.029200000000001,24.5084,6.1241,20.992099999999997,5.0326,13.3325,6.5128,11.8554,9.104899999999999,4.6978,20.032400000000003,12.6364,23.2973,12.1123,6.6408000000000005,14.3805,15.344100000000001,9.7772,14.677299999999999,20.6599,11.124600000000001,11.3203,5.9674,5.5943000000000005,13.9387,13.788200000000002,15.0187,15.0048,7.464,23.9543,14.307799999999999,13.415700000000001,13.992799999999999,20.538,13.2652,6.9118,5.0622,7.0019,8.808399999999999,13.8832
8,3.6572,5.833699999999999,4.4738999999999995,8.964,5.7334,0.4797,3.9223000000000003,6.5279,0.0,10.3132,11.8877,17.5675,13.283700000000001,18.3617,10.0703,18.006400000000003,8.9787,12.4148,4.4687,10.937700000000001,7.6238,2.7114000000000003,17.0467,12.1902,17.150599999999997,11.194600000000001,4.8957,15.635,17.436400000000003,8.8595,16.769599999999997,17.6742,10.2069,8.9994,10.376100000000001,10.917200000000001,15.193200000000001,12.511899999999999,17.111,16.2593,12.7869,17.8075,15.562299999999999,12.498,16.0851,17.5523,11.7675,4.648899999999999,9.0084,12.3248,7.8629,12.4456
9,10.218200000000001,11.8632,6.483,14.6767,11.5606,9.495,9.0265,5.0619,9.8672,0.0,17.5931,27.5236,13.9824,28.3178,3.0665999999999998,25.1511,2.9499,17.4915,10.2943,16.0144,12.465399999999999,9.2754,24.1914,16.7954,27.1067,16.2713,10.7947,18.7593,11.950299999999999,13.936200000000001,11.2835,24.818900000000003,15.2835,15.479299999999999,0.7953,0.6844,18.3175,17.9471,11.625,19.383599999999998,2.3636,27.7636,18.6866,17.5747,10.599,24.697,15.2585,10.6784,1.9581,1.4685,12.7045,18.0422
10,8.8575,7.0092,12.6383,4.0915,8.0825,11.9613,8.8834,13.5381,11.9136,17.624200000000002,0.0,17.6517,8.4822,18.4459,16.0596,6.9559,15.1912,5.127800000000001,7.5794,6.8631,5.778,9.405299999999999,8.9748,4.725,17.2348,7.0119,7.9505,10.996799999999999,28.048299999999998,5.0962,27.3816,6.2778,6.1322,4.4285,17.687099999999997,18.2283,11.3065,0.5923999999999999,27.723,13.773200000000001,20.097900000000003,17.8917,13.142100000000001,6.528,26.697,6.1558,7.5187,7.597899999999999,15.8682,19.635900000000003,5.392,0.6875
11,15.7953,21.3345,19.0703,17.6884,13.621799999999999,17.011400000000002,19.4902,20.6124,16.9636,24.5652,18.7871,0.0,24.001099999999997,0.843,25.0192,17.291900000000002,23.9277,20.729400000000002,17.8839,21.892,17.431099999999997,17.3253,16.3322,20.3266,1.2277,22.0408,22.2758,32.2556,28.8914,20.118,28.224700000000002,16.9597,21.1612,16.7957,25.325,24.9875,32.005900000000004,18.4121,28.5661,30.6049,26.8571,0.2889,32.214,21.557,27.5401,16.837799999999998,22.5477,17.67,23.9573,26.3951,17.0452,18.2863
12,8.4756,5.0537,11.546100000000001,7.6389,10.1692,12.3141,6.634600000000001,12.4459,12.266399999999999,13.523,8.4963,22.298099999999998,0.0,23.092299999999998,11.8772,15.3132,11.008799999999999,5.6636999999999995,5.8915,2.9932,6.9058,7.7174,14.3535,5.439100000000001,21.8812,2.7924,5.5484,4.4671,23.9471,5.3325,23.2803,14.981,3.5284,7.9758000000000004,13.585799999999999,14.127,5.2346,8.8504,23.6217,6.3007,15.9966,22.5381,5.529100000000001,4.0958000000000006,22.5958,14.8591,1.6387,6.2595,11.685799999999999,15.534600000000001,7.469600000000001,8.9455
13,16.475099999999998,22.432299999999998,19.7501,18.7862,14.3016,17.691200000000002,20.17,21.2922,17.6435,25.245,19.884900000000002,1.5274,24.6809,0.0,25.699,18.3897,24.6075,21.8272,18.5637,22.9898,18.111,18.0051,17.43,21.424400000000002,2.3255,23.1386,23.3736,33.3535,29.9893,21.215799999999998,29.3225,18.0575,22.259,17.8935,26.0048,25.6673,33.103699999999996,19.509900000000002,29.6639,31.7027,27.536900000000003,1.7674,33.311800000000005,22.654799999999998,28.638,17.935599999999997,23.7165,18.3498,24.6371,27.074900000000003,17.725,19.3841
14,9.36,10.190700000000001,6.1025,13.0042,11.8241,9.2549,7.354,6.2201,9.6271,3.1295,15.9206,28.0314,12.309899999999999,28.825599999999998,0.0,23.4785,1.1377000000000002,15.819,8.6217,14.341899999999999,10.7929,8.212,22.518900000000002,15.1229,27.6145,14.598700000000001,9.122200000000001,17.5687,14.3336,12.2637,13.6669,23.1464,13.611,13.806799999999999,3.0879000000000003,3.5242,17.126900000000003,16.2746,14.008299999999998,18.193,6.2015,28.2715,17.496,15.9022,12.982299999999999,23.0244,13.586,9.0059,1.3415,4.815600000000001,11.032,16.3697
15,13.862200000000001,14.5688,20.1978,10.922799999999999,12.6554,17.8083,16.443,21.0977,17.7606,25.183799999999998,6.985,15.929200000000002,15.3747,16.7234,23.6192,0.0,22.750700000000002,12.593,15.1389,13.755600000000001,12.8222,14.8932,4.5183,12.1902,15.5123,13.904399999999999,15.5101,17.8893,34.4171,11.9816,33.7504,1.8288,13.024799999999999,10.03,25.2467,25.7878,18.004099999999998,6.9766,34.091800000000006,16.603099999999998,27.6575,16.1692,18.2122,13.4206,33.0658,1.7069,14.411200000000001,15.157399999999999,23.427799999999998,27.1955,12.436200000000001,6.4841999999999995
16,8.572799999999999,9.4035,4.8339,12.217,11.0369,7.9863,6.5668,4.9515,8.944600000000001,2.9423000000000004,15.1334,26.7628,11.5227,27.557,1.1377000000000002,22.6913,0.0,15.0317,7.8345,13.5547,10.005700000000001,7.4248,21.7316,14.335700000000001,26.3459,13.8115,8.3349,16.7815,13.793,11.4765,13.1262,22.3592,12.823799999999999,13.0196,2.9006,3.3369,16.3397,15.4874,13.467600000000001,17.4058,5.8425,27.0028,16.7088,15.1149,12.4417,22.2372,12.7988,8.2187,1.02,4.6283,10.2448,15.5825
17,8.2042,5.701,12.447700000000001,5.0375,8.1066,12.7828,8.6929,13.3476,12.735100000000001,17.4337,5.4033999999999995,19.725900000000003,5.673100000000001,20.5201,15.8691,12.741,15.0006,0.0,7.3888,3.1155999999999997,5.9593,9.2352,11.7813,0.397,19.309,3.06,6.964,7.014,27.8578,4.3415,27.191,12.4088,2.3846999999999996,5.3745,17.496599999999997,18.0377,7.3238,5.7574,27.5325,8.3715,19.907400000000003,19.966,8.4484,2.5761,26.5065,12.2869,4.066,7.437600000000001,15.677700000000002,19.4453,5.6593,5.8525
18,2.2327,1.8727,5.905399999999999,4.9625,4.507899999999999,4.3883,1.3105,6.8053,4.3406,10.1324,7.8789,17.421,6.1333,18.2152,8.4867,15.4368,7.6182,7.7772,0.0,6.3002,2.7986999999999997,1.7202,14.4771,7.0812,17.004099999999998,6.557,1.768,9.014899999999999,20.5565,4.0766,19.8898,15.1046,5.5693,5.7651,10.1953,10.7365,11.9315,8.232899999999999,20.2312,12.9976,12.6061,17.661,12.300600000000001,7.860399999999999,19.2052,14.982700000000001,5.2266,0.6879,8.2953,12.1441,3.0378000000000003,8.328
19,6.6819,4.331300000000001,10.982299999999999,6.2062,8.4508,11.268,7.2275,11.882100000000001,11.2203,15.9683,7.0636,20.8654,3.0363,21.659599999999998,14.4037,13.8805,13.535200000000001,3.1187,5.9234,0.0,5.143800000000001,7.712899999999999,12.9208,2.8941,20.4485,0.5004,5.5942,4.3772,26.392400000000002,3.5705999999999998,25.7256,13.5483,0.7501,6.5432,16.031100000000002,16.5723,4.687,7.4177,26.067,5.7348,18.4419,21.1055,5.8117,1.8037999999999998,25.0411,13.4264,1.4293,5.9153,14.212200000000001,17.9799,5.7076,7.5128
20,3.4776,2.1383,7.767399999999999,2.1692,4.3194,7.6156999999999995,4.0125,8.667200000000001,7.568,12.7533,5.1503000000000005,18.334400000000002,6.6894,19.1286,11.1887,12.517700000000001,10.3203,4.7365,2.7085,4.6818,0.0,4.5344,11.558,4.333699999999999,17.9175,4.9386,3.0796,8.8154,23.177400000000002,1.9667999999999999,22.5107,12.1855,3.9509000000000003,2.5061999999999998,12.8162,13.357299999999999,9.125200000000001,5.5043999999999995,22.8521,10.173,15.227,18.5745,11.3494,4.763,21.8261,12.0635,5.726,2.711,10.9973,14.765,1.7350999999999999,5.5995
21,1.3840999999999999,3.5605,3.3955,5.906,3.835,2.7608,2.3803,5.376600000000001,2.7131,9.3294,9.303600000000001,16.9795,7.8211,17.7737,8.399,14.860299999999999,7.5305,9.245299999999999,1.8893,7.7682,4.4543,0.0,13.9006,9.0206,16.5626,8.025,2.527,13.1608,19.5015,5.69,18.8347,14.5281,7.0373,5.8533,9.1965,9.751700000000001,12.7189,9.3659,19.176099999999998,13.785,11.6213,17.2195,13.088,9.3285,18.1502,14.4062,6.9145,2.3756999999999997,8.207600000000001,11.1593,4.8098,9.2995
22,13.094700000000001,13.8013,19.430400000000002,10.155299999999999,11.8879,17.0408,15.6755,20.3302,16.9931,24.4163,6.3922,15.532,14.6072,16.3262,22.8517,1.4201,21.9833,11.8255,14.3715,12.988100000000001,9.915700000000001,14.1257,0.0,11.4227,15.1151,13.136899999999999,14.7426,17.661099999999998,34.02,11.2141,33.353199999999994,0.6275,12.257299999999999,9.2625,24.479200000000002,25.020400000000002,17.4113,6.3838,33.6946,16.0103,26.89,15.7721,17.6195,12.6531,32.6687,0.5056,13.643799999999999,14.39,22.6603,26.428,9.5297,5.8914
23,7.9796000000000005,5.4764,12.2231,4.5457,7.6147,12.558200000000001,8.4683,13.1229,12.5105,17.2091,4.9115,19.234099999999998,5.4485,20.028299999999998,15.6445,12.2492,14.776,0.397,7.1642,2.8909000000000002,5.7347,9.0106,11.2895,0.0,18.8172,2.8354,6.7393,6.7893,27.633200000000002,4.116899999999999,26.9664,11.917,2.1601,4.8826,17.271900000000002,17.8131,7.0991,5.2656,27.3078,8.1469,19.6827,19.4741,8.223799999999999,2.3515,26.2819,11.7951,3.8414,7.213,15.453,19.2207,5.1675,5.3607
24,14.8909,20.4301,18.1659,16.7841,12.7174,16.107,18.585900000000002,19.708,16.0593,23.6609,17.8828,1.1153,23.096700000000002,1.9094,24.114900000000002,16.3875,23.0233,19.825,16.979599999999998,20.9877,16.526799999999998,16.421,15.4278,19.4222,0.0,21.1365,21.3714,31.3513,27.987099999999998,19.2137,27.3203,16.0553,20.2568,15.8913,24.4207,24.083099999999998,31.1015,17.5077,27.6618,29.7005,25.9528,1.3553,31.3096,20.6526,26.6358,15.933399999999999,21.6433,16.765700000000002,23.053,25.4908,16.1408,17.3819
25,7.194,4.8434,11.494399999999999,6.2105,8.9629,11.780100000000001,7.7395,12.394200000000001,11.7324,16.4803,7.0679,20.8697,2.7024,21.6639,14.915700000000001,13.884799999999998,14.0473,3.1041,6.4355,0.727,5.6559,8.225,12.9251,2.8794,20.4528,0.0,6.1063,4.0433,26.904400000000003,4.0826,26.2377,13.5526,1.2622,6.5474,16.543200000000002,17.084400000000002,4.3531,7.422,26.579099999999997,5.4009,18.954,21.1097,5.4778,1.5360999999999998,25.553099999999997,13.4307,1.4101,6.4274,14.7243,18.492,6.2197,7.5171
26,3.6449000000000003,1.4230999999999998,6.0681,5.1283,6.108899999999999,5.1512,2.0733,6.967899999999999,5.1035,10.8952,8.0446,21.222099999999998,5.6837,22.016299999999998,9.2495,15.6026,8.381,7.182300000000001,1.6493,5.7052,3.7154000000000003,2.4968000000000004,14.6429,6.9577,20.8052,5.9621,0.0,8.565299999999999,21.3194,3.627,20.6526,15.2704,4.9743,5.9308000000000005,10.9581,11.4993,12.0942,8.398700000000002,20.994,13.1603,13.3689,21.4621,10.344899999999999,7.2655,19.9681,15.1485,4.777100000000001,2.0483000000000002,9.0581,12.9069,4.2793,8.493799999999998
27,11.234200000000001,8.8836,13.3785,10.5442,13.0031,15.4078,12.242700000000001,14.2783,15.78,18.3644,11.4016,31.031200000000002,4.875,31.825400000000002,18.1215,17.6663,17.03,7.4378,9.3044,4.7673000000000005,9.6961,11.1303,17.2588,7.213100000000001,30.6143,4.5664,8.9613,0.0,28.7885,8.1229,28.1218,16.9881,5.3024,10.8811,18.4273,18.9685,0.3098,11.755700000000001,28.4632,1.3576,20.838099999999997,31.2713,1.4344000000000001,5.869800000000001,27.4372,16.8662,4.3431999999999995,10.467600000000001,17.0596,20.376099999999997,10.26,11.8508
28,20.3869,22.263900000000003,16.6517,25.0774,21.7293,17.1023,19.4272,15.2307,17.4745,12.0594,27.9938,28.8021,24.3831,29.5963,14.3551,35.4378,13.932799999999999,27.8922,20.6949,26.4151,22.8661,19.4441,34.4781,27.196099999999998,28.3852,26.6719,21.195400000000003,29.16,0.0,24.3369,1.2499,35.105599999999995,25.6842,25.88,12.4323,12.492700000000001,28.7181,28.3478,1.5914000000000001,29.784299999999998,12.9831,29.042099999999998,29.0872,27.9754,1.802,34.983599999999996,25.659200000000002,21.079099999999997,12.8743,12.5211,23.1052,28.4429
29,4.162100000000001,1.8891,8.5169,3.6534,5.129899999999999,8.3003,4.7621,9.416799999999999,8.252600000000001,13.5029,4.9606,18.7664,6.512899999999999,19.560599999999997,11.9383,11.7815,11.069799999999999,3.9996,3.458,3.7201,1.9885,5.284,10.8218,3.5968,18.3495,3.977,3.8291999999999997,7.853800000000001,23.927,0.0,23.2602,11.4493,2.9893,3.9903000000000004,13.5658,14.1069,8.1635,5.3146,23.601599999999998,9.2113,15.976600000000001,19.0065,9.288200000000002,4.026,22.5757,11.327399999999999,4.529100000000001,3.3955,11.7469,15.5145,2.5523000000000002,5.4097
30,19.6417,21.5187,15.9065,24.3322,20.984099999999998,16.3571,18.682,14.4855,16.7293,11.314200000000001,27.2486,28.056900000000002,23.637900000000002,28.851,13.6099,34.6925,13.1876,27.146900000000002,19.9497,25.669900000000002,22.120900000000002,18.698900000000002,33.7329,26.4509,27.64,25.9267,20.4501,28.4148,1.1914,23.5917,0.0,34.3604,24.939,25.1348,11.687100000000001,11.7475,27.972900000000003,27.6026,0.5844,29.039,12.2379,28.2969,28.342,27.2302,1.0568,34.2384,24.914,20.3339,12.129100000000001,11.7759,22.36,27.6977
31,13.588299999999998,11.9789,17.6079,8.319799999999999,12.3815,17.5344,13.853,18.5077,17.4867,22.593799999999998,6.2796,16.0256,15.1008,16.8198,21.0292,1.9137,20.1608,12.3191,12.549,13.4817,9.8031,14.619299999999999,4.2444,11.9163,15.6087,13.6305,12.9201,17.1327,34.5136,11.7077,33.8468,0.0,12.7509,9.7561,22.6567,23.1979,16.882900000000003,6.271199999999999,34.188199999999995,15.4819,25.0675,16.265700000000002,17.091,13.146700000000001,33.1623,0.1787,14.1373,12.5675,20.837799999999998,24.6055,9.4171,5.7788
32,5.9318,3.5812,10.2322,5.4561,7.700699999999999,10.5179,6.477399999999999,11.132,10.4702,15.218200000000001,6.3135,20.115299999999998,3.6843000000000004,20.9095,13.6536,13.1304,12.7851,2.3686,5.1733,0.8915,4.3937,6.9628000000000005,12.1707,2.144,19.698400000000003,1.1484,4.8441,5.0252,25.6423,2.8205,24.9755,12.798200000000001,0.0,5.793100000000001,15.281,15.8222,5.335,6.6676,25.3169,6.3828000000000005,17.6918,20.355400000000003,6.4596,2.4518,24.291,12.6763,2.0772,5.1652,13.4621,17.2298,4.9575,6.7627
33,4.3049,4.4814,10.1104,0.7787999999999999,3.5299,8.429200000000002,6.355600000000001,10.2291,8.3815,15.0964,4.3411,15.6372,8.0436,16.4314,13.531799999999999,10.017700000000001,12.6633,5.2619,5.0515,6.4245,2.8346999999999998,5.3359,9.058,4.859100000000001,15.2203,6.573300000000001,5.4227,10.558200000000001,24.354,4.0575,23.6872,9.6855,5.6937,0.0,15.1593,14.6042,10.867899999999999,4.6896,24.028599999999997,11.915700000000001,16.4739,15.8772,12.7035,6.0893999999999995,23.0027,9.563600000000001,7.080100000000001,3.8475,13.340399999999999,16.0118,2.4488000000000003,4.6232
34,10.1485,11.9924,6.4717,14.8059,11.8971,9.6242,9.155700000000001,6.001600000000001,9.9964,0.7953,17.7223,28.4633,14.111600000000001,29.2574,3.1958,25.2802,3.0791,17.6207,10.423399999999999,16.1436,12.5946,10.0137,24.3206,16.924599999999998,28.046400000000002,16.4004,10.9239,18.8885,12.484,14.0654,11.817200000000001,24.9481,15.412700000000001,15.6085,0.0,1.2016,18.4466,18.0763,12.1586,19.512700000000002,2.6301,28.7033,18.8157,17.7039,11.132700000000002,24.8261,15.3877,10.8076,2.0873000000000004,1.7350999999999999,12.8337,18.171400000000002
35,10.640799999999999,12.2579,6.9056999999999995,15.071399999999999,11.9833,9.889700000000001,9.4212,5.4846,10.237,0.6844,17.9878,27.9462,14.3771,28.7404,3.4613,25.5457,3.3446,17.8861,10.6889,16.4091,12.860100000000001,9.6981,24.586,17.190099999999997,27.5293,16.6659,11.1893,19.154,12.373,14.3309,11.7062,25.2135,15.6782,15.874,1.2016,0.0,18.7121,18.3418,12.047600000000001,19.778200000000002,1.9036,28.1863,19.0812,17.9693,11.021700000000001,25.0916,15.6531,11.0731,2.3528000000000002,1.0085,13.099200000000002,18.4369
36,11.135299999999999,8.784600000000001,13.0852,10.445200000000002,12.904200000000001,15.1145,11.949399999999999,13.985,15.4867,18.071099999999998,11.3026,31.0457,4.776,31.8399,17.828200000000002,17.6807,16.7367,7.3388,9.2054,4.6683,9.5972,11.0313,17.1598,7.114199999999999,30.6288,4.4674,8.8623,0.4606,28.4952,8.0239,27.8285,17.0025,5.203399999999999,10.782200000000001,18.134,18.6752,0.0,11.6567,28.169900000000002,1.372,20.5448,31.285700000000002,1.1411,5.770899999999999,27.143900000000002,16.880599999999998,4.2442,10.3686,16.766299999999998,20.0828,10.161,11.7518
37,8.4487,7.2936000000000005,12.922600000000001,4.3759,7.6738,12.2456,9.1677,13.8224,12.197899999999999,17.9085,0.5364,17.2118,8.7665,18.006,16.343899999999998,6.516100000000001,15.4755,5.412100000000001,7.8637,7.147399999999999,6.0623000000000005,9.6896,8.535,5.0093000000000005,16.794900000000002,7.2962,8.2348,11.2811,28.3326,5.3805,27.6659,5.837899999999999,6.416600000000001,4.6166,17.971400000000003,18.5126,11.5909,0.0,28.0073,11.7795,20.3822,17.451900000000002,13.4264,6.812399999999999,26.9813,5.716,7.803100000000001,7.8822,16.1525,19.9202,5.6763,0.24769999999999998
38,20.0701,21.9471,16.3349,24.7606,21.4125,16.7855,19.1103,14.913799999999998,17.157700000000002,11.7426,27.6769,28.4852,24.066200000000002,29.279400000000003,14.0383,35.1209,13.616,27.5753,20.3781,26.098200000000002,22.5493,19.127299999999998,34.161199999999994,26.8793,28.0683,26.3551,20.8785,28.8432,1.6198,24.0201,0.5981000000000001,34.7887,25.3674,25.563200000000002,12.1155,12.1759,28.4013,28.031,0.0,29.4674,12.6663,28.7253,28.770400000000002,27.6585,1.4852,34.6668,25.342299999999998,20.7623,12.5574,12.2043,22.788400000000003,28.126099999999997
39,12.211,9.8604,14.1362,11.521,13.979899999999999,16.1655,13.000399999999999,15.036,16.5377,19.1222,12.3784,30.9255,5.8518,31.7197,18.8793,17.560599999999997,17.7877,8.4146,10.2812,5.744,10.6729,12.1071,19.8936,8.1899,30.508599999999998,5.5432,9.938,1.5364,29.5463,9.0997,28.8795,16.8824,6.2791999999999994,11.857899999999999,19.185,19.726200000000002,1.2866,12.7325,29.2209,0.0,21.5958,31.165599999999998,1.6923,6.8466000000000005,28.195,16.7605,5.32,11.4444,17.817400000000003,21.1338,11.2367,12.8275
40,12.5319,14.3644,8.7968,17.178,13.8744,11.9962,11.527700000000001,7.3757,12.1281,2.3836999999999997,20.0943,29.8373,16.4836,30.6315,6.1928,27.6523,6.033399999999999,19.9927,12.7955,18.5156,14.9666,11.5892,26.6926,19.296599999999998,29.4204,18.7725,13.2959,21.2605,14.264100000000001,16.4374,13.597299999999999,27.3201,17.7848,17.9805,2.6903,1.9238,20.8187,20.448400000000003,13.9387,21.8848,0.0,30.0774,21.1878,20.0759,12.912799999999999,27.1982,17.759700000000002,13.1797,4.2766,1.2447000000000001,15.2057,20.543400000000002
41,15.8095,21.3487,19.0845,17.7027,13.636,17.025599999999997,19.5044,20.6266,16.9779,24.5795,18.801299999999998,0.4667,24.0153,1.2609000000000001,25.0334,17.306099999999997,23.9419,20.743599999999997,17.8981,21.906200000000002,17.445400000000003,17.339599999999997,16.3464,20.340799999999998,1.242,22.055,22.29,32.2699,28.9057,20.1323,28.2389,16.9739,21.1754,16.809900000000003,25.3392,25.0017,32.0201,18.426299999999998,28.580299999999998,30.6191,26.8714,0.0,32.2282,21.5712,27.5544,16.852,22.5619,17.6842,23.9715,26.409299999999998,17.0594,18.3005
42,11.476600000000001,9.1259,12.9616,10.7865,13.2455,14.991,11.825899999999999,13.8615,15.3632,17.947599999999998,11.644,31.0998,5.1173,31.894,17.7047,17.734900000000003,16.6132,7.6801,9.546700000000001,5.009600000000001,9.9385,14.739799999999999,20.0679,7.4555,30.6829,4.8088,9.2036,0.8019,28.3717,8.365200000000002,27.704900000000002,17.0567,5.5448,11.1235,18.0105,18.551599999999997,0.36010000000000003,11.998,28.046400000000002,1.4262000000000001,20.4213,31.3399,0.0,6.1122,27.020400000000002,16.9348,4.5855,10.71,16.642799999999998,19.9592,10.5023,12.0931
43,6.9394,4.4361999999999995,11.183,4.674300000000001,7.7618,11.518,7.428100000000001,12.082799999999999,11.4703,16.1689,5.5318000000000005,19.3335,4.4645,20.1277,14.604299999999999,12.348600000000001,13.735899999999999,1.5679,6.1241,1.8508,4.6946,7.9704,11.3889,1.3433,18.9166,1.8513,5.699199999999999,5.8053,26.593,3.0766999999999998,25.926299999999998,12.016399999999999,1.1199000000000001,5.0113,16.2318,16.7729,6.1151,5.885800000000001,26.2677,7.1629,18.642599999999998,19.5736,7.2398,0.0,25.2417,11.8945,2.8574,6.1728000000000005,14.4129,18.1806,5.2584,5.980899999999999
44,18.7422,20.6192,15.007,23.4327,20.0846,15.457600000000001,17.782400000000003,13.585899999999999,15.829799999999999,10.4147,26.349,27.1573,22.7383,27.9515,12.7104,33.793,12.2881,26.247400000000003,19.0502,24.7703,21.221400000000003,17.799400000000002,32.8333,25.5514,26.7404,25.0272,19.5506,27.5153,2.1549,22.6922,1.4882,33.460800000000006,24.0395,24.2353,10.787600000000001,10.848,27.073400000000003,26.7031,1.8296,28.1395,11.3384,27.3974,27.4425,26.330599999999997,0.0,33.3389,24.014400000000002,19.4344,11.2295,10.8764,21.4605,26.7982
45,13.472299999999999,11.8629,17.4919,8.2038,12.2655,17.4185,13.7371,18.3917,17.3708,22.4779,6.1636999999999995,15.9097,14.9848,16.703799999999998,20.9133,1.7978,20.0448,12.203100000000001,12.433,13.3657,9.687100000000001,14.5033,4.1285,11.8003,15.492700000000001,13.5145,12.804200000000002,17.432599999999997,34.3976,11.5918,33.7308,0.1943,12.6349,9.6402,22.5407,23.0819,17.1828,6.1553,34.072300000000006,15.781799999999999,24.9515,16.1497,17.390900000000002,13.030700000000001,33.0463,0.0,14.0214,12.4515,20.721799999999998,24.4895,9.3011,5.6629
46,7.2184,4.123399999999999,10.0223,6.5403,8.912,11.056799999999999,6.267399999999999,10.9221,11.0091,14.844299999999999,7.3978,21.1995,1.9706,21.9937,13.1986,14.2146,12.330200000000001,4.346100000000001,4.9612,1.6756,5.8072,6.787100000000001,13.2549,4.1215,20.7826,1.4747999999999999,4.6181,4.2292,25.2685,4.233899999999999,24.6017,13.8824,2.2106999999999997,6.8773,14.907200000000001,15.4484,4.539,7.7518,24.943099999999998,5.5868,17.318,21.4396,5.321899999999999,2.7782,23.9172,13.7605,0.0,5.3292,13.007200000000001,16.856,6.371,7.8469
47,2.2894,1.7949000000000002,6.238300000000001,3.4532,5.0184,7.0442,1.9768,7.1381000000000006,6.9965,11.102799999999998,7.432,17.9315,6.0554,18.7257,9.457,14.9899,8.5886,6.9651000000000005,0.6634,5.488,2.113,2.4907,14.0302,6.3277,17.514599999999998,5.7448999999999995,2.1009,9.6217,21.5269,3.4099,20.8601,14.6577,4.7572,3.7901,11.165700000000001,11.7068,10.9443,7.786,21.2016,12.010399999999999,13.5765,18.1715,11.2388,7.0483,20.1756,14.5358,5.6145,0.0,9.265600000000001,13.1144,2.3521,7.8811
48,9.1509,9.9816,5.046399999999999,12.7951,10.4717,8.198799999999999,7.1448,5.164,8.571,2.0906,15.7114,26.9753,12.100700000000002,27.7695,1.5624,23.2694,1.0635,15.6098,8.412600000000001,14.132700000000002,10.5838,8.0029,22.3097,14.913799999999998,26.558400000000002,14.3896,8.913,17.463099999999997,12.963799999999999,12.0546,12.297,22.9372,13.4019,13.597700000000001,2.049,2.4853,17.0213,16.0655,12.638399999999999,18.087400000000002,4.6718,27.2153,17.390400000000003,15.693,11.6125,22.8153,13.3768,8.7968,0.0,3.7767,10.822899999999999,16.1606
49,12.0571,13.8896,8.3219,16.7031,13.3995,11.5213,11.0528,6.9008,11.6532,1.4685,19.619400000000002,29.3624,16.0087,30.156599999999997,4.4698,27.177400000000002,4.3531,19.517799999999998,12.3206,18.0407,14.491700000000002,11.1143,26.2177,18.8218,28.9455,18.2976,12.821,20.7856,13.789200000000001,15.9626,13.122399999999999,26.845200000000002,17.309900000000003,17.505599999999998,1.775,1.0085,20.343799999999998,19.9735,13.463799999999999,21.4099,1.2245,29.6025,20.7129,19.601,12.437899999999999,26.7233,17.2848,12.704799999999999,3.3613000000000004,0.0,14.7309,20.0686
50,3.8055,2.458,8.087,2.0894,4.6473,7.41,4.332199999999999,8.986799999999999,7.3623,13.073,5.4991,18.5262,6.331300000000001,19.320400000000003,11.5084,12.3496,10.639899999999999,4.3784,3.0281,4.919899999999999,1.4992,4.854,11.389899999999999,3.9756,18.109299999999998,5.1768,3.3993,9.053600000000001,23.4971,1.6087,22.830299999999998,12.0174,4.189100000000001,2.4264,13.1358,13.677,9.3634,5.8531,23.1717,10.411200000000001,15.5466,18.766299999999998,10.991200000000001,4.4048,22.145799999999998,11.8954,5.3678,3.0465999999999998,11.3169,15.0846,0.0,5.9482
51,8.274,7.456,13.085,4.7498000000000005,7.499,12.398200000000001,9.330200000000001,13.9848,12.3505,18.071,0.6989,17.144599999999997,8.9289,17.9388,16.506400000000003,6.4489,15.6379,5.5746,8.0261,7.3099,6.2248,9.305,8.467799999999999,5.1718,16.727700000000002,7.458699999999999,8.3973,11.4435,28.495099999999997,5.5428999999999995,27.8283,5.7707,6.579,4.4418,18.1339,18.675,11.7533,0.1705,28.169700000000002,11.9419,20.544700000000002,17.384700000000002,13.588899999999999,6.9748,27.1438,5.6488000000000005,7.9655,8.0446,16.314899999999998,20.0826,5.8388,0.0
