set K:= 1	2;
set C_H:= 1	2	3	4	5	6;
set C_S:= 7	8	9	10	11	12;
set C_F:= 13	14	15	16	17	18	19	20;
set M:= 21	22	23	24	25	26;
set L_B:= 27	28	29;
set A1:=
(0,*) 1 2 3 4 5 6 13 14 15 16 17 18 19 20 21 22 23 24 25 26 27 28 29 30
(1,*) 0 2 3 4 5 6 13 14 15 16 17 18 19 20 21 22 23 24 25 26 27 28 29 30
(2,*) 0 1 3 4 5 6 13 14 15 16 17 18 19 20 21 22 23 24 25 26 27 28 29 30
(3,*) 0 1 2 4 5 6 13 14 15 16 17 18 19 20 21 22 23 24 25 26 27 28 29 30
(4,*) 0 1 2 3 5 6 13 14 15 16 17 18 19 20 21 22 23 24 25 26 27 28 29 30
(5,*) 0 1 2 3 4 6 13 14 15 16 17 18 19 20 21 22 23 24 25 26 27 28 29 30
(6,*) 0 1 2 3 4 5 13 14 15 16 17 18 19 20 21 22 23 24 25 26 27 28 29 30
(13,*) 0 1 2 3 4 5 6 14 15 16 17 18 19 20 21 22 23 24 25 26 27 28 29 30
(14,*) 0 1 2 3 4 5 6 13 15 16 17 18 19 20 21 22 23 24 25 26 27 28 29 30
(15,*) 0 1 2 3 4 5 6 13 14 16 17 18 19 20 21 22 23 24 25 26 27 28 29 30
(16,*) 0 1 2 3 4 5 6 13 14 15 17 18 19 20 21 22 23 24 25 26 27 28 29 30
(17,*) 0 1 2 3 4 5 6 13 14 15 16 18 19 20 21 22 23 24 25 26 27 28 29 30
(18,*) 0 1 2 3 4 5 6 13 14 15 16 17 19 20 21 22 23 24 25 26 27 28 29 30
(19,*) 0 1 2 3 4 5 6 13 14 15 16 17 18 20 21 22 23 24 25 26 27 28 29 30
(20,*) 0 1 2 3 4 5 6 13 14 15 16 17 18 19 21 22 23 24 25 26 27 28 29 30
(21,*) 0 1 2 3 4 5 6 13 14 15 16 17 18 19 20 22 23 24 25 26 27 28 29 30
(22,*) 0 1 2 3 4 5 6 13 14 15 16 17 18 19 20 21 23 24 25 26 27 28 29 30
(23,*) 0 1 2 3 4 5 6 13 14 15 16 17 18 19 20 21 22 24 25 26 27 28 29 30
(24,*) 0 1 2 3 4 5 6 13 14 15 16 17 18 19 20 21 22 23 25 26 27 28 29 30
(25,*) 0 1 2 3 4 5 6 13 14 15 16 17 18 19 20 21 22 23 24 26 27 28 29 30
(26,*) 0 1 2 3 4 5 6 13 14 15 16 17 18 19 20 21 22 23 24 25 27 28 29 30
(27,*) 0 1 2 3 4 5 6 13 14 15 16 17 18 19 20 21 22 23 24 25 26 28 29 30
(28,*) 0 1 2 3 4 5 6 13 14 15 16 17 18 19 20 21 22 23 24 25 26 27 29 30
(29,*) 0 1 2 3 4 5 6 13 14 15 16 17 18 19 20 21 22 23 24 25 26 27 28 30
(30,*) 0 1 2 3 4 5 6 13 14 15 16 17 18 19 20 21 22 23 24 25 26 27 28 29
;
set A2:=
;
param BigM:=99999;
param n:= 2;
param d:=
1	2
2	2
3	5
4	1
5	1
6	3
7	2
8	2
9	5
10	2
11	4
12	3
13	5
14	2
15	3
16	1
17	2
18	4
19	3
20	2
;
param Q:=160;
param e:
	21	22	23	24	25	26	27	28	29:=
7		1		0		0		0		0		0		0		0		0	
8		0		0		0		0		0		0		0		1		0	
9		0		0		0		0		0		0		1		0		0	
10		0		0		0		0		0		0		0		0		1	
11		0		1		0		0		0		0		0		0		0	
12		1		0		0		0		0		0		0		0		0	
13		0		0		0		0		0		1		0		0		1	
14		0		0		0		1		0		0		0		0		0	
15		0		0		0		0		1		0		0		0		0	
16		0		0		0		1		0		0		0		0		0	
17		0		1		0		0		0		0		0		0		0	
18		0		0		1		0		0		1		0		0		0	
19		0		0		1		0		0		1		0		0		0	
20		0		0		0		0		1		0		0		0		0	
;
param p:=
1	18
2	18
;
param G:=
21	30
22	70
23	30
24	120
25	30
26	50
27	54
28	44
29	48
;
param s:=
0	0
1	10
2	10
3	10
4	10
5	10
6	10
13	10
14	10
15	10
16	10
17	10
18	10
19	10
20	10
21	10
22	10
23	10
24	10
25	10
26	10
27	10
28	10
29	10
;
param t:
	0	1	2	3	4	5	6	7	8	9	10	11	12	13	14	15	16	17	18	19	20	21	22	23	24	25	26	27	28	29	30:=
0	0.0	5.8101	4.7998	1.3444	3.2839	4.7715	4.552	16.3432	3.3247	8.6081	10.7806	10.8468	15.7051	7.2604	19.8602	10.6271	20.051099999999998	14.0604	7.498	6.4227	10.9022	15.679200000000002	12.9342	8.5804	18.927	13.6347	7.3099	9.0539	1.015	9.9058	0.0
1	5.9695	0.0	3.7043000000000004	6.897399999999999	8.777	9.828899999999999	3.4564	11.0499	9.8876	15.171	17.105900000000002	15.9821	10.411700000000002	13.585700000000001	21.3006	10.5402	21.4915	20.3857	9.9992	11.1356	12.844700000000001	10.3859	19.2595	11.6242	20.3674	12.086799999999998	13.635200000000001	14.8291	6.5679	16.2311	5.9695
2	7.581300000000001	3.8863000000000003	0.0	6.2352	8.991299999999999	8.8467	1.0804	13.618799999999998	8.905299999999999	14.1887	16.1236	16.189799999999998	12.9806	12.603399999999999	23.9354	9.9745	24.1263	19.4034	8.8572	11.9468	10.249600000000001	12.954799999999999	18.2772	10.502600000000001	23.002200000000002	12.2195	12.652899999999999	13.8468	5.9056999999999995	15.2488	7.581300000000001
3	1.6505	7.2098	6.1995	0.0	3.9421	5.4254	5.9516	17.742900000000002	1.853	8.061	8.969100000000001	9.4585	17.1047	5.257899999999999	20.6612	10.7537	20.8521	13.0604	6.7241	5.6488000000000005	11.0289	17.0789	11.9342	7.8065	19.728	13.761299999999999	5.5546999999999995	8.5067	0.7331	8.0943	1.6505
4	3.6313	7.052899999999999	7.981199999999999	4.1787	0.0	4.7593000000000005	7.7334	18.4455	3.6952	8.9786	12.1663	15.7245	17.8074	7.8441	16.9923	14.5187	17.1832	16.5879	11.3896	10.3143	14.7938	17.7815	15.536299999999999	12.472	16.0591	17.5263	11.7416	9.255700000000001	3.8493000000000004	11.2776	3.6313
5	4.528899999999999	9.4833	9.1768	5.0763	4.1096	0.0	8.9289	23.8887	4.8232	5.703399999999999	10.1351	13.693299999999999	23.2505	8.726799999999999	15.592	14.3785	15.783	14.556700000000001	11.3156	10.4553	14.6536	23.224700000000002	13.5051	12.613	14.6588	17.3861	12.4625	5.1668	4.746899999999999	9.2464	4.528899999999999
6	4.4143	3.7154000000000003	0.7407	5.3422	7.7318999999999996	9.4891	0.0	13.9122	7.0761	12.7499	14.3625	14.427	13.2741	11.0931	22.7438	8.9831	22.9347	16.0237	8.1769	9.5804	9.9025	13.2482	16.516099999999998	9.822299999999998	21.810599999999997	11.095	10.986799999999999	14.4893	5.0128	13.4876	4.4143
7	16.166700000000002	10.3004	12.9984	17.0945	18.977	19.6019	14.8928	0.0	19.6605	24.943900000000003	30.9847	26.7752	1.4849	23.4434	29.261599999999998	18.541	29.452599999999997	31.1703	20.701	21.9287	18.385099999999998	1.459	33.0034	22.346400000000003	28.328400000000002	17.627200000000002	23.408099999999997	24.602	16.765099999999997	30.109900000000003	16.166700000000002
8	3.5301	8.722	7.711600000000001	2.671	3.3903000000000003	4.626600000000001	10.116200000000001	19.255	0.0	6.1417	7.8008999999999995	11.4311	18.6169	4.9066	18.742	12.485299999999999	18.9329	12.2945	7.6084	6.7481	12.7605	18.591	11.242899999999999	8.9058	17.8087	16.028100000000002	6.4517	6.5875	2.3045999999999998	6.9123	3.5301
9	8.4136	14.1618	13.151399999999999	8.572799999999999	8.7699	5.2467	12.9036	28.2975	6.504899999999999	0.0	9.995299999999999	16.9294	27.6594	11.1501	13.7644	18.5353	13.9554	17.7928	13.6584	12.7981	18.8104	27.6335	16.7411	14.9558	12.8312	22.078	12.6396	0.7968	7.8851	9.1066	8.4136
10	10.9978	15.9755	14.9651	9.6744	10.6231	12.1823	14.312899999999999	30.9603	8.3464	9.5048	0.0	6.7718	30.3221	4.6753	22.105	15.1361	22.296	8.3103	7.2263	6.7463	15.411299999999999	30.2963	7.2586	7.3911999999999995	21.171799999999998	17.3812	4.9341	9.9506	9.738299999999999	1.1999000000000002	10.9978
11	11.1187	16.1717	15.1614	10.4847	15.9093	13.041799999999999	14.9135	31.8198	12.2245	17.754	7.0778	0.0	31.1816	5.833399999999999	28.254900000000003	15.4281	28.4459	1.5967	6.7999	5.1094	15.703299999999999	31.1558	1.3189000000000002	5.7543	27.3217	16.750700000000002	4.2277	17.2174	10.8267	7.122199999999999	11.1187
12	16.1489	10.2827	14.7274	17.076700000000002	18.9592	19.5841	14.4571	0.6381	19.6427	24.926099999999998	30.5489	26.3395	0.0	23.0076	28.8259	18.1052	29.0168	30.7345	20.2652	21.492900000000002	17.9493	0.3394	32.5676	21.9106	27.892599999999998	17.1914	22.9013	24.5842	16.7473	29.6741	16.1489
13	6.667800000000001	12.274	11.4425	5.7203	7.883	8.3911	10.77	22.1814	4.9656	11.1081	4.9749	5.4642	21.5433	0.0	23.708299999999998	11.5933	23.8992	7.060899999999999	3.6834000000000002	2.4276	11.8685	21.517400000000002	6.4901	3.9316	22.7751	13.8384	1.5604	11.553799999999999	5.7504	4.1001	6.667800000000001
14	19.8723	21.255599999999998	23.6707	21.0777	17.2047	15.915899999999999	23.743299999999998	29.1911	19.0098	13.648100000000001	22.5002	28.7608	28.553	23.655	0.0	32.9025	2.5074	29.624200000000002	26.163400000000003	25.303	33.8219	28.527099999999997	28.572599999999998	27.4607	1.2874	34.469	25.1445	13.0519	20.390099999999997	21.6115	19.8723
15	10.414200000000001	11.6651	9.7578	10.451600000000001	15.1106	15.957	9.0854	16.9307	12.5206	18.6631	14.8451	16.234299999999998	16.2925	11.4816	32.9259	0.0	33.116800000000005	14.2441	8.7393	9.966899999999999	0.7162000000000001	16.2666	16.0772	10.3846	31.9927	1.7635	11.3753	19.1088	10.122200000000001	13.9703	10.414200000000001
16	20.7332	22.1166	24.531599999999997	21.9387	18.0657	16.7769	24.6043	30.0521	19.8708	14.5091	23.3612	29.6218	29.414	24.516	1.8449	33.7635	0.0	30.4852	27.0243	26.164	34.6828	29.388099999999998	29.4336	28.3217	2.1484	35.33	26.0055	13.9129	21.251099999999997	22.4725	20.7332
17	12.558200000000001	17.6112	16.600900000000003	11.9242	17.1298	14.2622	16.353	32.150400000000005	13.445	18.974400000000003	8.298200000000001	1.999	31.5122	7.2729	29.4753	15.758700000000001	29.6663	0.0	8.2394	6.5488	16.0339	31.4864	2.0131	7.1938	28.542099999999998	17.0812	5.6671000000000005	18.4378	12.2661	8.5617	12.558200000000001
18	7.1085	10.2135	8.9841	6.4745	12.0252	11.135299999999999	8.3117	19.7231	7.6989	13.8414	7.2297	6.6296	19.085	3.8539	26.3484	9.135	26.5393	8.226299999999998	0.0	2.3411999999999997	9.4101	19.059099999999997	7.9485	2.0761999999999996	25.415200000000002	11.38	3.5662	14.2871	6.8165	6.3549	7.1085
19	6.009399999999999	11.0624	10.052	5.3754	10.9336	10.0886	9.804200000000002	21.0969	6.6522	12.7947	6.0083	5.0846	20.4587	2.6325	25.3017	10.508799999999999	25.4927	6.6813	1.8177	0.0	10.7839	20.4329	6.4035	2.3956999999999997	24.3685	12.7538	2.0211	13.2404	5.7173	5.1335	6.009399999999999
20	10.5581	11.6608	10.290799999999999	10.5955	15.5818	16.1009	9.6184	16.3848	12.6645	18.806900000000002	14.8954	16.3782	15.7466	11.532	33.550599999999996	0.612	33.7415	14.3879	8.7896	10.017299999999999	0.0	15.720799999999999	16.221	9.8929	32.6174	1.2177	11.425600000000001	19.2527	10.266	14.0206	10.5581
21	15.8095	9.943299999999999	14.388	16.737299999999998	18.619799999999998	19.2447	14.117700000000001	1.3708	19.3033	24.5867	30.2095	26.0001	0.3501	22.668200000000002	28.4865	17.7658	28.677400000000002	30.3951	19.9258	21.1535	17.609900000000003	0.0	32.2282	21.5712	27.5532	16.852	22.5619	24.244799999999998	16.4079	29.3347	15.8095
22	11.476600000000001	16.5296	15.519200000000001	10.842600000000001	15.608	12.7405	15.2714	32.0039	11.923200000000001	17.4527	6.7765	0.9174	31.3657	6.1913	27.953599999999998	15.612200000000001	28.144599999999997	1.7808	7.1577	5.4672	15.8874	31.3399	0.0	6.1122	27.020400000000002	16.9348	4.5855	16.9161	11.1845	6.4136999999999995	11.476600000000001
23	6.9394	11.0455	9.4986	6.3054	11.856200000000001	10.9662	8.8262	20.237599999999997	7.5298	13.6723	7.0607	5.9208	19.599400000000003	3.6848	26.179299999999998	9.6495	26.3703	7.5175	1.0455999999999999	1.2534	9.9246	19.5736	7.2398	0.0	25.2461	11.8945	2.8574	14.118	6.647399999999999	6.185899999999999	6.9394
24	18.7422	20.1256	22.540599999999998	19.9477	16.0747	14.7859	22.6132	28.0611	17.8797	12.518	21.370099999999997	27.6308	27.422900000000002	22.525	1.7369	31.7724	1.9278	28.4942	25.0333	24.172900000000002	32.6918	27.3971	27.4425	26.330599999999997	0.0	33.3389	24.014400000000002	11.9218	19.26	20.4815	18.7422
25	13.472299999999999	12.0897	12.403799999999999	13.5097	17.7566	17.270799999999998	11.731399999999999	16.8137	13.834299999999999	19.9768	17.4911	17.4596	16.1755	14.1277	33.9795	1.7819	34.1705	15.557799999999999	11.385299999999999	12.613	1.626	16.1497	17.390900000000002	13.030700000000001	33.0463	0.0	14.0214	20.4226	13.180299999999999	16.6163	13.472299999999999
26	7.2184	12.1961	11.364600000000001	5.8251	11.395	9.8011	10.692200000000001	22.1036	6.3647	12.250200000000001	4.9816	4.3447	21.465400000000002	1.6058	24.8504	11.5155	25.0413	5.9414	3.6056	2.1332	11.7906	21.4396	5.321899999999999	2.7782	23.9172	13.7605	0.0	12.6959	5.8552	4.1068	7.2184
27	9.2213	13.6273	13.320799999999998	9.3805	8.571299999999999	5.0928	13.072899999999999	28.1435	7.3125	0.7968	10.8029	17.8462	27.5054	11.957799999999999	13.1269	19.3429	13.3179	18.7096	14.4661	13.6057	19.6181	27.4795	17.6579	15.763399999999999	12.193700000000002	22.8857	13.4472	0.0	8.6928	9.914299999999999	9.2213
28	0.947	6.58	5.5696	0.351	3.8354	5.2805	5.3218000000000005	17.113	2.2041	8.0127	9.6219	10.3682	16.4749	5.608899999999999	20.6129	10.1228	20.803900000000002	11.9649	6.5969	5.5216	10.3979	16.449	11.7755	7.6793000000000005	19.6797	13.1304	5.9056999999999995	8.4585	0.0	8.747	0.947
29	9.0427	15.2667	14.2564	8.9657	9.399	8.9777	13.6041	30.2516	7.155399999999999	8.6565	1.2346	6.9655	29.613400000000002	3.9665	21.2568	14.4274	21.4477	8.504	6.5175	6.0375	14.7026	29.5875	7.4523	6.6825	20.3235	16.6725	4.2254	9.1023	8.5142	0.0	9.0427
;
