set K:= 1	2	3	4	5;
set C_H:= 1	2	3	4	5	6	7	8	9	10;
set C_S:= 11	12	13	14	15	16	17	18	19	20;
set C_F:= 21	22	23	24	25	26	27	28	29	30;
set M:= 31	32	33	34	35	36;
set M_B:= 37	38	39	40	41	42;
set L_B:= 43	44;
set A1:=
(0,*) 1 2 3 4 5 6 7 8 9 10 21 22 23 24 25 26 27 28 29 30 31 32 33 34 35 36 37 38 39 40 41 42 43 44
(1,*) 0 2 3 4 5 6 7 8 9 10 21 22 23 24 25 26 27 28 29 30 31 32 33 34 35 36 37 38 39 40 41 42 43 44
(2,*) 0 1 3 4 5 6 7 8 9 10 21 22 23 24 25 26 27 28 29 30 31 32 33 34 35 36 37 38 39 40 41 42 43 44
(3,*) 0 1 2 4 5 6 7 8 9 10 21 22 23 24 25 26 27 28 29 30 31 32 33 34 35 36 37 38 39 40 41 42 43 44
(4,*) 0 1 2 3 5 6 7 8 9 10 21 22 23 24 25 26 27 28 29 30 31 32 33 34 35 36 37 38 39 40 41 42 43 44
(5,*) 0 1 2 3 4 6 7 8 9 10 21 22 23 24 25 26 27 28 29 30 31 32 33 34 35 36 37 38 39 40 41 42 43 44
(6,*) 0 1 2 3 4 5 7 8 9 10 21 22 23 24 25 26 27 28 29 30 31 32 33 34 35 36 37 38 39 40 41 42 43 44
(7,*) 0 1 2 3 4 5 6 8 9 10 21 22 23 24 25 26 27 28 29 30 31 32 33 34 35 36 37 38 39 40 41 42 43 44
(8,*) 0 1 2 3 4 5 6 7 9 10 21 22 23 24 25 26 27 28 29 30 31 32 33 34 35 36 37 38 39 40 41 42 43 44
(9,*) 0 1 2 3 4 5 6 7 8 10 21 22 23 24 25 26 27 28 29 30 31 32 33 34 35 36 37 38 39 40 41 42 43 44
(10,*) 0 1 2 3 4 5 6 7 8 9 21 22 23 24 25 26 27 28 29 30 31 32 33 34 35 36 37 38 39 40 41 42 43 44
(21,*) 0 1 2 3 4 5 6 7 8 9 10 22 23 24 25 26 27 28 29 30 31 32 33 34 35 36 37 38 39 40 41 42 43 44
(22,*) 0 1 2 3 4 5 6 7 8 9 10 21 23 24 25 26 27 28 29 30 31 32 33 34 35 36 37 38 39 40 41 42 43 44
(23,*) 0 1 2 3 4 5 6 7 8 9 10 21 22 24 25 26 27 28 29 30 31 32 33 34 35 36 37 38 39 40 41 42 43 44
(24,*) 0 1 2 3 4 5 6 7 8 9 10 21 22 23 25 26 27 28 29 30 31 32 33 34 35 36 37 38 39 40 41 42 43 44
(25,*) 0 1 2 3 4 5 6 7 8 9 10 21 22 23 24 26 27 28 29 30 31 32 33 34 35 36 37 38 39 40 41 42 43 44
(26,*) 0 1 2 3 4 5 6 7 8 9 10 21 22 23 24 25 27 28 29 30 31 32 33 34 35 36 37 38 39 40 41 42 43 44
(27,*) 0 1 2 3 4 5 6 7 8 9 10 21 22 23 24 25 26 28 29 30 31 32 33 34 35 36 37 38 39 40 41 42 43 44
(28,*) 0 1 2 3 4 5 6 7 8 9 10 21 22 23 24 25 26 27 29 30 31 32 33 34 35 36 37 38 39 40 41 42 43 44
(29,*) 0 1 2 3 4 5 6 7 8 9 10 21 22 23 24 25 26 27 28 30 31 32 33 34 35 36 37 38 39 40 41 42 43 44
(30,*) 0 1 2 3 4 5 6 7 8 9 10 21 22 23 24 25 26 27 28 29 31 32 33 34 35 36 37 38 39 40 41 42 43 44
(31,*) 0 1 2 3 4 5 6 7 8 9 10 21 22 23 24 25 26 27 28 29 30 32 33 34 35 36 37 38 39 40 41 42 43 44
(32,*) 0 1 2 3 4 5 6 7 8 9 10 21 22 23 24 25 26 27 28 29 30 31 33 34 35 36 37 38 39 40 41 42 43 44
(33,*) 0 1 2 3 4 5 6 7 8 9 10 21 22 23 24 25 26 27 28 29 30 31 32 34 35 36 37 38 39 40 41 42 43 44
(34,*) 0 1 2 3 4 5 6 7 8 9 10 21 22 23 24 25 26 27 28 29 30 31 32 33 35 36 37 38 39 40 41 42 43 44
(35,*) 0 1 2 3 4 5 6 7 8 9 10 21 22 23 24 25 26 27 28 29 30 31 32 33 34 36 37 38 39 40 41 42 43 44
(36,*) 0 1 2 3 4 5 6 7 8 9 10 21 22 23 24 25 26 27 28 29 30 31 32 33 34 35 37 38 39 40 41 42 43 44
(37,*) 0 1 2 3 4 5 6 7 8 9 10 21 22 23 24 25 26 27 28 29 30 31 32 33 34 35 36 38 39 40 41 42 43 44
(38,*) 0 1 2 3 4 5 6 7 8 9 10 21 22 23 24 25 26 27 28 29 30 31 32 33 34 35 36 37 39 40 41 42 43 44
(39,*) 0 1 2 3 4 5 6 7 8 9 10 21 22 23 24 25 26 27 28 29 30 31 32 33 34 35 36 37 38 40 41 42 43 44
(40,*) 0 1 2 3 4 5 6 7 8 9 10 21 22 23 24 25 26 27 28 29 30 31 32 33 34 35 36 37 38 39 41 42 43 44
(41,*) 0 1 2 3 4 5 6 7 8 9 10 21 22 23 24 25 26 27 28 29 30 31 32 33 34 35 36 37 38 39 40 42 43 44
(42,*) 0 1 2 3 4 5 6 7 8 9 10 21 22 23 24 25 26 27 28 29 30 31 32 33 34 35 36 37 38 39 40 41 43 44
(43,*) 0 1 2 3 4 5 6 7 8 9 10 21 22 23 24 25 26 27 28 29 30 31 32 33 34 35 36 37 38 39 40 41 42 44
(44,*) 0 1 2 3 4 5 6 7 8 9 10 21 22 23 24 25 26 27 28 29 30 31 32 33 34 35 36 37 38 39 40 41 42 43
;
set A2:=
(31,*) 32
(32,*) 31
(33,*) 34
(34,*) 33
(35,*) 36
(36,*) 35
;
param BigM:=99999;
param n:= 5;
param d:=
1	29
2	13
3	6
4	19
5	4
6	13
7	10
8	10
9	22
10	23
11	10
12	18
13	7
14	22
15	24
16	13
17	24
18	11
19	17
20	24
21	11
22	23
23	6
24	7
25	6
26	14
27	19
28	30
29	12
30	25
;
param Q:=100;
param w:=
[31,*] 32 0.1
[32,*] 31 0.1
[33,*] 34 0.1
[34,*] 33 0.1
[35,*] 36 0.1
[36,*] 35 0.1
;
param V:=
[31,*] 32 177
[32,*] 31 177
[33,*] 34 168
[34,*] 33 168
[35,*] 36 182
[36,*] 35 182
;
param e:
	31	32	33	34	35	36	37	38	39	40	41	42	43	44:=
11		0		0		0		0		0		0		0		0		0		0		0		0		1		0	
12		1		0		0		0		0		0		1		0		0		0		0		0		0		0	
13		0		0		0		1		0		0		0		0		0		1		0		0		0		0	
14		0		0		0		0		1		0		0		0		0		0		1		0		0		0	
15		0		0		0		0		0		0		0		0		0		0		0		0		0		1	
16		0		0		0		1		0		0		0		0		0		1		0		0		0		0	
17		0		0		1		0		0		1		0		0		1		0		0		1		1		0	
18		0		0		0		0		0		1		0		0		0		0		0		1		1		0	
19		0		0		1		0		0		1		0		0		1		0		0		1		0		0	
20		0		0		1		0		0		0		0		0		1		0		0		0		1		0	
21		0		0		1		0		0		0		0		0		1		0		0		0		1		0	
22		0		0		0		0		0		0		0		0		0		0		0		0		0		1	
23		0		1		0		0		0		0		0		1		0		0		0		0		0		0	
24		1		0		0		0		0		0		1		0		0		0		0		0		0		0	
25		0		0		0		0		1		0		0		0		0		0		1		0		0		0	
26		0		1		0		0		0		0		0		1		0		0		0		0		0		0	
27		0		0		0		1		0		0		0		0		0		1		0		0		0		0	
28		0		0		1		0		0		1		0		0		1		0		0		1		0		0	
29		0		1		0		0		0		0		0		1		0		0		0		0		0		0	
30		1		0		0		0		0		0		1		0		0		0		0		0		0		0	
;
param p:=
1	3
2	3
3	3
4	3
5	3
;
param G:=
31	90
32	87
33	77
34	91
35	89
36	93
37	90
38	87
39	77
40	91
41	89
42	93
43	59
44	55
;
param s:=
0	0
1	10
2	10
3	10
4	10
5	10
6	10
7	10
8	10
9	10
10	10
21	10
22	10
23	10
24	10
25	10
26	10
27	10
28	10
29	10
30	10
31	10
32	10
33	10
34	10
35	10
36	10
37	10
38	10
39	10
40	10
41	10
42	10
43	10
44	10
;
param t:
	0	1	2	3	4	5	6	7	8	9	10	11	12	13	14	15	16	17	18	19	20	21	22	23	24	25	26	27	28	29	30	31	32	33	34	35	36	37	38	39	40	41	42	43	44:=
0	0.0	8.5507	4.096	4.476100000000001	5.2954	4.0639	7.5245	9.0877	3.9833000000000003	3.259	8.3145	3.8331999999999997	14.584299999999999	17.7359	11.6842	8.5562	20.6522	6.5842	4.8887	7.638	5.304600000000001	7.532	10.9517	14.4156	13.6022	10.8167	14.5287	20.6624	6.457	14.023700000000002	13.9818	15.6462	12.9348	8.5804	18.784200000000002	13.6341	7.3102	15.6462	12.9348	8.5804	18.784200000000002	13.6341	7.3102	5.0081999999999995	8.3233
1	8.3482	0.0	4.761100000000001	12.764299999999999	4.893800000000001	4.729100000000001	8.0002	1.5785	12.271600000000001	7.1595	14.6347	9.5764	26.5164	11.571200000000001	20.0723	15.9553	14.4875	12.8134	10.590399999999999	13.958200000000001	11.6247	13.8522	17.1453	18.0933	25.5886	18.6696	18.2063	14.4976	12.7772	17.701400000000003	26.2747	27.578200000000002	16.686	14.9006	12.619399999999999	22.0222	12.5412	27.578200000000002	16.686	14.9006	12.619399999999999	22.0222	12.5412	11.3284	14.6968
2	4.0059000000000005	4.8617	0.0	8.406799999999999	3.4307	0.147	6.3069	5.7702	7.9141	3.8076	11.083	6.0247	19.4738	14.4185	16.520599999999998	12.4035	17.334799999999998	9.2616	7.038600000000001	10.4065	8.073	10.3004	13.5936	15.6273	18.4916	15.117899999999999	15.7404	17.344900000000003	9.2254	15.2354	18.871299999999998	20.5356	14.22	11.3489	15.466700000000001	18.4704	8.9895	20.5356	14.22	11.3489	15.466700000000001	18.4704	8.9895	7.7767	11.145
3	4.5598	12.8455	10.5212	0.0	9.9683	10.4892	10.1951	14.8613	0.7019	7.562600000000001	9.0591	7.1498	12.1295	20.7778	9.1057	7.5682	23.694	9.8098	11.674	10.954600000000001	8.6212	8.439	9.9636	16.5381	10.7607	8.7728	16.6512	23.7042	9.7736	16.1462	12.125	13.1913	18.8749	9.9803	21.826	11.0556	13.2503	13.1913	18.8749	9.9803	21.826	11.0556	13.2503	8.3248	7.8902
4	5.050800000000001	4.5202	2.5676	8.8098	0.0	2.7218	3.7153	5.1443	8.3171	5.089899999999999	12.56	8.3825	22.122799999999998	13.533100000000001	17.9976	13.8805	16.4493	10.7386	8.4088	11.8835	9.55	11.7774	15.0706	15.125200000000001	21.1951	16.594900000000003	15.238299999999999	16.4595	10.702399999999999	14.7333	21.8811	23.1846	13.718	12.825899999999999	14.581299999999999	19.9475	12.6763	23.1846	13.718	12.825899999999999	14.581299999999999	19.9475	12.6763	9.2537	12.6221
5	4.0524000000000004	4.7706	0.5598	8.453299999999999	3.4772	0.0	6.3533	5.8167	7.9605	3.854	10.9919	5.9336	19.5202	14.4649	16.4295	12.3125	17.3812	9.1706	6.9476	10.3155	7.982	10.2094	13.5025	15.6737	18.5381	15.0269	15.7868	17.391299999999998	9.1344	15.281799999999999	18.9177	20.582	14.2665	11.2578	15.513200000000001	18.3794	8.898399999999999	20.582	14.2665	11.2578	15.513200000000001	18.3794	8.898399999999999	7.6856	11.054
6	8.242700000000001	7.7623	5.8096000000000005	10.2036	3.9189000000000003	5.9639	0.0	8.3864	9.710899999999999	8.0821	15.552200000000001	10.591700000000001	18.749200000000002	11.9926	18.1447	16.872700000000002	14.9089	13.584100000000001	11.401	14.8757	12.542200000000001	14.7696	18.0628	18.1174	17.8215	17.2772	18.2305	14.919	13.694600000000001	17.7255	18.1567	19.811	16.7102	15.818100000000001	13.040899999999999	20.0946	15.6685	19.811	16.7102	15.818100000000001	13.040899999999999	20.0946	15.6685	12.245899999999999	15.6143
7	9.5929	1.6683	5.441	13.0711	5.1769	5.5952	8.2832	0.0	12.5784	8.404200000000001	15.8794	10.8211	26.799400000000002	10.3788	21.317	17.2	13.2951	14.0581	11.8351	15.2029	12.869399999999999	15.0969	18.39	19.446900000000003	25.8717	19.9143	19.56	13.305299999999999	14.0219	19.055	26.5578	27.8613	18.0397	16.1453	11.427100000000001	23.2669	16.998	27.8613	18.0397	16.1453	11.427100000000001	23.2669	16.998	12.5731	15.9415
8	4.053	12.338700000000001	7.9063	0.5589	8.9895	7.8743	9.6883	13.8825	0.0	7.0558000000000005	8.552299999999999	6.643	12.469899999999999	20.7219	9.3412	7.281899999999999	23.638099999999998	9.303	8.5254	10.447899999999999	8.1144	7.9322	9.6774	16.031299999999998	10.8695	8.5806	16.1444	23.6483	9.2668	15.6394	12.465399999999999	13.5317	16.1555	9.4735	21.7701	11.2911	10.6387	13.5317	16.1555	9.4735	21.7701	11.2911	10.6387	7.8181	7.603899999999999
9	2.8236999999999997	6.5572	3.3895	9.657200000000001	5.251399999999999	3.5438	8.4586	7.7439	6.7471000000000005	0.0	8.351600000000001	3.5245	17.3481	17.2248	13.789200000000001	9.6721	20.141099999999998	6.5302	4.2107	7.6751000000000005	5.341600000000001	7.569100000000001	10.862200000000001	12.783100000000001	16.366	12.3865	12.8962	20.1512	6.494	12.391200000000001	16.7456	18.41	11.3758	8.6175	18.2731	15.7391	6.1615	18.41	11.3758	8.6175	18.2731	15.7391	6.1615	5.0453	8.4137
10	8.7625	14.6885	11.5208	8.8651	12.5402	11.675	15.2301	16.6226	8.818700000000002	8.2811	0.0	4.9693000000000005	18.7165	25.270799999999998	10.154200000000001	6.2578000000000005	28.187099999999997	2.4442	4.476	3.0779	3.5458000000000003	0.8993	7.5379	8.8989	19.055400000000002	9.393600000000001	9.012	28.197200000000002	2.3697	8.507	18.7121	19.7784	8.2657	2.3934	26.319	12.1041	3.883	19.7784	8.2657	2.3934	26.319	12.1041	3.883	4.064	4.9994
11	3.4861	10.0996	6.9319	7.0991	7.9513	7.0862	11.1585	12.033700000000001	6.6064	3.6921999999999997	5.0505	0.0	17.2074	20.681900000000002	10.3849	6.9985	23.598200000000002	3.2291	2.6822	4.374	2.0405	4.268	8.1885	9.9575	16.2253	9.6243	10.0705	23.6083	3.1929000000000003	9.5656	16.6049	18.2692	9.324200000000001	5.3164	21.7302	12.3348	4.5648	18.2692	9.324200000000001	5.3164	21.7302	12.3348	4.5648	1.7442	5.74
12	14.8445	26.3243	19.3856	13.1794	18.8326	19.3536	21.410400000000003	26.9483	13.524700000000001	18.301599999999997	23.466	18.3962	0.0	25.5439	13.9837	16.926	28.4602	24.04	20.538400000000003	25.184900000000003	23.540599999999998	22.846	19.1585	29.2312	1.4294	15.5302	29.909200000000002	28.470299999999998	24.0038	29.1442	0.5036	1.7103	31.2762	24.3873	26.592200000000002	15.898399999999999	22.1146	1.7103	31.2762	24.3873	26.592200000000002	15.898399999999999	22.1146	18.6095	18.0655
13	18.1624	11.783	14.2627	22.06	13.3759	14.417	12.271700000000001	10.5526	22.1472	18.233400000000003	25.703400000000002	20.4255	25.7709	0.0	31.3702	27.024	3.0031	23.882099999999998	21.439400000000003	25.0269	22.6935	24.920900000000003	28.214	28.2687	24.8431	31.0373	28.3818	3.0132	23.8459	27.8768	25.5292	26.8327	26.8614	25.9693	1.1351	33.3201	25.8198	26.8327	26.8614	25.9693	1.1351	33.3201	25.8198	22.3971	25.7655
14	11.651200000000001	20.1383	16.9705	9.4662	17.99	17.1248	17.966900000000003	22.0723	9.419799999999999	13.7309	10.0198	10.2778	13.0008	29.9011	0.0	4.7593000000000005	32.8174	10.5938	11.024700000000001	11.738700000000001	10.0944	9.399799999999999	6.9918000000000005	17.6438	13.3397	1.6353	18.3217	32.8276	10.5576	17.5568	12.9963	14.062700000000001	17.5551	10.9411	30.9494	2.5441	11.9314	14.062700000000001	17.5551	10.9411	30.9494	2.5441	11.9314	9.715399999999999	5.8988000000000005
15	8.549700000000001	16.465	13.2973	7.8566	14.3167	13.4515	17.5239	18.399	7.8102	10.0576	6.4059	7.259399999999999	16.3427	27.0473	5.2133	0.0	29.9635	7.5528	7.9837	8.697700000000001	6.583699999999999	5.7859	3.2834	12.2808	16.6815	4.5339	12.9588	29.9737	7.5166	12.1938	16.3382	17.4045	14.5142	7.9001	28.0955	5.6735	8.8905	17.4045	14.5142	7.9001	28.0955	5.6735	8.8905	6.697	1.8371
16	20.9068	14.5274	17.007099999999998	24.8044	16.1203	17.1614	15.0161	13.2971	24.891599999999997	20.9778	28.4478	23.169900000000002	28.5153	3.4668	34.1147	29.7684	0.0	26.6265	24.1839	27.7714	25.437900000000003	27.6653	30.9585	31.013099999999998	27.5876	33.781699999999994	31.1262	0.1611	26.5903	30.6212	28.2736	29.577099999999998	29.6058	28.7138	2.3188	36.0645	28.5642	29.577099999999998	29.6058	28.7138	2.3188	36.0645	28.5642	25.141599999999997	28.509900000000002
17	6.803100000000001	13.0669	9.8992	9.7992	10.918700000000001	10.0535	13.2708	15.001	9.5737	6.6595	2.6016	3.2953	19.650599999999997	23.6492	11.088299999999998	7.7118	26.5655	0.0	2.8055	1.5796	2.6992	2.0103	7.7283	7.163	19.1926	10.3277	7.2761000000000005	26.5757	0.37239999999999995	6.771100000000001	19.6462	20.7125	6.5298	2.522	24.6975	13.038200000000002	1.4792	20.7125	6.5298	2.522	24.6975	13.038200000000002	1.4792	2.39	6.4533000000000005
18	4.894	10.5622	7.3945	10.1383	8.4139	7.5488	11.6211	12.4963	9.2286	4.1548	4.619800000000001	3.1241999999999996	19.741400000000002	21.1445	11.1791	7.8026	24.0608	2.2297	0.0	3.9433000000000002	2.5016	3.8373000000000004	7.352	8.2871	18.8475	10.4185	8.4001	24.0709	2.7622	7.8951	19.737	20.8033	7.9544	4.8857	22.1928	13.129	2.3846	20.8033	7.9544	4.8857	22.1928	13.129	2.3846	2.2188000000000003	6.5441
19	7.5027	13.239600000000001	10.9485	10.4409	11.9679	11.102799999999998	14.608799999999999	14.426200000000001	10.623	7.7088	3.1706999999999996	4.344600000000001	20.2923	24.6985	11.73	8.353399999999999	27.6148	1.7967	3.8547	0.0	3.7484	2.5794	7.6125	6.1502	20.6312	10.969299999999999	6.2633	27.6249	1.4216	5.7583	20.2878	21.3541	5.517	1.7854	25.7467	13.6799	1.6085999999999998	21.3541	5.517	1.7854	25.7467	13.6799	1.6085999999999998	3.4392	7.095
20	4.9609	11.7431	8.5754	8.3051	9.594899999999999	8.729700000000001	12.802100000000001	13.677200000000001	7.3708	5.3358	2.9095	1.8027	18.2643	22.3255	9.702	6.3255	25.2417	2.078	2.2	3.2229	0.0	2.2988000000000004	5.874899999999999	8.8064	16.9896	8.9414	8.9194	25.251900000000003	2.0418	8.414399999999999	18.259900000000002	19.3262	8.1731	3.1327	23.3737	11.6519	3.4137	19.3262	8.1731	3.1327	23.3737	11.6519	3.4137	0.8973	5.067
21	7.8834	13.8094	10.6417	8.2451	11.661200000000001	10.796	14.3511	15.7435	8.1987	7.402100000000001	0.9005	4.0903	18.0965	24.3918	9.5342	5.6377	27.308	1.8695	3.597	2.5031	2.6666999999999996	0.0	6.963100000000001	8.324200000000001	18.435299999999998	8.7735	8.437299999999999	27.3182	1.7949000000000002	7.932300000000001	18.092	19.1583	7.691	1.8187	25.44	11.484	3.3082	19.1583	7.691	1.8187	25.44	11.484	3.3082	3.1849000000000003	4.3793
22	10.9892	17.277099999999997	14.109399999999999	10.2962	15.1288	14.2637	18.3361	19.2112	10.249799999999999	10.8697	6.9479	8.1071	18.1195	27.8594	6.9901	3.1095	30.7757	6.9248	7.1613	6.8629	6.231	6.3566	0.0	9.5334	18.4584	6.1265	10.2113	30.7858	6.8503	9.446399999999999	18.115	19.1814	11.5784	5.5626999999999995	28.907700000000002	7.2661999999999995	7.668	19.1814	11.5784	5.5626999999999995	28.907700000000002	7.2661999999999995	7.668	7.5447	2.9929
23	15.2865	18.5679	16.6152	16.2047	15.1096	16.7695	18.3168	19.1919	16.1399	13.9079	8.9345	9.8615	30.780099999999997	27.8402	19.160400000000003	14.117299999999998	30.7565	7.3136	8.1896	6.286	9.2653	8.343200000000001	13.0425	0.0	31.1189	16.297	1.415	30.766599999999997	6.9385	0.6501	30.775599999999997	31.841900000000003	2.3685	7.549300000000001	28.8884	17.436700000000002	6.0454	31.841900000000003	2.3685	7.549300000000001	28.8884	17.436700000000002	6.0454	8.956100000000001	12.858799999999999
24	13.8291	25.3812	18.3702	10.7576	17.8173	18.3382	20.467299999999998	26.005200000000002	10.8448	17.2863	23.817700000000002	17.3809	1.3744	24.6008	14.3354	17.2777	27.5171	20.3732	19.523	21.608900000000002	17.8905	23.197599999999998	19.5102	29.582900000000002	0.0	15.8818	30.2608	27.5272	20.427799999999998	29.495900000000002	1.4738	2.4363	31.6279	24.7389	25.649099999999997	16.25	21.0993	2.4363	31.6279	24.7389	25.649099999999997	16.25	21.0993	17.5942	18.4172
25	10.924299999999999	19.4113	16.2436	8.7393	17.263	16.3979	17.239900000000002	21.3454	8.6929	13.0039	9.2929	9.5509	14.3125	30.763900000000003	1.4005	4.7171	33.6802	9.8669	10.2977	11.011700000000001	9.3675	8.672799999999999	6.1482	14.210899999999999	14.651299999999999	0.0	14.8888	33.6903	9.8306	14.123899999999999	14.308	15.3743	16.2559	10.2141	31.8122	1.9464000000000001	11.2045	15.3743	16.2559	10.2141	31.8122	1.9464000000000001	11.2045	8.9885	5.2455
26	13.1199	18.6549	16.7022	16.2918	15.1966	16.8565	18.4039	19.279	16.2269	13.9949	9.0215	9.9485	30.9883	27.9272	19.368599999999997	14.2043	30.8435	7.4007	8.2766	6.3731	9.3524	8.430200000000001	13.2508	1.4245	31.3272	16.5053	0.0	30.8536	7.0255	0.726	30.9838	32.050200000000004	2.5768	7.6363	28.9755	17.645	6.1324	32.050200000000004	2.5768	7.6363	28.9755	17.645	6.1324	9.0432	12.945799999999998
27	20.8394	14.46	16.939700000000002	24.737	16.0529	17.094	14.9487	13.2296	24.8242	20.910400000000003	28.3804	23.1025	28.4479	3.3993	34.0472	29.701	0.1611	26.559099999999997	24.116400000000002	27.7039	25.3705	27.597900000000003	30.891	30.945700000000002	27.5201	33.7143	31.058799999999998	0.0	26.5229	30.5538	28.2062	29.509700000000002	29.538400000000003	28.6463	2.2513	35.997099999999996	28.4968	29.509700000000002	29.538400000000003	28.6463	2.2513	35.997099999999996	28.4968	25.074099999999998	28.4425
28	6.0811	12.694600000000001	9.5269	9.4805	10.546299999999999	9.6811	13.1872	14.6286	9.2014	6.2871999999999995	2.2291999999999996	2.923	19.3319	23.2769	10.7696	7.3931000000000004	26.1932	0.37510000000000004	2.4331	1.4190999999999998	2.3268	1.6379000000000001	7.355899999999999	7.0025	18.8202	10.009	7.115600000000001	26.2033	0.0	6.610600000000001	19.3275	20.3938	6.3693	2.3615	24.3251	12.7195	1.9866	20.3938	6.3693	2.3615	24.3251	12.7195	1.9866	2.0176	6.134600000000001
29	12.653799999999999	18.1888	16.2361	15.825700000000001	14.7306	16.390400000000003	17.9378	18.812900000000003	15.7608	13.528799999999999	8.555399999999999	9.4825	30.522299999999998	27.4611	18.9026	13.7382	30.3774	6.9346000000000005	7.8105	5.907	8.886299999999999	7.9641	12.7847	0.6264	30.861099999999997	16.0392	0.765	30.3876	6.5595	0.0	30.517799999999998	31.5841	2.1107	7.1701999999999995	28.509400000000003	17.178900000000002	5.666399999999999	31.5841	2.1107	7.1701999999999995	28.509400000000003	17.178900000000002	5.666399999999999	8.5771	12.4798
30	14.229	22.486099999999997	18.77	10.435799999999999	18.2171	18.738	21.2095	23.1101	11.2446	17.6861	23.578400000000002	17.7807	0.5036	25.343	14.0961	17.038400000000003	28.2593	20.773	19.9228	22.0087	18.2903	22.958299999999998	19.2709	29.3436	1.474	15.6425	30.0215	28.2694	20.827599999999997	29.2566	0.0	2.197	31.3886	24.499599999999997	26.391299999999998	16.0107	21.4991	2.197	31.3886	24.499599999999997	26.391299999999998	16.0107	21.4991	17.994	18.1779
31	15.7968	27.2766	20.3379	14.1317	19.7849	20.3059	22.3627	27.900599999999997	14.477	19.2539	24.4183	19.3485	1.5579	26.4962	14.936	17.8783	29.4125	24.9923	21.4907	26.1372	24.492900000000002	23.798299999999998	20.110799999999998	30.1835	2.3817	16.4825	30.8615	29.4226	24.9561	30.0965	2.0744000000000002	0.0	32.2285	25.339599999999997	27.5445	16.8507	23.0669	0.0	32.2285	25.339599999999997	27.5445	16.8507	23.0669	19.561799999999998	19.017799999999998
32	13.2953	16.6907	14.738	16.4396	13.2324	14.892299999999999	16.4396	17.314799999999998	16.4462	12.030700000000001	7.501600000000001	8.428600000000001	30.282400000000003	25.963	17.7286	14.3521	28.8793	5.8808	6.3528	4.8532	7.8325	6.9103	11.9434	2.1405	30.6212	15.799299999999999	2.2536	28.889400000000002	5.5057	1.7486	30.277900000000002	31.3442	0.0	6.1164	27.011200000000002	16.939	4.208699999999999	31.3442	0.0	6.1164	27.011200000000002	16.939	4.208699999999999	7.5233	13.0937
33	7.6804	13.606399999999999	10.4387	8.6555	11.4581	10.593	14.148	15.5405	8.6091	7.199	1.3852	3.8873	18.5069	24.1887	9.9445	6.568	27.105	1.3620999999999999	3.394	2.0519000000000003	2.4637	0.7938999999999999	6.5119	7.873	18.8457	9.1839	7.9861	27.115099999999998	1.2875999999999999	7.4811000000000005	18.5024	19.5687	7.2398	0.0	25.237	11.8944	2.8571	19.5687	7.2398	0.0	25.237	11.8944	2.8571	2.9819	5.3096000000000005
34	18.7453	12.366	14.8457	22.643	13.9589	15.0	12.854700000000001	11.1356	22.7301	18.8163	26.2864	21.0084	26.3538	1.3053	31.953200000000002	27.606900000000003	2.6717	24.465	22.0224	25.609900000000003	23.276400000000002	25.5038	28.797	28.8517	25.426099999999998	31.6203	28.9647	2.6818	24.4288	28.459799999999998	26.1122	27.4157	27.4444	26.5523	0.0	33.9031	26.4027	27.4157	27.4444	26.5523	0.0	33.9031	26.4027	22.9801	26.3485
35	13.741100000000001	22.228099999999998	19.0604	11.5561	20.079900000000002	19.2147	20.0568	24.162200000000002	11.5097	15.8207	12.1097	12.367700000000001	15.0907	31.991	2.6274	5.847899999999999	34.907300000000006	12.6837	13.114600000000001	13.8286	12.184299999999999	11.489600000000001	7.279	15.3418	15.4295	1.9647999999999999	16.0197	34.9174	12.6475	15.254700000000001	15.086200000000002	16.1525	17.3868	13.030899999999999	33.039300000000004	0.0	14.0213	16.1525	17.3868	13.030899999999999	33.039300000000004	0.0	14.0213	11.805299999999999	6.376399999999999
36	7.218	12.202200000000001	9.8408	10.5211	10.2926	9.9951	13.499799999999999	13.3889	10.3689	6.0335	4.1661	4.2927	20.3725	22.869799999999998	11.8101	8.4336	25.786099999999998	1.4334	2.1441999999999997	1.8384	3.6373	3.5747	8.6078	6.2955	20.711299999999998	11.0495	6.4085	25.796200000000002	2.1700999999999997	5.9036	20.368	21.4343	5.6621999999999995	2.7808	23.9181	13.76	0.0	21.4343	5.6621999999999995	2.7808	23.9181	13.76	0.0	3.3874	7.1752
37	15.7968	27.2766	20.3379	14.1317	19.7849	20.3059	22.3627	27.900599999999997	14.477	19.2539	24.4183	19.3485	1.5579	26.4962	14.936	17.8783	29.4125	24.9923	21.4907	26.1372	24.492900000000002	23.798299999999998	20.110799999999998	30.1835	2.3817	16.4825	30.8615	29.4226	24.9561	30.0965	2.0744000000000002	0.0	32.2285	25.339599999999997	27.5445	16.8507	23.0669	0.0	32.2285	25.339599999999997	27.5445	16.8507	23.0669	19.561799999999998	19.017799999999998
38	13.2953	16.6907	14.738	16.4396	13.2324	14.892299999999999	16.4396	17.314799999999998	16.4462	12.030700000000001	7.501600000000001	8.428600000000001	30.282400000000003	25.963	17.7286	14.3521	28.8793	5.8808	6.3528	4.8532	7.8325	6.9103	11.9434	2.1405	30.6212	15.799299999999999	2.2536	28.889400000000002	5.5057	1.7486	30.277900000000002	31.3442	0.0	6.1164	27.011200000000002	16.939	4.208699999999999	31.3442	0.0	6.1164	27.011200000000002	16.939	4.208699999999999	7.5233	13.0937
39	7.6804	13.606399999999999	10.4387	8.6555	11.4581	10.593	14.148	15.5405	8.6091	7.199	1.3852	3.8873	18.5069	24.1887	9.9445	6.568	27.105	1.3620999999999999	3.394	2.0519000000000003	2.4637	0.7938999999999999	6.5119	7.873	18.8457	9.1839	7.9861	27.115099999999998	1.2875999999999999	7.4811000000000005	18.5024	19.5687	7.2398	0.0	25.237	11.8944	2.8571	19.5687	7.2398	0.0	25.237	11.8944	2.8571	2.9819	5.3096000000000005
40	18.7453	12.366	14.8457	22.643	13.9589	15.0	12.854700000000001	11.1356	22.7301	18.8163	26.2864	21.0084	26.3538	1.3053	31.953200000000002	27.606900000000003	2.6717	24.465	22.0224	25.609900000000003	23.276400000000002	25.5038	28.797	28.8517	25.426099999999998	31.6203	28.9647	2.6818	24.4288	28.459799999999998	26.1122	27.4157	27.4444	26.5523	0.0	33.9031	26.4027	27.4157	27.4444	26.5523	0.0	33.9031	26.4027	22.9801	26.3485
41	13.741100000000001	22.228099999999998	19.0604	11.5561	20.079900000000002	19.2147	20.0568	24.162200000000002	11.5097	15.8207	12.1097	12.367700000000001	15.0907	31.991	2.6274	5.847899999999999	34.907300000000006	12.6837	13.114600000000001	13.8286	12.184299999999999	11.489600000000001	7.279	15.3418	15.4295	1.9647999999999999	16.0197	34.9174	12.6475	15.254700000000001	15.086200000000002	16.1525	17.3868	13.030899999999999	33.039300000000004	0.0	14.0213	16.1525	17.3868	13.030899999999999	33.039300000000004	0.0	14.0213	11.805299999999999	6.376399999999999
42	7.218	12.202200000000001	9.8408	10.5211	10.2926	9.9951	13.499799999999999	13.3889	10.3689	6.0335	4.1661	4.2927	20.3725	22.869799999999998	11.8101	8.4336	25.786099999999998	1.4334	2.1441999999999997	1.8384	3.6373	3.5747	8.6078	6.2955	20.711299999999998	11.0495	6.4085	25.796200000000002	2.1700999999999997	5.9036	20.368	21.4343	5.6621999999999995	2.7808	23.9181	13.76	0.0	21.4343	5.6621999999999995	2.7808	23.9181	13.76	0.0	3.3874	7.1752
43	4.2889	10.902299999999999	7.7346	9.3995	8.754100000000001	7.8889	11.9613	12.8364	7.4091000000000005	4.495	4.4001	1.1307	18.3409	21.4847	9.7785	6.3921	24.4009	2.5787	2.1767	3.7236	1.3901	3.6176	7.5821000000000005	9.3071	17.028	9.0179	9.4201	24.411099999999998	2.5425	8.9152	17.4076	19.4027	8.6738	4.666	22.5329	11.728399999999999	3.9144	19.4027	8.6738	4.666	22.5329	11.728399999999999	3.9144	0.0	5.1336
44	9.1981	14.8642	11.6965	7.8601	12.7159	11.8508	15.9231	16.798299999999998	7.8137	8.4568	4.8407	5.6941999999999995	16.809	25.4465	5.6795	1.2584000000000002	28.3628	5.9876000000000005	6.4185	7.1325	5.0185	4.2207	2.7744	13.1422	17.1478	5.0001999999999995	13.8201	28.3729	5.9514	13.055200000000001	16.8045	17.8708	12.949	6.334899999999999	26.4947	6.1398	7.3253	17.8708	12.949	6.334899999999999	26.4947	6.1398	7.3253	5.1318	0.0
;
