vehicles
vehicle_idx, capacity, cost_per_unit_distance
1,100,3
2,100,3
3,100,3
4,100,3
depot
node_idx,x,y
0,25.049446486001663,121.51552910838933
home delivery customers
node_idx,x,y,service_time,demand
1,25.037022442308643,121.53096099386983,10,20
2,25.033163017834553,121.60961680490749,10,30
3,25.006671061087804,121.49212072498634,10,21
4,25.069893019814053,121.51180811572522,10,13
self pickup customers
node_idx,x,y,service_time,demand,locker_idxs
5,25.059689499999998,121.52919305000002,10,25,19-20
6,25.059016988132903,121.56930052773984,10,4,18-20-15
7,24.964746034188366,121.43676984736668,10,7,13
8,25.0425598,121.62224490000001,10,12,14
flexible customers
node_idx,x,y,service_time,demand,locker_idxs
9,25.017038496065886,121.57497585646482,10,14,15
10,24.973578784404097,121.53065934232951,10,19,17
11,25.182410248115104,121.44089979641298,10,24,16
12,25.05196363569981,121.55703953005435,10,19,20-18-15
lockers
node_idx,x,y,service_time,capacity,cost_per_unit_good
13,24.9595637,121.4197544,10,67
14,25.0553158,121.617896,10,63
15,25.0328676,121.5697576,10,95
16,25.1678849,121.4456164,10,71
17,24.9579858,121.5375799,10,60
18,25.0500706,121.5774743,10,56
19,25.0497671,121.5176997,10,81
20,25.0426372,121.5505589,10,95
mrt lines
start_node_idx,end_node_idx,freight_capacity,cost_per_unit_good
distance matrix
,0,1,2,3,4,5,6,7,8,9,10,11,12,13,14,15,16,17,18,19,20,
0,0.0,3.4292,15.590200000000001,6.529,2.718,2.4461999999999997,7.2828,14.0035,14.4037,9.4337,11.6842,20.7553,4.7447,15.6462,12.9348,8.5804,18.784200000000002,13.6341,7.3102,1.1844000000000001,5.0081999999999995
1,3.6023,0.0,12.8499,6.8492,6.4428,3.7135,6.4111,15.1515,11.6634,6.4656,10.3713,23.777900000000002,4.7121,16.7941,11.8789,5.5696,21.806900000000002,12.321200000000001,6.2826,3.6446,3.4621
2,14.2203,12.601299999999998,0.0,18.9188,16.3305,15.470600000000001,8.860100000000001,32.106,2.5132,11.241100000000001,20.469099999999997,32.047,9.366299999999999,33.1506,3.6773000000000002,8.736799999999999,30.0759,18.7454,7.2329,14.0907,10.143600000000001
3,7.3692,7.1831000000000005,18.956400000000002,0.0,10.738,9.598,13.6844,10.366100000000001,18.7598,11.598600000000001,7.5664,24.209400000000002,11.527299999999999,11.4107,18.0148,11.4007,22.2383,9.5163,13.622200000000001,8.2045,11.1342
4,3.1382,5.789899999999999,15.539200000000001,8.7814,0.0,3.0242,7.9487,16.4758,14.3527,11.7944,14.0449,18.0654,6.572,18.1184,12.9573,10.9411,16.0943,15.9948,9.6709,3.5256,7.3689
5,2.654,3.178,14.2654,8.827,3.1999,0.0,4.977,16.7162,13.078899999999999,9.190100000000001,13.5086,20.5518,3.7866999999999997,18.358900000000002,11.6835,8.3369,18.5807,15.4585,5.881600000000001,2.558,4.7646999999999995
6,7.5833,6.2103,8.9227,12.0944,7.050800000000001,4.7377,0.0,20.755,7.7362,5.9938,12.1754,24.3066,2.316,21.799599999999998,7.1149,4.2187,22.3356,14.1253,1.8456,6.6309,3.7527
7,14.2507,16.4366,31.1048,8.4831,16.2794,16.882099999999998,21.4934,0.0,29.3534,24.7192,14.117799999999999,28.384,19.9337,2.2186,31.4103,24.5213,26.4129,16.0324,21.520799999999998,15.086,18.015700000000002
8,15.274700000000001,11.4019,2.4645,17.7194,15.131200000000002,14.2713,7.660699999999999,30.785400000000003,0.0,10.041799999999999,19.1485,30.8476,8.1669,31.83,2.3567,7.5374,28.8766,17.424799999999998,6.0335,12.891399999999999,8.9443
9,9.8816,6.871899999999999,11.1927,11.1631,12.4184,9.2075,5.9078,19.8529,10.006200000000002,0.0,11.273399999999999,29.409299999999998,5.5844,20.8975,9.3849,3.5126,27.438200000000002,13.2233,5.0021,9.1302,5.1831000000000005
10,11.651200000000001,10.423200000000001,19.3833,6.9138,17.083599999999997,13.5381,12.0598,13.018,17.6319,11.139,0.0,32.9205,11.0139,14.062700000000001,17.5551,10.9411,30.9494,2.5441,11.9314,11.6935,9.715399999999999
11,21.0098,23.4113,32.2908,24.0891,18.051099999999998,20.3935,24.7003,28.398400000000002,31.1043,29.67,34.217699999999994,0.0,24.1429,29.6802,29.7089,28.8168,2.4218,36.1676,28.6672,21.83,25.2446
12,4.7252,4.5077,9.2929,11.4545,8.4457,3.7910999999999997,2.278,19.5899,8.106399999999999,5.5702,11.010299999999999,23.995,0.0,20.6345,7.7856000000000005,4.7169,22.024,12.9602,2.2158,4.4008,2.05
13,15.7968,17.9828,31.923,12.2117,17.8255,18.4283,26.4584,2.0961,30.1717,25.5375,14.936,29.5155,21.4799,0.0,32.2285,25.339599999999997,27.5445,16.8507,23.0669,16.6322,19.561799999999998
14,13.2953,9.9809,3.3150999999999997,16.2984,13.265799999999999,12.405899999999999,5.8358,30.299599999999998,2.1286,8.6208,17.7286,28.9823,6.342,31.3442,0.0,6.1164,27.011200000000002,16.939,4.208699999999999,11.4704,7.5233
15,7.6804,4.6707,9.047600000000001,9.8635,10.2171,7.0063,3.7066,18.524099999999997,7.8612,2.5044,9.9445,27.208,3.3832,19.5687,7.2398,0.0,25.237,11.8944,2.8571,6.929,2.9819
16,18.7454,21.1468,30.0263,21.8246,15.7866,18.129,22.4358,26.1339,28.8398,27.4056,31.953200000000002,2.7746999999999997,21.878400000000003,27.4157,27.4444,26.5523,0.0,33.9031,26.4027,19.5656,22.9801
17,13.741100000000001,9.7958,17.0813,9.0036,19.1735,15.628,14.149700000000001,15.107899999999999,15.3299,13.2289,2.6274,35.0103,13.1038,16.1525,17.3868,13.030899999999999,33.039300000000004,0.0,14.0213,13.7834,11.805299999999999
18,7.218,5.845,7.4701,11.7291,9.7548,5.8386000000000005,1.6272,20.3897,6.283600000000001,5.2852,11.8101,25.8891,2.1334,21.4343,5.6621999999999995,2.7808,23.9181,13.76,0.0,6.448300000000001,3.3874
19,0.37860000000000005,3.2038,14.1707,7.3011,3.1315,2.2401999999999997,6.6958,14.2694,12.9843,9.2083,11.479700000000001,20.9946,4.5386999999999995,15.912,13.200700000000001,8.3551,19.0235,13.4295,7.5761,0.0,4.7829
20,4.2889,2.683,10.4817,9.0005,7.3036,4.2984,4.042800000000001,17.429299999999998,9.295200000000001,5.5193,9.7785,24.504,2.0326,19.4027,8.6738,4.666,22.5329,11.728399999999999,3.9144,4.1725,0.0
