set K:= 1	2	3;
set C_H:= 1	2	3	4	5	6	7	8	9	10	11	12	13	14	15	16	17	18	19	20;
set C_S:= 21	22	23	24	25	26	27	28	29	30	31	32	33	34	35	36	37	38	39	40;
set C_F:= 41	42	43	44	45	46	47	48	49	50	51	52	53	54	55	56	57	58	59	60;
set M:= 61	62	63	64	65	66;
set L_B:= 67	68	69	70	71	72	73;
set A1:=
(0,*) 1 2 3 4 5 6 7 8 9 10 11 12 13 14 15 16 17 18 19 20 41 42 43 44 45 46 47 48 49 50 51 52 53 54 55 56 57 58 59 60 61 62 63 64 65 66 67 68 69 70 71 72 73 74
(1,*) 0 2 3 4 5 6 7 8 9 10 11 12 13 14 15 16 17 18 19 20 41 42 43 44 45 46 47 48 49 50 51 52 53 54 55 56 57 58 59 60 61 62 63 64 65 66 67 68 69 70 71 72 73 74
(2,*) 0 1 3 4 5 6 7 8 9 10 11 12 13 14 15 16 17 18 19 20 41 42 43 44 45 46 47 48 49 50 51 52 53 54 55 56 57 58 59 60 61 62 63 64 65 66 67 68 69 70 71 72 73 74
(3,*) 0 1 2 4 5 6 7 8 9 10 11 12 13 14 15 16 17 18 19 20 41 42 43 44 45 46 47 48 49 50 51 52 53 54 55 56 57 58 59 60 61 62 63 64 65 66 67 68 69 70 71 72 73 74
(4,*) 0 1 2 3 5 6 7 8 9 10 11 12 13 14 15 16 17 18 19 20 41 42 43 44 45 46 47 48 49 50 51 52 53 54 55 56 57 58 59 60 61 62 63 64 65 66 67 68 69 70 71 72 73 74
(5,*) 0 1 2 3 4 6 7 8 9 10 11 12 13 14 15 16 17 18 19 20 41 42 43 44 45 46 47 48 49 50 51 52 53 54 55 56 57 58 59 60 61 62 63 64 65 66 67 68 69 70 71 72 73 74
(6,*) 0 1 2 3 4 5 7 8 9 10 11 12 13 14 15 16 17 18 19 20 41 42 43 44 45 46 47 48 49 50 51 52 53 54 55 56 57 58 59 60 61 62 63 64 65 66 67 68 69 70 71 72 73 74
(7,*) 0 1 2 3 4 5 6 8 9 10 11 12 13 14 15 16 17 18 19 20 41 42 43 44 45 46 47 48 49 50 51 52 53 54 55 56 57 58 59 60 61 62 63 64 65 66 67 68 69 70 71 72 73 74
(8,*) 0 1 2 3 4 5 6 7 9 10 11 12 13 14 15 16 17 18 19 20 41 42 43 44 45 46 47 48 49 50 51 52 53 54 55 56 57 58 59 60 61 62 63 64 65 66 67 68 69 70 71 72 73 74
(9,*) 0 1 2 3 4 5 6 7 8 10 11 12 13 14 15 16 17 18 19 20 41 42 43 44 45 46 47 48 49 50 51 52 53 54 55 56 57 58 59 60 61 62 63 64 65 66 67 68 69 70 71 72 73 74
(10,*) 0 1 2 3 4 5 6 7 8 9 11 12 13 14 15 16 17 18 19 20 41 42 43 44 45 46 47 48 49 50 51 52 53 54 55 56 57 58 59 60 61 62 63 64 65 66 67 68 69 70 71 72 73 74
(11,*) 0 1 2 3 4 5 6 7 8 9 10 12 13 14 15 16 17 18 19 20 41 42 43 44 45 46 47 48 49 50 51 52 53 54 55 56 57 58 59 60 61 62 63 64 65 66 67 68 69 70 71 72 73 74
(12,*) 0 1 2 3 4 5 6 7 8 9 10 11 13 14 15 16 17 18 19 20 41 42 43 44 45 46 47 48 49 50 51 52 53 54 55 56 57 58 59 60 61 62 63 64 65 66 67 68 69 70 71 72 73 74
(13,*) 0 1 2 3 4 5 6 7 8 9 10 11 12 14 15 16 17 18 19 20 41 42 43 44 45 46 47 48 49 50 51 52 53 54 55 56 57 58 59 60 61 62 63 64 65 66 67 68 69 70 71 72 73 74
(14,*) 0 1 2 3 4 5 6 7 8 9 10 11 12 13 15 16 17 18 19 20 41 42 43 44 45 46 47 48 49 50 51 52 53 54 55 56 57 58 59 60 61 62 63 64 65 66 67 68 69 70 71 72 73 74
(15,*) 0 1 2 3 4 5 6 7 8 9 10 11 12 13 14 16 17 18 19 20 41 42 43 44 45 46 47 48 49 50 51 52 53 54 55 56 57 58 59 60 61 62 63 64 65 66 67 68 69 70 71 72 73 74
(16,*) 0 1 2 3 4 5 6 7 8 9 10 11 12 13 14 15 17 18 19 20 41 42 43 44 45 46 47 48 49 50 51 52 53 54 55 56 57 58 59 60 61 62 63 64 65 66 67 68 69 70 71 72 73 74
(17,*) 0 1 2 3 4 5 6 7 8 9 10 11 12 13 14 15 16 18 19 20 41 42 43 44 45 46 47 48 49 50 51 52 53 54 55 56 57 58 59 60 61 62 63 64 65 66 67 68 69 70 71 72 73 74
(18,*) 0 1 2 3 4 5 6 7 8 9 10 11 12 13 14 15 16 17 19 20 41 42 43 44 45 46 47 48 49 50 51 52 53 54 55 56 57 58 59 60 61 62 63 64 65 66 67 68 69 70 71 72 73 74
(19,*) 0 1 2 3 4 5 6 7 8 9 10 11 12 13 14 15 16 17 18 20 41 42 43 44 45 46 47 48 49 50 51 52 53 54 55 56 57 58 59 60 61 62 63 64 65 66 67 68 69 70 71 72 73 74
(20,*) 0 1 2 3 4 5 6 7 8 9 10 11 12 13 14 15 16 17 18 19 41 42 43 44 45 46 47 48 49 50 51 52 53 54 55 56 57 58 59 60 61 62 63 64 65 66 67 68 69 70 71 72 73 74
(41,*) 0 1 2 3 4 5 6 7 8 9 10 11 12 13 14 15 16 17 18 19 20 42 43 44 45 46 47 48 49 50 51 52 53 54 55 56 57 58 59 60 61 62 63 64 65 66 67 68 69 70 71 72 73 74
(42,*) 0 1 2 3 4 5 6 7 8 9 10 11 12 13 14 15 16 17 18 19 20 41 43 44 45 46 47 48 49 50 51 52 53 54 55 56 57 58 59 60 61 62 63 64 65 66 67 68 69 70 71 72 73 74
(43,*) 0 1 2 3 4 5 6 7 8 9 10 11 12 13 14 15 16 17 18 19 20 41 42 44 45 46 47 48 49 50 51 52 53 54 55 56 57 58 59 60 61 62 63 64 65 66 67 68 69 70 71 72 73 74
(44,*) 0 1 2 3 4 5 6 7 8 9 10 11 12 13 14 15 16 17 18 19 20 41 42 43 45 46 47 48 49 50 51 52 53 54 55 56 57 58 59 60 61 62 63 64 65 66 67 68 69 70 71 72 73 74
(45,*) 0 1 2 3 4 5 6 7 8 9 10 11 12 13 14 15 16 17 18 19 20 41 42 43 44 46 47 48 49 50 51 52 53 54 55 56 57 58 59 60 61 62 63 64 65 66 67 68 69 70 71 72 73 74
(46,*) 0 1 2 3 4 5 6 7 8 9 10 11 12 13 14 15 16 17 18 19 20 41 42 43 44 45 47 48 49 50 51 52 53 54 55 56 57 58 59 60 61 62 63 64 65 66 67 68 69 70 71 72 73 74
(47,*) 0 1 2 3 4 5 6 7 8 9 10 11 12 13 14 15 16 17 18 19 20 41 42 43 44 45 46 48 49 50 51 52 53 54 55 56 57 58 59 60 61 62 63 64 65 66 67 68 69 70 71 72 73 74
(48,*) 0 1 2 3 4 5 6 7 8 9 10 11 12 13 14 15 16 17 18 19 20 41 42 43 44 45 46 47 49 50 51 52 53 54 55 56 57 58 59 60 61 62 63 64 65 66 67 68 69 70 71 72 73 74
(49,*) 0 1 2 3 4 5 6 7 8 9 10 11 12 13 14 15 16 17 18 19 20 41 42 43 44 45 46 47 48 50 51 52 53 54 55 56 57 58 59 60 61 62 63 64 65 66 67 68 69 70 71 72 73 74
(50,*) 0 1 2 3 4 5 6 7 8 9 10 11 12 13 14 15 16 17 18 19 20 41 42 43 44 45 46 47 48 49 51 52 53 54 55 56 57 58 59 60 61 62 63 64 65 66 67 68 69 70 71 72 73 74
(51,*) 0 1 2 3 4 5 6 7 8 9 10 11 12 13 14 15 16 17 18 19 20 41 42 43 44 45 46 47 48 49 50 52 53 54 55 56 57 58 59 60 61 62 63 64 65 66 67 68 69 70 71 72 73 74
(52,*) 0 1 2 3 4 5 6 7 8 9 10 11 12 13 14 15 16 17 18 19 20 41 42 43 44 45 46 47 48 49 50 51 53 54 55 56 57 58 59 60 61 62 63 64 65 66 67 68 69 70 71 72 73 74
(53,*) 0 1 2 3 4 5 6 7 8 9 10 11 12 13 14 15 16 17 18 19 20 41 42 43 44 45 46 47 48 49 50 51 52 54 55 56 57 58 59 60 61 62 63 64 65 66 67 68 69 70 71 72 73 74
(54,*) 0 1 2 3 4 5 6 7 8 9 10 11 12 13 14 15 16 17 18 19 20 41 42 43 44 45 46 47 48 49 50 51 52 53 55 56 57 58 59 60 61 62 63 64 65 66 67 68 69 70 71 72 73 74
(55,*) 0 1 2 3 4 5 6 7 8 9 10 11 12 13 14 15 16 17 18 19 20 41 42 43 44 45 46 47 48 49 50 51 52 53 54 56 57 58 59 60 61 62 63 64 65 66 67 68 69 70 71 72 73 74
(56,*) 0 1 2 3 4 5 6 7 8 9 10 11 12 13 14 15 16 17 18 19 20 41 42 43 44 45 46 47 48 49 50 51 52 53 54 55 57 58 59 60 61 62 63 64 65 66 67 68 69 70 71 72 73 74
(57,*) 0 1 2 3 4 5 6 7 8 9 10 11 12 13 14 15 16 17 18 19 20 41 42 43 44 45 46 47 48 49 50 51 52 53 54 55 56 58 59 60 61 62 63 64 65 66 67 68 69 70 71 72 73 74
(58,*) 0 1 2 3 4 5 6 7 8 9 10 11 12 13 14 15 16 17 18 19 20 41 42 43 44 45 46 47 48 49 50 51 52 53 54 55 56 57 59 60 61 62 63 64 65 66 67 68 69 70 71 72 73 74
(59,*) 0 1 2 3 4 5 6 7 8 9 10 11 12 13 14 15 16 17 18 19 20 41 42 43 44 45 46 47 48 49 50 51 52 53 54 55 56 57 58 60 61 62 63 64 65 66 67 68 69 70 71 72 73 74
(60,*) 0 1 2 3 4 5 6 7 8 9 10 11 12 13 14 15 16 17 18 19 20 41 42 43 44 45 46 47 48 49 50 51 52 53 54 55 56 57 58 59 61 62 63 64 65 66 67 68 69 70 71 72 73 74
(61,*) 0 1 2 3 4 5 6 7 8 9 10 11 12 13 14 15 16 17 18 19 20 41 42 43 44 45 46 47 48 49 50 51 52 53 54 55 56 57 58 59 60 62 63 64 65 66 67 68 69 70 71 72 73 74
(62,*) 0 1 2 3 4 5 6 7 8 9 10 11 12 13 14 15 16 17 18 19 20 41 42 43 44 45 46 47 48 49 50 51 52 53 54 55 56 57 58 59 60 61 63 64 65 66 67 68 69 70 71 72 73 74
(63,*) 0 1 2 3 4 5 6 7 8 9 10 11 12 13 14 15 16 17 18 19 20 41 42 43 44 45 46 47 48 49 50 51 52 53 54 55 56 57 58 59 60 61 62 64 65 66 67 68 69 70 71 72 73 74
(64,*) 0 1 2 3 4 5 6 7 8 9 10 11 12 13 14 15 16 17 18 19 20 41 42 43 44 45 46 47 48 49 50 51 52 53 54 55 56 57 58 59 60 61 62 63 65 66 67 68 69 70 71 72 73 74
(65,*) 0 1 2 3 4 5 6 7 8 9 10 11 12 13 14 15 16 17 18 19 20 41 42 43 44 45 46 47 48 49 50 51 52 53 54 55 56 57 58 59 60 61 62 63 64 66 67 68 69 70 71 72 73 74
(66,*) 0 1 2 3 4 5 6 7 8 9 10 11 12 13 14 15 16 17 18 19 20 41 42 43 44 45 46 47 48 49 50 51 52 53 54 55 56 57 58 59 60 61 62 63 64 65 67 68 69 70 71 72 73 74
(67,*) 0 1 2 3 4 5 6 7 8 9 10 11 12 13 14 15 16 17 18 19 20 41 42 43 44 45 46 47 48 49 50 51 52 53 54 55 56 57 58 59 60 61 62 63 64 65 66 68 69 70 71 72 73 74
(68,*) 0 1 2 3 4 5 6 7 8 9 10 11 12 13 14 15 16 17 18 19 20 41 42 43 44 45 46 47 48 49 50 51 52 53 54 55 56 57 58 59 60 61 62 63 64 65 66 67 69 70 71 72 73 74
(69,*) 0 1 2 3 4 5 6 7 8 9 10 11 12 13 14 15 16 17 18 19 20 41 42 43 44 45 46 47 48 49 50 51 52 53 54 55 56 57 58 59 60 61 62 63 64 65 66 67 68 70 71 72 73 74
(70,*) 0 1 2 3 4 5 6 7 8 9 10 11 12 13 14 15 16 17 18 19 20 41 42 43 44 45 46 47 48 49 50 51 52 53 54 55 56 57 58 59 60 61 62 63 64 65 66 67 68 69 71 72 73 74
(71,*) 0 1 2 3 4 5 6 7 8 9 10 11 12 13 14 15 16 17 18 19 20 41 42 43 44 45 46 47 48 49 50 51 52 53 54 55 56 57 58 59 60 61 62 63 64 65 66 67 68 69 70 72 73 74
(72,*) 0 1 2 3 4 5 6 7 8 9 10 11 12 13 14 15 16 17 18 19 20 41 42 43 44 45 46 47 48 49 50 51 52 53 54 55 56 57 58 59 60 61 62 63 64 65 66 67 68 69 70 71 73 74
(73,*) 0 1 2 3 4 5 6 7 8 9 10 11 12 13 14 15 16 17 18 19 20 41 42 43 44 45 46 47 48 49 50 51 52 53 54 55 56 57 58 59 60 61 62 63 64 65 66 67 68 69 70 71 72 74
(74,*) 0 1 2 3 4 5 6 7 8 9 10 11 12 13 14 15 16 17 18 19 20 41 42 43 44 45 46 47 48 49 50 51 52 53 54 55 56 57 58 59 60 61 62 63 64 65 66 67 68 69 70 71 72 73
;
set A2:=
;
param BigM:=99999;
param n:= 3;
param d:=
1	5
2	5
3	1
4	1
5	5
6	4
7	3
8	1
9	1
10	3
11	5
12	5
13	3
14	1
15	5
16	5
17	4
18	5
19	5
20	1
21	4
22	4
23	5
24	1
25	2
26	2
27	4
28	1
29	2
30	3
31	5
32	4
33	1
34	3
35	3
36	3
37	5
38	4
39	2
40	1
41	1
42	5
43	3
44	3
45	4
46	4
47	3
48	2
49	3
50	4
51	3
52	4
53	1
54	3
55	4
56	5
57	2
58	1
59	1
60	2
;
param Q:=160;
param e:
	61	62	63	64	65	66	67	68	69	70	71	72	73:=
21		0		0		1		0		0		1		0		0		0		0		0		0		0	
22		0		0		0		0		0		0		0		0		0		0		0		0		1	
23		0		0		0		0		1		0		0		0		0		0		0		0		0	
24		0		0		0		0		0		0		0		0		1		0		0		0		0	
25		0		0		0		0		0		0		1		1		0		0		0		0		0	
26		1		0		0		0		0		0		0		0		0		0		0		0		0	
27		0		0		0		0		0		0		1		1		0		0		0		0		0	
28		0		0		0		0		0		0		0		0		0		1		0		1		0	
29		0		0		0		0		0		0		1		1		0		0		0		0		0	
30		0		0		0		0		1		0		0		0		0		0		0		0		0	
31		0		0		1		0		0		1		0		0		0		0		0		0		0	
32		0		0		0		0		0		0		0		0		1		0		1		0		0	
33		0		0		0		0		0		0		0		0		0		0		0		0		1	
34		1		0		0		0		0		0		0		0		0		0		0		0		0	
35		0		0		1		0		0		0		0		0		0		0		1		0		0	
36		0		1		0		0		0		0		0		0		0		0		0		0		0	
37		0		0		1		0		0		0		0		0		0		0		1		0		0	
38		0		0		0		0		0		0		1		1		0		0		0		0		0	
39		0		0		0		0		0		0		0		0		0		1		0		1		0	
40		0		0		0		0		0		0		0		0		0		1		0		1		0	
41		0		0		0		0		0		0		0		0		0		1		0		1		0	
42		1		0		0		0		0		0		0		0		0		0		0		0		0	
43		0		1		0		0		0		0		0		0		0		0		0		0		0	
44		1		0		0		0		0		0		0		0		0		0		0		0		0	
45		0		0		0		0		0		0		0		0		1		0		0		1		0	
46		0		0		0		0		1		0		0		0		0		0		0		0		0	
47		0		0		0		0		0		0		0		0		0		1		0		1		0	
48		0		0		0		0		0		0		0		1		0		0		0		0		0	
49		0		0		1		0		0		1		0		0		0		0		0		0		0	
50		0		1		0		0		0		0		0		0		0		0		0		0		0	
51		0		0		0		0		0		0		0		0		0		1		0		1		0	
52		0		0		1		0		0		1		0		0		0		0		0		0		0	
53		0		0		1		0		0		1		0		0		0		0		0		0		0	
54		0		0		0		0		0		0		0		0		1		0		1		0		0	
55		0		0		0		0		0		0		0		1		0		0		0		0		0	
56		0		0		0		1		0		0		0		0		0		0		0		0		0	
57		0		0		0		0		0		0		0		0		1		0		0		0		0	
58		0		0		0		1		0		0		0		0		0		0		0		0		0	
59		0		0		0		0		0		0		0		0		0		0		0		0		1	
60		0		0		0		1		0		0		0		0		0		0		0		0		0	
;
param p:=
1	18
2	18
3	18
;
param G:=
61	30
62	70
63	30
64	120
65	30
66	50
67	56
68	26
69	28
70	43
71	36
72	42
73	32
;
param s:=
0	0
1	10
2	10
3	10
4	10
5	10
6	10
7	10
8	10
9	10
10	10
11	10
12	10
13	10
14	10
15	10
16	10
17	10
18	10
19	10
20	10
41	10
42	10
43	10
44	10
45	10
46	10
47	10
48	10
49	10
50	10
51	10
52	10
53	10
54	10
55	10
56	10
57	10
58	10
59	10
60	10
61	10
62	10
63	10
64	10
65	10
66	10
67	10
68	10
69	10
70	10
71	10
72	10
73	10
;
param t:
	0	1	2	3	4	5	6	7	8	9	10	11	12	13	14	15	16	17	18	19	20	21	22	23	24	25	26	27	28	29	30	31	32	33	34	35	36	37	38	39	40	41	42	43	44	45	46	47	48	49	50	51	52	53	54	55	56	57	58	59	60	61	62	63	64	65	66	67	68	69	70	71	72	73	74:=
0	0.0	4.8697	5.4448	6.7595	4.1748	3.2922	2.7084	4.0338	4.5412	2.2241999999999997	6.0376	5.4165	3.2041	3.5778000000000003	5.0178	4.1791	5.1562	1.2891	5.4299	4.8831999999999995	4.5185	7.4262	12.547600000000001	13.9171	3.3823000000000003	9.9378	16.828599999999998	10.8475	3.9564	9.094899999999999	11.2797	6.685899999999999	2.9333	14.9685	15.0223	5.804399999999999	12.9698	5.1018	8.8075	4.3297	4.1396999999999995	2.9334000000000002	16.231	14.511299999999999	15.7287	0.6788	14.2014	4.5234	7.9687	7.4343	14.1875	4.1334	6.4784	8.0641	3.5976	8.627	20.7345	0.5764	20.278299999999998	13.246799999999999	19.9864	15.679200000000002	12.9342	8.5804	18.927	13.6347	7.3099	10.5931	9.4326	1.5145	3.6119	5.296399999999999	3.676	13.0035	0.0
1	4.3735	0.0	2.2853000000000003	3.5999	7.777399999999999	8.603399999999999	7.0882	8.0606	4.4535	4.4357	7.1101	9.560799999999999	3.3666	8.2216	11.5313	4.2272	5.502800000000001	4.3762	2.8886	8.419	4.344	6.997199999999999	16.6919	10.2815	8.2378	14.654	17.4622	14.9919	3.7458	12.978399999999999	7.6442	6.7677	5.6068999999999996	18.571	15.6558	6.151	11.146799999999999	6.542	12.041799999999999	4.5651	4.059	4.0497	16.8645	12.887799999999999	16.362299999999998	4.9083000000000006	10.5658	4.3488	11.203	7.5264	16.6798	4.7367	6.0967	4.9193999999999996	5.252800000000001	11.8612	24.8788	4.9562	24.4226	17.391099999999998	24.1308	16.3127	13.0254	6.4113	23.0713	9.9991	7.402	14.7374	12.666799999999999	5.8943	4.0931	6.510800000000001	3.2374	17.1478	4.3735
2	5.0078000000000005	2.067	0.0	2.1391	8.7029	8.792	8.207799999999999	8.988299999999999	2.8289	5.6981	7.7762	9.819	4.3889	9.0776	9.8072	5.2495	4.0419	5.5398000000000005	1.4277	6.695	5.3663	5.5363	17.2033	10.5731	8.882200000000001	14.7272	18.4845	14.8814	4.7681000000000004	13.1448	8.2745	5.3068	3.8828	19.955299999999998	16.678099999999997	4.6901	9.6859	3.9876	12.208200000000001	5.5874	5.0813999999999995	4.9817	17.8868	11.4269	17.3846	5.6396999999999995	10.8574	5.3712	11.369399999999999	6.0655	11.9282	5.7591	4.635800000000001	3.4585	3.5288000000000004	12.0276	25.390099999999997	5.9607	24.9339	17.9025	24.6421	17.335099999999997	11.5645	4.9505	23.5826	10.290700000000001	5.9412	15.1784	12.833200000000001	6.7985	5.115399999999999	4.1822	4.2597	17.659200000000002	5.0078000000000005
3	6.7331	4.089	2.2046	0.0	10.2209	11.046899999999999	10.2298	11.010299999999999	3.1336	6.8858999999999995	9.29	11.841	6.4109	10.6651	11.8292	6.8902	3.3638000000000003	7.2651	1.6847	5.194	7.3883	4.3709	19.2253	10.482299999999999	10.681299999999998	16.749299999999998	19.0284	16.9034	6.790100000000001	15.166799999999999	8.6075	4.1415	5.9048	21.9773	17.222	3.2854	8.5205	3.6506999999999996	14.2302	7.6094	7.1034	6.4955	18.4307	10.2615	17.9285	7.365	10.7666	7.3932	13.391399999999999	4.9002	10.762799999999999	6.9437	3.4705	1.9214	5.550800000000001	14.0496	27.4121	6.9837	26.9559	19.9245	26.664099999999998	17.879	10.3992	3.7851	25.604599999999998	10.1999	4.7758	17.200400000000002	14.8552	7.9218	6.3311	3.8454	6.2817	19.6812	6.7331
4	3.5225	8.0785	8.6536	9.968200000000001	0.0	1.0355999999999999	2.8036999999999996	4.5244	7.75	4.1371	6.3644	5.2014	5.7027	0.4845	5.6529	6.1561	9.2394	3.7876999999999996	8.6387	5.8313999999999995	7.017	10.6349	10.9604	17.125799999999998	0.5487000000000001	10.572899999999999	18.248099999999997	10.6325	6.454899999999999	9.73	14.4885	10.434700000000001	5.145	10.686	16.4417	9.0131	15.5656	8.3105	9.0693	6.3067	6.638199999999999	4.7077	17.6504	17.1071	17.1482	3.8875	17.4101	7.0219	8.2305	11.183	14.651	6.110399999999999	10.2272	11.2728	6.8063	8.8887	17.934900000000003	3.0021999999999998	17.4787	11.1164	17.186799999999998	17.0987	15.6046	11.789100000000001	16.127399999999998	16.843400000000003	11.0587	10.378	9.6943	2.1168	6.110399999999999	8.5052	6.174600000000001	11.547600000000001	3.5225
5	3.7729	8.903	9.4781	10.7928	1.0146	0.0	3.0541	5.6948	8.5745	4.961600000000001	8.529	4.2554	6.5272	0.5422	4.2437	6.980600000000001	10.0639	4.6122	9.4632	6.0818	7.841600000000001	11.4595	10.7499	17.950400000000002	0.3468	10.3624	19.072599999999998	10.5166	7.2795	9.5195	15.313	11.2592	5.3953999999999995	10.4755	17.2662	9.8376	15.3551	7.053100000000001	9.319700000000001	7.1312	7.4627	5.5322	18.475	16.8966	17.9727	4.7121	18.234599999999997	7.8464	8.480799999999999	12.0076	14.4405	6.9349	11.0517	12.097299999999999	7.6309	9.139100000000001	17.724400000000003	3.2525999999999997	17.2682	10.905899999999999	16.9763	17.9232	15.3941	12.613700000000001	15.9169	17.668	11.8832	10.813600000000001	9.702399999999999	2.3672	6.935	7.0219	6.9991	11.3371	3.7729
6	3.4846	10.0311	8.8291	10.1437	2.7380999999999998	2.8273	0.0	2.0433	7.8241000000000005	4.685	7.767600000000001	2.6437	5.664899999999999	3.1128	2.632	6.599600000000001	8.439	3.7499000000000002	8.595600000000001	6.1588	6.9793	10.709100000000001	10.028	19.2679	2.9174	7.552	19.4855	7.7062	6.4172	6.7091	16.095399999999998	9.146700000000001	5.491	13.0472	17.6792	9.087200000000001	12.7164	7.1487	6.3527	6.7501999999999995	6.6004	5.1513	18.887900000000002	14.2578	18.3857	3.1395999999999997	19.5522	6.984100000000001	5.5139	11.8371	11.8017	6.5539	9.8086	10.8224	5.7642	6.1721	18.2149	2.7179	17.7587	10.7272	17.4668	18.3361	12.7553	11.863299999999999	16.407400000000003	18.9855	11.7128	8.0032	6.8919	2.4308	6.0727	7.1175	6.1368	10.4839	3.4846
7	4.0009	9.3956	8.1935	9.5082	4.245100000000001	4.3342	1.8715	0.0	7.1885	6.1499	9.5485	3.5467	7.129899999999999	4.619800000000001	3.2153	8.380600000000001	6.875100000000001	5.2148	7.960100000000001	5.5182	8.4442	10.0735	9.0914	18.6324	4.424300000000001	6.615399999999999	21.2665	6.7696000000000005	7.8821	5.6922	15.4599	8.995899999999999	4.9623	12.2555	19.460099999999997	8.4517	14.176	6.62	4.7556	8.5312	8.0654	6.9322	20.6688	15.7174	20.1666	4.6045	18.916700000000002	8.4491	3.9168000000000003	8.9945	13.2614	8.3349	8.7884	10.1868	5.5827	4.575	17.278299999999998	3.6851	16.8221	9.7906	16.5302	20.117099999999997	14.215	11.2277	15.470799999999999	18.35	8.8702	7.0666	5.3806	2.9471	7.5376	6.5888	7.6018	9.5473	4.0009
8	3.9236999999999997	6.124899999999999	3.8602	3.2734	7.341399999999999	8.167399999999999	6.908	7.6885	0.0	5.3908000000000005	9.2042	8.5191	6.3707	7.7856000000000005	8.5074	7.3456	1.1903	4.4557	2.1674	2.6791	7.6851	3.6927	15.9035	12.142	7.8018	13.4274	20.688	13.5816	7.123	11.845	9.8421	3.395	2.2454	18.6554	18.881700000000002	2.0708	7.8423	1.1359000000000001	10.9084	7.4962	7.3062	6.1	20.090400000000002	9.5833	19.5882	4.5556	12.426200000000001	7.6899	10.069600000000001	4.22	8.9781	7.2999	2.7922	4.3305	1.6895	10.727799999999998	24.0903	4.3555	23.6341	16.602700000000002	23.342299999999998	19.5386	8.854700000000001	4.8469	22.282799999999998	11.8595	4.0956	13.8786	11.5334	5.2935	6.7783999999999995	1.3306	5.9286	16.3594	3.9236999999999997
9	2.24	4.5513	5.616899999999999	6.9315	4.1273	4.0269	3.9149000000000003	5.8711	5.5415	0.0	4.1324	5.501399999999999	1.9758	4.5715	5.8048	2.2739000000000003	6.1564	0.9248	6.4301	7.6453	2.6486	8.4264	12.6325	13.2546	3.9566	11.1055	14.923399999999999	10.9325	2.0864000000000003	10.2626	10.9613	8.049199999999999	4.7623999999999995	14.2988	13.1171	6.804600000000001	14.3331	6.102	10.3979	2.4245	2.2697	0.8356	14.3258	15.874600000000001	13.8236	1.679	13.538799999999998	2.6534	9.559	8.797600000000001	14.661100000000001	2.2281999999999997	7.8416999999999994	9.0643	4.5978	10.2173	20.8194	2.0829	20.3632	13.331700000000001	20.0713	13.774	14.2975	9.5806	19.0119	12.972100000000001	8.673200000000001	10.678	10.4454	2.7279	1.7419	6.2966999999999995	2.5562	13.0884	2.24
10	6.373600000000001	7.2395	8.1211	9.4357	6.7446	6.9942	7.899	9.8552	10.0573	4.3088	0.0	9.4855	4.48	7.1193	9.7889	4.384600000000001	10.8275	5.2637	8.7244	11.1441	5.1528	12.9441	14.785200000000001	13.7431	6.9239	15.0896	11.9045	14.9165	4.5906	14.2467	14.081299999999999	12.0228	8.7128	14.5108	10.0982	11.3222	18.3066	9.8452	14.382	4.5352	4.773899999999999	3.4882	11.306899999999999	19.8481	10.8047	5.7958	14.0274	5.1576	13.5431	12.7711	19.3781	4.3389	11.8152	10.7552	8.760399999999999	14.2014	21.7596	7.0546999999999995	21.3034	14.9412	21.011599999999998	10.7551	18.271	14.0983	19.952099999999998	13.460700000000001	12.646799999999999	14.6621	14.4295	6.7119	4.2461	10.0399	5.0604	15.3723	6.373600000000001
11	5.2573	11.2004	9.998299999999999	11.313	4.7573	4.974600000000001	2.7416	2.9878	8.9933	6.007899999999999	9.465	0.0	7.684	4.8426	0.7269	8.297	9.6083	5.769	9.764899999999999	7.3281	9.0652	11.8783	7.5788	20.4372	4.832199999999999	6.2012	24.5438	5.8788	8.5031	5.3583	17.2647	11.165799999999999	6.6602	10.742899999999999	22.7374	10.2565	13.8856	8.3179	4.6644	8.4476	8.6863	6.8487	23.946099999999998	15.427100000000001	23.443900000000003	5.1587	20.721400000000003	9.0701	4.8495	13.0064	12.971	8.251299999999999	10.977799999999998	11.9916	7.5303	5.5077	15.7657	4.737	15.3095	8.278	15.0176	23.3944	13.9246	13.0325	13.958200000000001	20.154799999999998	12.882	5.6243	5.5411	4.159	8.1586	8.286700000000002	8.155899999999999	8.034699999999999	5.2573
12	3.348	3.2211	4.5746	5.8893	5.607	6.433	5.4183	7.139	6.6326	2.2976	4.331300000000001	7.3904	0.0	6.0512	7.693899999999999	1.33	7.2476	2.2380999999999998	5.177899999999999	8.7364	1.6775	9.5176	14.521600000000001	11.199399999999999	6.067399999999999	12.9945	14.1097	12.8215	0.6615	12.1517	9.3246	9.2015	5.8536	16.3495	12.3034	7.8957	13.667200000000001	7.1932	11.883	1.3756	0.8501000000000001	1.5368	13.5121	15.4082	13.009799999999998	2.7702	11.483600000000001	1.6823	11.0442	10.0449	15.8134	1.4145	8.6171	7.208699999999999	7.1305	11.702399999999999	23.5983	3.2863	23.1421	15.220799999999999	22.8503	12.9603	15.4498	8.700700000000001	21.7908	10.917	9.9205	12.5671	12.508	4.224399999999999	0.7707999999999999	7.3878	0.5162	14.9775	3.348
13	3.8981	8.5227	9.097700000000001	10.4124	0.4845	0.5422	4.2785	5.5626999999999995	8.1941	4.581300000000001	6.8085	5.322100000000001	6.1468	0.0	5.3103	6.6002	9.6836	4.2318	9.082799999999999	6.207	7.4612	11.0791	10.617899999999999	17.57	0.32989999999999997	10.2304	18.6923	10.3846	6.899100000000001	9.3875	14.9327	10.8789	5.5206	10.3435	16.885900000000003	9.4573	15.223	8.754700000000001	8.6935	6.7509	7.0824	5.1518999999999995	18.0946	16.7645	17.5924	4.3317	17.8543	7.4661	8.606	11.6272	14.308399999999999	6.5545	10.671299999999999	11.717	7.2505	9.264299999999999	17.592299999999998	3.3777	17.1361	10.7739	16.8443	17.5428	15.262	12.2333	15.784799999999999	17.287599999999998	11.5029	10.6816	9.5703	2.4924	6.554600000000001	8.949399999999999	6.6187	11.2051	3.8981
14	5.2456000000000005	11.188600000000001	9.986600000000001	11.301200000000001	4.7455	4.962899999999999	2.7299	2.976	8.9816	5.9962	9.4532	0.7269	7.6723	4.8308	0.0	8.2853	9.5965	5.7573	9.7531	7.3163	9.0535	11.8666	7.7975	20.4254	4.820399999999999	6.1895	24.532	6.0973999999999995	8.491299999999999	5.3466000000000005	17.2529	11.1541	6.6485	10.9616	22.7257	10.2447	13.873899999999999	8.3062	4.6526000000000005	8.4359	8.6746	6.8369	23.9344	15.415299999999998	23.4322	5.1469	20.7097	9.0583	4.8377	12.9946	12.959200000000001	8.239600000000001	10.9661	11.979899999999999	7.5185	5.496	15.984399999999999	4.7252	15.5282	8.4967	15.2363	23.3826	13.912799999999999	13.0208	14.1769	20.143	12.870299999999999	5.843	5.5294	4.1473	8.1468	8.275	8.1442	8.2534	5.2456000000000005
15	4.324	4.7256	5.6071	6.9218	7.5605	8.3865	7.5329	9.4892	7.6086	2.2395	4.2135	9.119399999999999	1.3091	8.0047	9.4229	0.0	8.223600000000001	3.2140999999999997	6.2104	9.712399999999999	0.8573	10.4936	16.2506	12.06	8.0209	14.7235	13.2339	14.5505	0.5951000000000001	13.880600000000001	10.1852	11.6567	6.8296	15.638399999999999	11.4276	8.871799999999999	17.9406	8.1692	14.0159	0.29610000000000003	0.7635	1.4189	12.636299999999999	19.482	12.1341	3.7462	12.3442	0.8621	13.177100000000001	12.405100000000001	19.0121	0.2863	11.449200000000001	8.241200000000001	6.665	13.8353	22.8873	4.2623	22.431099999999997	16.0688	22.139200000000002	12.0845	17.905	9.7332	21.0798	11.7776	12.280700000000001	14.296	14.0634	6.345899999999999	0.5621	8.3639	1.0506	16.7065	4.324
16	4.6799	6.5023	4.2203	3.6335	8.0976	8.9235	7.6641	8.444700000000001	1.0803	6.1469	9.9603	9.2753	7.1269	8.541799999999999	9.2636	8.1018	0.0	5.2119	2.5275	2.394	8.4413	3.2601999999999998	16.659599999999998	12.5021	8.558	14.1836	21.048099999999998	14.3378	7.8791	12.6012	10.202200000000001	2.9625	2.6227	19.4116	19.241799999999998	1.6382999999999999	7.409800000000001	0.38339999999999996	11.6646	8.2524	8.0624	6.856199999999999	20.4505	9.150799999999998	19.9483	5.3117	12.786299999999999	8.4461	10.825700000000001	3.1111	7.9493	8.0561	2.3596999999999997	3.898	2.0669	11.484	24.8465	5.7331	24.3903	17.3588	24.0984	19.8987	8.4222	4.4144	23.039	12.2196	2.9868	14.634799999999998	12.2896	6.6712	7.5346	1.0454	6.2886999999999995	17.1155	4.6799
17	1.5637	4.5489	5.7519	7.0666	3.8226999999999998	4.6487	3.634	5.3547	4.8483	1.1322	4.945600000000001	5.606199999999999	2.1121999999999996	4.2669	5.9096	3.0871	5.4633	0.0	5.187399999999999	6.952100000000001	3.4266	7.7333	12.7373	13.391	4.2831	11.2102	15.7367	11.0372	2.8644000000000003	10.3674	10.9589	7.4172	4.0693	14.6164	13.930299999999999	6.1114	11.8829	5.4089	10.098700000000001	3.2377	3.0477	1.844	15.139	13.623899999999999	14.6368	0.9859	13.6752	3.4314	9.2599	8.2606	14.0291	3.0414	6.8328	8.3712	3.9046999999999996	9.9181	20.9241	1.502	20.468	13.4365	20.176099999999998	14.587200000000001	13.6655	8.8875	19.1167	13.1085	8.1362	10.7828	10.723700000000001	2.4400999999999997	2.5199000000000003	5.6035	2.5841	13.193200000000001	1.5637
18	5.0865	3.3153	1.3087	1.6812	8.5042	9.330200000000001	8.0329	8.8134	1.487	5.8647	8.5442	9.6441	5.6372	8.9484	9.632299999999999	6.144399999999999	2.6653000000000002	5.6185	0.0	4.1541999999999994	6.6146	4.5681	17.0284	10.5485	8.9646	14.5524	19.0946	14.7066	6.0163	12.969899999999999	8.2203	4.3386000000000005	3.7079	19.7804	17.2882	3.3135	8.7177	2.6109	12.033299999999999	6.8356	6.3296	5.7496	18.4969	10.4587	17.9947	5.7184	10.8327	6.6194	11.1945	5.097300000000001	10.9599	6.1978	3.6675999999999997	3.0006	3.3539	11.8527	25.2152	5.6535	24.7591	17.7276	24.467200000000002	17.9451	10.5963	4.0099	23.407799999999998	10.2661	4.972899999999999	15.0036	12.6584	6.5915	5.5851999999999995	2.8056	5.508	17.484299999999998	5.0865
19	4.9781	7.2825	6.0805	5.7098	6.084899999999999	6.174	5.5897	6.3702	3.1565	6.9515	10.000200000000001	7.4408	9.6044	6.4596	7.4291	8.9063	1.7485	6.0164	4.603800000000001	0.0	10.5818	4.6591000000000005	14.6783	14.578299999999999	6.2641	12.2023	23.7	12.3565	9.983600000000001	10.5267	13.3469	3.6635	2.7509	17.577099999999998	21.8936	3.0373	7.727	2.5446	9.5901	10.8029	10.296899999999999	7.660699999999999	23.102400000000003	10.43	22.600099999999998	5.5818	14.8626	10.5867	8.751299999999999	3.6411	6.965199999999999	8.8606	3.2549	4.8465	2.8365	9.409600000000001	22.8652	4.6624	22.409	15.377600000000001	22.1172	22.5506	9.0845	5.8133	21.0577	14.2959	3.5166999999999997	12.6535	10.215200000000001	4.7966999999999995	8.3392	2.5134000000000003	9.475200000000001	15.1343	4.9781
20	4.6754	4.796600000000001	5.9574	7.272	7.7641	8.5901	7.7365	9.6928	7.96	2.7072	4.886100000000001	9.323	1.7054	8.2083	9.6265	0.8096	10.665	3.5655	6.5607	10.063799999999999	0.0	10.845	16.454099999999997	11.008	8.2245	14.927100000000001	14.0282	14.754100000000001	0.9915	14.084200000000001	11.346200000000001	11.860299999999999	7.181	16.0385	12.2218	9.2231	18.1442	8.5206	14.2195	0.5521	0.7607999999999999	2.0916	13.4306	19.685599999999997	12.9283	4.097600000000001	11.2923	0.004900000000000001	13.380700000000001	12.608600000000001	19.215700000000002	0.8202	11.6528	8.5915	8.706100000000001	14.0389	23.2873	4.6137	22.8312	17.153299999999998	22.5393	12.8788	18.1086	10.0834	21.4798	10.7256	12.4843	14.499600000000001	14.267	6.5495	1.104	8.715200000000001	1.2705	16.9101	4.6754
21	7.1503000000000005	7.2761000000000005	5.3917	4.2799	11.016	11.841899999999999	9.9107	10.9151	3.5507	8.6174	12.4308	11.7458	9.597299999999999	11.4602	11.734	10.5722	3.2037	7.682300000000001	4.3707	5.6111	10.911700000000002	0.0	19.1301	13.6694	11.4764	16.6541	22.2155	16.8083	10.3496	14.752600000000001	11.7946	1.1507	5.8096000000000005	21.8096	20.4091	2.0214000000000003	4.505	4.0679	13.8159	10.7228	10.5328	9.326600000000001	21.6178	6.246	21.115599999999997	7.7443	13.9536	10.9165	12.9771	1.4908	6.4245	10.5265	1.6249	2.6271999999999998	5.4556000000000004	12.3734	27.3169	7.7788	26.860799999999998	19.8293	26.568900000000003	21.066	5.517399999999999	1.4925	25.5095	13.387	1.3664	17.1053	14.441	8.7168	10.0051	4.2625	9.4688	19.586	7.1503000000000005
22	12.681899999999999	18.438200000000002	17.2362	18.5508	12.181799999999999	11.695799999999998	10.077	8.9971	16.2312	12.8376	16.2946	7.6536	14.702399999999999	11.563799999999999	7.8723	15.126700000000001	15.9177	12.7874	17.0027	14.560799999999999	15.8948	19.1162	0.0	27.675	11.5534	4.8818	24.5431	5.1067	15.3327	5.0788	24.5025	18.0385	14.0049	3.3018	22.7367	17.4943	21.3433	15.662600000000001	6.4222	15.277299999999999	15.516	13.6783	23.9455	22.884700000000002	23.4432	12.5833	27.9593	15.899700000000001	7.4328	18.0785	20.4286	15.081	17.831	19.2295	14.6253	8.0911	8.3246	12.1616	7.868399999999999	0.837	7.5766	23.3937	21.3822	20.270400000000002	6.5171	27.392599999999998	17.954099999999997	4.8522	6.450399999999999	10.9886	14.9882	15.6314	15.8025	1.0584	12.681899999999999
23	13.6645	10.095600000000001	10.591700000000001	10.4115	16.8903	17.7163	16.3792	17.1486	12.0123	13.5808	13.1183	17.979200000000002	11.203	17.3345	17.9675	12.063600000000001	12.5839	13.5214	10.540799999999999	14.072700000000001	12.180399999999999	13.8087	25.3635	0.0	17.3507	22.8875	17.491400000000002	23.041700000000002	11.5822	21.3051	1.2974	13.5793	12.0431	27.7972	15.685	12.7232	16.6638	12.5295	20.3685	12.4015	11.8955	12.82	16.8937	15.6287	16.3915	14.0534	0.7945	12.1853	19.5296	14.338	19.1268	12.5732	12.908299999999999	11.731	11.689	20.187900000000003	35.046	14.247200000000001	34.5899	28.2276	34.298	16.3419	17.011	13.2229	33.2385	0.49510000000000004	14.2136	23.3387	20.9935	15.1853	11.9296	12.7241	11.073799999999999	28.6588	13.6645
24	3.7026	8.538	9.113100000000001	10.427700000000002	0.6495	0.3468	2.9838	5.5523	8.2095	4.5966000000000005	6.8239	5.3117	6.1621999999999995	0.32989999999999997	5.2999	6.615600000000001	9.6989	4.247199999999999	9.0982	6.0115	7.4766	11.0945	10.6075	17.5854	0.0	10.219899999999999	18.7076	10.3741	6.9145	9.3771	14.948	10.894200000000001	5.3251	10.3331	16.9012	9.4726	15.2126	6.9828	9.2494	6.7661999999999995	7.0977	5.1672	18.109900000000003	16.754099999999998	17.6077	4.3471	17.8696	7.4814	8.4105	11.6426	14.298	6.5699	10.6867	11.732299999999999	7.265899999999999	9.0688	17.5819	3.1823	17.125700000000002	10.7635	16.8339	17.5582	15.2516	12.248700000000001	15.7744	17.3029	11.5182	10.671100000000001	9.559899999999999	2.2969	6.5699	6.9516	6.6341	11.194600000000001	3.7026
25	10.2367	15.96	14.7579	16.0726	9.736600000000001	9.954	7.721	6.518800000000001	13.7529	11.4018	14.858799999999999	6.2178	12.6634	9.8219	6.061100000000001	13.6909	13.4395	10.7484	14.5245	12.082600000000001	14.459	16.637900000000002	4.8415	25.1968	9.8115	0.0	29.9376	1.0324	13.8969	2.0850999999999997	22.0243	15.5603	11.5267	8.005600000000001	28.1313	15.0161	18.865	13.1844	3.4384	13.8415	14.080200000000001	12.2425	29.34	20.4065	28.837799999999998	10.1381	25.481	14.463899999999999	4.9546	15.600200000000001	17.950400000000002	13.6452	15.352799999999998	16.7512	12.1471	5.6128	13.0284	9.7164	12.5722	5.5407	12.280299999999999	28.7882	18.904	17.792099999999998	11.2209	24.9144	15.4759	1.2868	3.0843000000000003	9.0861	13.5524	13.1532	13.135299999999999	5.2974	10.2367
26	17.0684	18.332	20.1395	20.0187	18.2338	18.39	19.562099999999997	21.5183	20.353	14.983799999999999	12.05	21.1485	14.091	18.6779	21.452	13.2274	22.4905	15.9585	20.148	25.407700000000002	15.3656	23.4159	23.6451	18.3933	18.6941	26.752599999999997	0.0	26.5796	14.0472	25.9097	18.7315	23.6858	19.573900000000002	23.3707	2.5008000000000004	22.3304	33.139900000000004	22.136599999999998	26.045	13.378	15.688799999999999	14.163200000000002	2.0168	32.1048	1.3084	16.4905	18.677599999999998	15.3705	25.2062	23.9451	34.0869	13.181700000000001	22.515400000000003	21.338099999999997	22.2415	25.8644	30.6196	17.0066	30.163400000000003	23.801099999999998	29.8715	1.2589000000000001	33.4871	22.830099999999998	28.812099999999997	18.1109	23.8208	26.325200000000002	26.092599999999997	18.375	13.7027	22.3313	14.562899999999999	24.2323	17.0684
27	10.9598	16.1207	14.9186	16.2333	10.4598	10.114700000000001	8.354899999999999	6.6795	13.9136	11.1155	14.5726	5.9316	12.9804	9.982700000000001	6.1502	13.4046	13.600200000000001	11.0654	14.6852	12.2433	14.172799999999999	16.798599999999997	4.9613000000000005	25.3575	9.9722	1.0324	29.651400000000002	0.0	13.610700000000001	2.2458	22.185	15.721	11.6874	8.125399999999999	27.845	15.1768	19.0257	13.3451	3.5991	13.555200000000001	13.793899999999999	11.9562	29.0537	20.5672	28.5515	10.8612	25.6418	14.1776	5.1153	15.761	18.111099999999997	13.3589	15.5135	16.911900000000003	12.307799999999999	5.7735	13.148100000000001	10.4395	12.692	5.6605	12.4001	28.501900000000003	19.064700000000002	17.9528	11.3407	25.0751	15.6366	0.2544	3.245	9.2666	13.2661	13.3139	14.0805	4.4761999999999995	10.9598
28	4.0412	3.6001999999999996	5.3232	6.6378	6.3002	7.1262	6.1115	7.832199999999999	7.3258	2.073	4.4239	9.086200000000002	0.6615	6.7444	9.3896	0.5951000000000001	7.9407	2.9313000000000002	5.9265	9.4296	0.9426	10.210799999999999	16.217299999999998	11.5786	6.7606	14.690299999999999	14.880799999999999	14.517299999999999	0.0	13.8474	9.7038	9.8947	6.5468	16.3146	13.074399999999999	8.588899999999999	14.3604	7.8864	12.5762	0.6407	0.3023	1.6293	14.283100000000001	16.101399999999998	13.780899999999999	3.4634	11.8628	0.9475	11.7373	10.738100000000001	16.5066	0.7559	9.3103	7.957199999999999	7.5097	12.3956	23.5634	3.9795	23.1073	16.745	22.8154	13.731399999999999	16.143	9.449200000000001	21.756	11.296100000000001	10.613700000000001	14.262799999999999	13.2012	4.9176	0.4698	8.081	0.5692	16.6732	4.0412
29	9.6104	14.3204	13.1184	14.433	8.879700000000001	9.097100000000001	6.864	5.686100000000001	12.1134	10.8265	13.8284	5.2158999999999995	11.8065	8.965	5.2041	12.6605	11.7999	9.8915	12.8849	10.443	13.428600000000001	14.9984	5.0642	23.5572	8.954600000000001	2.0062	29.018099999999997	2.1604	12.8665	0.0	20.384700000000002	13.9208	9.8871	8.228200000000001	27.2117	13.3765	18.008	11.544799999999999	1.7940999999999998	12.8111	13.0498	11.2121	28.4204	19.5495	27.918200000000002	9.2811	23.8415	13.4335	3.067	13.960700000000001	17.093400000000003	12.614799999999999	13.7132	15.1117	10.5075	3.7251999999999996	13.251	8.859399999999999	12.7949	5.7634	12.503	27.8687	18.047	16.1526	11.4436	23.2748	13.8363	2.3526	1.44	8.5978	12.522	11.5136	12.5746	5.5201	9.6104
30	11.0369	7.467899999999999	8.2705	8.1023	14.440700000000001	15.2667	15.4847	16.2652	9.7145	11.754299999999999	12.924100000000001	17.0959	9.3765	14.8849	17.0841	10.2371	10.286100000000001	11.694799999999999	8.266200000000001	11.774899999999999	10.3539	11.4995	24.4802	1.313	14.9011	22.0042	17.297099999999997	22.1584	9.755700000000001	20.4217	0.0	11.270100000000001	11.1597	27.6029	15.4908	10.414	15.583200000000001	10.2317	19.4851	10.575	10.0689	10.9935	16.6995	14.548200000000001	16.197200000000002	12.226899999999999	1.8439	10.358799999999999	18.6463	12.028799999999999	18.0463	10.7466	10.5991	9.4218	10.8057	19.3045	34.851800000000004	11.6195	34.3956	25.1794	34.103699999999996	16.1477	15.9305	10.023700000000002	33.0443	1.4843	11.904399999999999	22.4554	20.1101	12.5576	10.103	10.4263	9.2473	24.9361	11.0369
31	7.0122	7.2793	5.3949	4.2831	10.1302	10.956100000000001	9.024899999999999	9.8702	3.3754	8.139800000000001	11.8352	11.8355	9.383899999999999	10.574399999999999	10.624600000000001	10.358799999999999	2.7151	7.4689	4.374	3.5616999999999996	10.6983	1.1260999999999999	18.9666	13.672600000000001	10.5906	15.8978	22.218700000000002	17.2665	10.1361	14.2222	11.797799999999999	0.0	5.354100000000001	20.9238	20.4123	1.846	4.553	3.0109	13.2856	10.5094	10.3194	8.9412	21.621	6.294	21.1188	6.8585	13.9569	10.703100000000001	12.4468	1.012	6.1485	10.3131	0.9332999999999999	3.4151	4.706300000000001	11.843	27.1535	6.893	26.6973	19.6658	26.4054	21.0693	5.5653999999999995	2.2803	25.346	13.3902	0.8876000000000001	17.0121	13.9106	7.831	9.7916	4.0872	9.472	19.4225	7.0122
32	2.3846999999999996	4.637899999999999	3.4359	4.7505	6.4968	7.3228	4.6017	5.5954	2.4309000000000003	4.5512	8.364600000000001	6.8116	6.9598	6.941	6.7998	7.820399999999999	2.3975	3.6161	3.2024	3.655	7.9372	5.3159	13.9035	13.874799999999999	6.957199999999999	11.4275	21.055400000000002	11.581700000000001	7.339	9.7519	10.702200000000001	4.5183	0.0	17.2904	19.249	3.694	9.4655	2.062	8.815299999999999	8.1583	7.6523	5.2604	20.4577	11.2065	19.9555	3.2251	14.159	7.9421	7.9765	5.2667	11.1302	6.4603	4.4154	5.4292	0.8762000000000001	8.6347	22.090400000000002	2.5655	21.6342	14.6027	21.342299999999998	19.906	10.7666	6.4701	20.2829	13.5923	5.1423000000000005	11.8787	9.440299999999999	3.4078000000000004	7.6863	2.0308	6.8306000000000004	14.359399999999999	2.3846999999999996
33	13.8583	18.2989	19.7525	21.0671	11.1	10.5025	12.6953	11.954600000000001	18.7475	14.3575	15.7896	10.6111	17.5348	10.3704	11.3598	16.671200000000002	19.3624	14.0081	19.519	17.0822	17.047400000000003	21.6325	3.1424000000000003	28.424599999999998	10.36	7.839300000000001	23.3498	8.0642	17.4911	8.0364	28.7628	20.655099999999997	16.4144	0.0	21.543400000000002	20.0106	23.6398	18.0721	9.3798	16.821900000000003	17.6743	14.9281	22.7521	25.1812	22.2499	14.107899999999999	28.7089	17.045	10.3903	22.7605	22.725099999999998	16.6255	20.447599999999998	21.7458	17.2844	11.0486	10.1169	13.338	9.6607	3.2984	9.368799999999998	22.200400000000002	23.6787	22.7867	8.3094	28.1422	22.636200000000002	7.8098	9.4079	12.4527	17.1466	18.0409	18.006700000000002	3.7296	13.8583
34	14.8909	16.154600000000002	17.962	17.8412	16.0563	16.212600000000002	17.3846	19.340799999999998	18.1755	12.8064	9.8726	18.9711	11.9135	16.5005	19.2745	11.05	20.3131	13.781	17.9705	23.2302	13.1882	21.238400000000002	21.4677	16.215799999999998	16.5167	24.575200000000002	2.5046999999999997	24.4022	11.8698	23.7323	16.554	21.5084	17.3965	21.1933	0.0	20.152900000000002	30.962400000000002	19.9592	23.8676	11.2006	13.511299999999999	11.9858	1.9071	29.927400000000002	1.4048	14.3131	16.5001	13.193	23.0287	21.7677	31.9094	11.004299999999999	20.338	19.1606	20.064	23.687	28.4421	14.8292	27.986	21.6237	27.6941	1.3553	31.3096	20.6526	26.634700000000002	15.933399999999999	21.6433	24.1477	23.9151	16.1976	11.5253	20.1538	12.385399999999999	22.0549	14.8909
35	5.476100000000001	6.1097	4.2252	3.1135	9.341700000000001	10.1677	8.2365	9.2409	1.8765	6.9431	10.7565	10.0715	7.923100000000001	9.7859	10.0598	8.898	1.5295	6.008100000000001	3.3236999999999997	3.9369	9.2374	1.9955999999999998	17.4558	12.5029	9.802100000000001	14.9798	21.049	15.134	8.6753	13.3974	10.6281	1.6979000000000002	4.1354	20.1354	19.2426	0.0	6.1452	2.3937	12.460799999999999	9.0486	8.858600000000001	7.652399999999999	20.451400000000003	7.8862	19.949099999999998	6.0701	12.7872	9.242299999999998	11.6219	2.5228	8.231200000000001	8.8523	1.0951	2.6334	3.7813000000000003	12.2802	25.6427	6.1045	25.1865	18.155	24.894599999999997	19.8996	7.1576	3.1498000000000004	23.8352	12.2205	2.3985	15.431	13.085799999999999	7.0426	8.3308	2.5883000000000003	7.084899999999999	17.9117	5.476100000000001
36	11.256200000000002	11.6755	9.791	8.6793	16.2688	15.6714	13.6056	14.8898	7.6566	12.503	16.1984	13.6955	13.7032	15.539299999999999	13.6837	14.6781	7.3096000000000005	11.788200000000002	9.1039	7.6078	15.0176	4.5192	21.0798	16.5177	15.5289	18.6038	32.4427	18.758	14.4555	17.760900000000003	15.4527	4.535399999999999	9.9155	23.831799999999998	30.6363	6.1273	0.0	8.1738	17.0669	14.828700000000001	14.6387	13.4325	31.845	2.185	31.3428	11.2217	17.4548	15.0224	17.252	4.4895	2.8748	14.6324	5.7308	7.0266	9.5615	17.9103	29.266599999999997	11.256200000000002	28.8105	21.779	28.5186	31.293200000000002	1.4564000000000001	5.8918	27.4592	16.888099999999998	4.3651	19.055	17.9437	12.1942	14.110899999999999	8.3684	12.8651	21.535700000000002	11.256200000000002
37	4.6553	6.1834	4.1956999999999995	3.609	8.073	8.899	6.7526	7.262899999999999	1.0557999999999998	6.1224	9.935799999999999	8.2409	7.1023000000000005	8.5172	8.2291	8.077300000000001	0.3529	5.1873000000000005	2.503	2.0751999999999997	9.482700000000001	3.531	15.5711	12.4775	8.5334	13.095	21.0236	13.2492	8.8845	11.4195	10.177700000000002	3.2333000000000003	2.3039	18.377200000000002	19.217200000000002	1.9092	7.6806	0.0	10.4828	8.2279	9.197799999999999	6.831600000000001	20.426	9.4216	19.9237	5.2871999999999995	12.7618	9.4876	9.644	3.9095	8.3742	8.031600000000001	2.6306	4.1689	1.748	10.302299999999999	23.757900000000003	4.605600000000001	23.3017	16.2703	23.009900000000002	19.874200000000002	9.3529	4.6852	21.950400000000002	12.1951	3.7851999999999997	13.5462	11.107899999999999	5.2183	7.5101	0.7266	8.376100000000001	16.027	4.6553
38	8.613	13.323	12.121	13.4356	8.8886	8.9777	6.2153	4.6887	11.116	10.7752	13.7927	5.1801	11.7552	8.929200000000002	5.168399999999999	12.7301	10.8025	9.8401	11.8875	9.4456	13.0695	14.001	6.375	22.5598	9.0678	3.2288	28.9823	3.383	12.5074	1.5726	19.3873	12.923399999999999	8.889700000000001	9.539100000000001	27.175900000000002	12.379100000000001	16.9015	10.5474	0.0	12.880700000000001	12.690700000000001	11.1763	28.384700000000002	18.443	27.8824	9.216700000000001	22.844099999999997	13.074399999999999	1.0184	12.963299999999998	15.9869	12.6844	12.7158	14.1143	9.5101	1.4236	14.5619	8.2973	14.1057	7.0743	13.8139	27.832900000000002	16.9405	15.1552	12.7544	22.2774	12.838899999999999	3.5751999999999997	0.5686	7.6004	12.1629	10.516200000000001	11.5773	6.831	8.613
39	4.4746999999999995	4.8762	5.7578000000000005	7.0724	7.7111	8.5371	7.6836	9.6398	7.7593000000000005	2.3901	4.3641000000000005	9.27	1.5552000000000001	8.1553	9.5735	0.2876	8.3742	3.3647	6.3611	9.863100000000001	0.5912000000000001	10.644200000000001	16.4012	11.5092	8.1715	14.8741	13.3846	14.7011	0.6407	14.0313	11.8474	11.8073	6.9802	15.789	11.5782	9.0224	18.0912	8.319799999999999	14.1665	0.0	0.8092	1.5695	12.7869	19.6327	12.2847	3.8968000000000003	11.7935	0.5961000000000001	13.3277	12.5557	19.1627	0.29819999999999997	11.5998	8.3918	6.815600000000001	13.985899999999999	23.0379	4.4129	22.5817	16.2194	22.2898	12.235100000000001	18.0556	9.883799999999999	21.230400000000003	11.226799999999999	12.431299999999998	14.4467	14.2141	6.4965	0.6078	8.5145	1.0963	16.8571	4.4746999999999995
40	4.2251	3.6344000000000003	4.9281999999999995	6.2428	6.484100000000001	7.3101	6.2953	8.016	7.5097	2.2568	4.6076999999999995	9.270100000000001	0.8501000000000001	6.9283	9.5735	0.7635	8.124600000000001	3.1151	5.5315	9.6135	0.7084	10.3946	16.4012	11.6127	6.9445	14.8742	14.646600000000001	14.7011	0.3023	14.0313	9.7379	10.0785	6.730600000000001	16.4984	12.840200000000001	8.7728	14.5442	8.0702	12.76	0.8258	0.0	1.8132000000000001	14.0489	16.2853	13.546700000000001	3.6471999999999998	11.8969	0.7132999999999999	11.9212	10.921899999999999	16.6904	0.9244	9.494200000000001	7.5623000000000005	7.5438	12.5795	23.7473	4.1633000000000004	23.2911	16.9288	22.999200000000002	13.497200000000001	16.3268	9.054200000000002	21.939799999999998	11.3303	10.797600000000001	14.4467	13.3851	5.1014	0.6383	8.264899999999999	0.5425	16.8571	4.2251
41	3.1474	4.300800000000001	5.1849	6.4995	5.4064	4.8283000000000005	6.3828000000000005	8.339	6.432	0.8356	3.3069	7.9692	1.5438	5.8506	8.2727	1.4484000000000001	7.047	1.9979	5.8696	8.5358	2.2165	9.317	15.1004	12.8225	5.8668000000000005	13.5733	14.0979	13.4003	1.6544	12.7304	10.947700000000001	8.8506	5.653	17.014	12.2916	7.6951	13.4666	6.9926	11.6824	1.599	1.8377000000000001	0.0	13.5003	15.207600000000001	12.998	2.5696	13.1068	2.2214	10.8436	9.599	15.4625	1.4027	8.4165	7.818899999999999	5.4883999999999995	11.5018	23.287200000000002	3.0856999999999997	22.8311	15.7996	22.5392	12.9485	15.0989	8.802100000000001	21.4798	12.5401	9.4746	13.1459	12.9133	5.1956999999999995	1.3099	7.1872	2.1241999999999996	15.556299999999998	3.1474
42	16.0651	17.7468	19.5542	19.433400000000002	17.2946	17.3868	18.558799999999998	20.515	19.349700000000002	13.9806	11.0468	20.1453	13.0877	17.738799999999998	20.448700000000002	12.224200000000002	21.487299999999998	14.955200000000001	19.5627	24.822400000000002	12.600299999999999	22.830599999999997	23.059900000000003	17.808	17.755	25.7494	1.8317	25.576400000000003	13.044	24.9065	18.1462	22.682599999999997	18.570700000000002	22.7855	1.9156	21.745099999999997	32.5546	19.9103	25.0418	12.374799999999999	13.2273	13.16	0.0	31.519599999999997	1.407	15.4873	18.092299999999998	12.598	24.202900000000003	23.4309	33.501599999999996	12.1785	21.9301	20.7528	21.656200000000002	24.8612	30.034299999999998	16.0034	29.578200000000002	23.2159	29.2863	1.3575	32.9018	22.244799999999998	28.2269	17.525599999999997	23.3066	25.321900000000003	25.089299999999998	17.3718	12.6995	20.1049	13.5596	23.6471	16.0651
43	13.009	13.4283	11.543899999999999	10.4321	17.802599999999998	17.205099999999998	15.1394	16.423599999999997	9.4095	14.255799999999999	17.9513	15.229299999999999	15.456	17.0731	15.2175	16.4309	9.0624	13.541	10.8567	9.3606	16.770400000000002	6.272	22.613599999999998	17.1617	17.0627	20.1376	33.0866	20.2918	16.208299999999998	19.294700000000002	16.096700000000002	6.2882	11.668299999999999	25.365599999999997	31.2802	7.8801000000000005	1.9455	9.9266	18.6007	16.581599999999998	16.3915	15.1853	32.4889	0.0	31.9867	12.9746	18.0987	16.775299999999998	18.7858	6.2423	4.4085	16.3852	7.4836	8.779399999999999	11.3143	19.4441	30.8004	13.009	30.3443	23.3128	30.052400000000002	31.9372	2.4639	7.6446000000000005	28.993	17.5321	6.1179	20.5888	19.4775	16.5045	15.8638	10.1213	14.617899999999999	23.0695	13.009
44	15.959700000000002	17.2234	19.030900000000003	18.91	17.1251	17.2814	18.453400000000002	20.4097	19.2443	13.875200000000001	10.9414	20.039900000000003	12.9824	17.5693	20.343400000000003	12.118799999999998	21.3819	14.8498	19.0393	24.2991	14.257	22.307299999999998	22.5365	17.2847	17.5855	25.644	1.3165	25.471	12.938600000000001	24.801099999999998	17.6229	22.5772	18.4653	22.2621	1.3922	21.221799999999998	32.0312	21.028	24.936400000000003	12.2694	14.580200000000001	13.0546	0.9326	30.9962	0.0	15.3819	17.568900000000003	14.261899999999999	24.0976	22.8365	32.978199999999994	12.0731	21.4068	20.2295	21.1328	24.7558	29.511	15.898	29.0548	22.6925	28.762900000000002	0.15030000000000002	32.3785	21.721400000000003	27.7035	17.002299999999998	22.7121	25.2165	24.983900000000002	17.2664	12.594100000000001	21.2226	13.4543	23.1237	15.959700000000002
45	0.7593	4.3713999999999995	4.9465	6.261100000000001	4.071	4.897	3.2171	4.444	4.0429	1.6029	5.4014	5.8545	2.5679000000000003	4.5152	6.1579	3.5429	4.6578	0.6675	4.9315	6.1467	3.8823000000000003	6.9278	12.9856	13.418700000000001	4.5314	10.4465	16.1924	11.2855	3.3202	10.2298	10.7814	6.6301000000000005	3.2638000000000003	14.864700000000001	14.3861	5.306	11.077399999999999	4.6034	9.2932	3.6935	3.5035	2.2998000000000003	15.5948	12.8185	15.0925	0.0	13.703	3.8872	8.4544	7.455100000000001	13.056799999999999	3.4972	6.027399999999999	7.5657	3.0991999999999997	9.1127	21.172400000000003	1.0851	20.7163	13.6848	20.424400000000002	15.043	12.693200000000001	8.082	19.365	13.136299999999999	7.3308	11.0311	9.918299999999999	2.0232	2.9757	4.798100000000001	3.0398	13.4415	0.7593
46	14.0838	10.514899999999999	11.011	10.8308	17.3096	18.1355	16.7985	17.5678	12.4316	14.0001	13.537600000000001	18.3985	11.6223	17.753700000000002	18.3868	12.482899999999999	13.0031	13.9406	10.9601	14.492	12.5997	14.228	25.782799999999998	0.7397	17.77	23.3068	17.9106	23.461	12.0015	21.724400000000003	1.873	13.9986	12.462399999999999	28.2164	16.1043	13.1425	17.2393	12.948799999999999	20.7877	12.820799999999998	12.3148	13.2393	17.313	16.2043	16.8108	14.472700000000001	0.0	12.6046	19.948900000000002	14.757299999999999	19.7024	12.9925	13.3276	12.1502	12.1083	20.607200000000002	35.465300000000006	14.6665	35.0091	28.6468	34.7172	16.761200000000002	17.586599999999997	13.6422	33.6578	0.9144	14.6329	23.758	21.4128	15.6046	12.348799999999999	13.1434	11.4931	29.078	14.0838
47	4.6803	4.7918	5.9622	7.2768999999999995	7.769	8.594899999999999	7.7414	9.6976	7.964899999999999	2.712	4.891	9.3279	1.7103	8.2131	9.6313	0.8145	10.669799999999999	3.5704000000000002	6.5655	11.8674	0.004900000000000001	10.8499	16.459	11.003200000000001	8.2294	14.932	14.023399999999999	14.758899999999999	0.9963	14.0891	11.3414	11.8651	7.1858	16.0433	12.217	9.228	18.149	8.5254	14.2243	0.5569	0.7656000000000001	2.0964	13.4257	19.6905	12.9235	4.102399999999999	11.2874	0.0	13.3855	12.6135	19.2205	0.8251000000000001	11.6576	8.5963	8.7012	14.0438	23.2922	4.618600000000001	22.836	17.1582	22.5441	12.873899999999999	18.113400000000002	10.088299999999998	21.4847	10.7207	12.4891	14.5045	14.2719	6.5543000000000005	1.1089	8.7201	1.2754	16.914900000000003	4.6803
48	7.797899999999999	12.5079	11.3058	12.6205	8.0734	8.1625	5.4002	3.8735	10.300799999999999	9.9601	12.9775	4.3649	10.94	8.1141	4.3532	11.9149	9.9874	9.025	11.0724	8.6305	12.2544	13.185799999999999	7.4018999999999995	21.7447	8.252600000000001	4.9258999999999995	28.1672	5.080100000000001	11.6923	2.9939	18.572200000000002	12.1082	8.0746	10.566	26.360799999999998	11.564	16.0864	9.732299999999999	1.0181	12.0655	11.8755	10.3612	27.5695	17.6278	27.0673	8.4015	22.0289	12.2592	0.0	12.148200000000001	15.1718	11.869200000000001	11.9007	13.299100000000001	8.695	0.9144	15.588700000000001	7.4821	15.1326	8.1011	14.8407	27.0177	16.1254	14.34	13.7813	21.4623	12.0238	5.3771	1.6432	6.7852	11.3478	9.7011	10.7621	7.8578	7.797899999999999
49	7.2134	7.644699999999999	5.7602	4.6485	10.3314	11.157399999999999	9.2262	10.049299999999999	3.7407	8.341	12.0365	10.312299999999999	9.5851	10.7756	10.300600000000001	10.56	2.683	7.670100000000001	4.7393	3.2377	10.8995	1.4859	17.532799999999998	14.0379	10.791799999999999	15.056700000000001	22.584	15.210899999999999	10.337399999999999	13.381200000000002	12.1631	0.7106	5.137899999999999	21.125	20.7776	2.2113	4.6463	3.3109	12.4445	10.710600000000001	10.659	9.1424	21.9863	6.3873	21.484099999999998	7.0598	14.3222	10.9043	11.6057	0.0	5.648	10.514299999999999	1.3206	3.7749	4.9075	11.002	25.7196	7.0942	25.2634	18.232	24.9716	21.4346	5.3168999999999995	2.6401	23.9121	13.7555	0.19080000000000003	15.5079	13.069600000000001	8.0323	9.992899999999999	3.5813	9.837399999999999	17.9887	7.2134
50	12.0618	16.6629	10.45	9.3382	15.0978	14.5003	12.4346	13.7187	8.4305	13.1894	19.4797	12.5244	14.4336	14.3682	12.5127	15.4085	7.8434	12.5185	9.4291	7.7592	15.7479	6.8468	19.9087	18.671599999999998	14.3578	17.4327	27.273799999999998	17.5869	15.185799999999999	16.5898	17.6065	6.8629	12.1228	22.660700000000002	25.4674	6.9011000000000005	2.7974	7.8324	15.8958	15.5591	19.6773	16.8633	26.676099999999998	4.3388	26.1739	11.9082	19.012	15.752799999999999	16.081	5.8082	0.0	15.3628	6.7326999999999995	9.3541	9.756	16.7392	28.095599999999997	11.9426	27.639400000000002	20.6079	27.3475	26.124299999999998	2.8363	8.2194	26.2881	18.4453	5.6838	17.8839	16.772599999999997	13.799700000000001	14.841299999999999	8.1028	18.8556	20.3646	12.0618
51	4.3233999999999995	4.725	5.6065	6.9212	7.3485	8.1745	7.3209	9.2771	7.608	2.2389	4.2128000000000005	8.907399999999999	1.404	7.7927	9.210799999999999	0.2403	10.2494	3.2135	6.2098	9.711799999999998	0.8593999999999999	10.493	16.0385	11.7774	7.8088999999999995	14.5115	13.0219	14.3385	0.8206	13.6686	10.6842	11.444700000000001	6.829	15.4264	11.2155	8.8712	17.7286	8.1686	13.8039	0.29819999999999997	0.989	1.4183	12.424299999999999	19.27	11.922	3.7456	12.0616	0.8642000000000001	12.965	12.193	18.8	0.0	11.237200000000001	8.2406	6.6644	13.623299999999999	22.6752	4.261699999999999	22.219099999999997	15.8568	21.9272	11.8725	17.693	9.7326	20.8678	11.495	12.068700000000002	14.084	13.8514	6.1339	1.0157	8.3632	1.2761	16.288	4.3233999999999995
52	6.517399999999999	6.5397	4.6553	3.5435	9.635399999999999	10.4614	8.5302	9.375399999999999	2.6862	7.645	11.3405	11.3407	8.889100000000001	10.079600000000001	10.8695	9.8641	2.3392	6.9741	3.6344000000000003	3.0669	10.2035	1.4743	18.4719	12.933	10.095799999999999	15.7895	21.4791	16.7718	9.641399999999999	13.7469	11.058200000000001	0.8215	4.8593	20.4291	19.6727	1.1568	5.2889	3.2033	12.8103	10.014700000000001	9.8247	8.446399999999999	20.881400000000003	7.0299	20.3792	6.3638	13.2173	10.2084	11.9715	1.5699	8.1758	9.818299999999999	0.0	2.2894	4.211600000000001	11.367700000000001	26.6587	6.3982	26.202599999999997	19.1711	25.910700000000002	20.3297	7.8122	2.6285	24.8513	12.6506	1.4455	16.517400000000002	13.4353	7.3363000000000005	9.296899999999999	3.398	8.7324	18.927799999999998	6.517399999999999
53	7.771100000000001	5.4226	3.5382	1.9216	11.629299999999999	12.455200000000001	10.524	11.4834	4.1715	9.6389	10.5944	12.3141	7.7445	12.0734	12.302299999999999	8.194600000000001	3.7206	8.3031	2.9891	5.3231	8.7219	2.5831	19.698400000000003	11.8159	12.0897	17.2224	20.361900000000002	17.3766	8.1237	15.639899999999999	9.9411	3.4172	6.3778999999999995	22.422900000000002	18.5556	2.6649000000000003	7.0028999999999995	4.5405	14.703299999999999	8.943	8.4369	7.7999	19.7643	8.7439	19.2621	8.3576	12.100100000000001	8.726799999999999	13.8645	3.7571999999999997	8.9224	8.2481	2.2684	0.0	6.023899999999999	14.5227	27.8852	8.392	27.4291	20.397599999999997	27.1372	19.2125	8.0153	2.143	26.0778	11.5335	3.6329000000000002	17.673599999999997	15.328299999999999	9.3301	7.6355	4.7351	7.6153	20.1543	7.771100000000001
54	2.9272	4.9593	3.7571999999999997	5.071899999999999	6.339899999999999	7.1659	5.2346	5.914899999999999	2.1533	4.3943	8.2077	7.0187	5.3742	6.7841000000000005	7.007	6.3491	1.8997	3.4591999999999996	3.5238	2.8587	8.2585	5.0456	14.2231	14.1961	6.8003	11.7471	21.3767	11.901299999999999	7.6603	10.0715	11.0236	4.3614	1.4804000000000002	17.1335	19.5703	3.4238000000000004	10.645299999999999	1.5413	9.134799999999998	6.4998000000000005	7.9736	5.1035	20.7791	12.1868	20.276799999999998	3.0682	14.4803	8.263399999999999	8.296	5.1098	10.9733	6.3034	4.153899999999999	5.6835	0.0	8.9543	22.4099	3.1027	21.953799999999998	14.9223	21.661900000000003	20.2273	10.6097	6.1998	20.6025	13.9137	4.985399999999999	12.1983	9.7599	4.0407	5.782	1.5101	7.1518999999999995	14.679	2.9272
55	8.7629	13.4729	12.2709	13.5855	9.0384	9.127600000000001	6.3652	4.8385	11.2659	10.9251	13.9425	5.33	11.905	9.0791	5.3182	12.8799	10.952399999999999	9.99	12.0374	9.5955	13.2194	11.9997	8.3669	22.7097	9.2177	5.890899999999999	29.1322	6.045100000000001	12.6573	3.9589000000000003	19.537200000000002	13.0732	9.0396	11.531	27.3258	12.529	17.0514	10.697299999999998	1.7366	13.0306	12.8406	11.3262	28.5345	18.5929	28.0323	9.3666	22.994	13.2243	1.2488	11.0395	11.7095	12.834200000000001	12.8657	14.2642	9.66	0.0	16.5538	8.4472	16.0976	9.0661	15.8057	27.9828	17.090400000000002	15.305	14.7463	22.4273	10.9151	6.3421	2.5799000000000003	7.7501999999999995	12.3128	10.6661	11.7271	8.822799999999999	8.7629
56	20.990299999999998	26.746599999999997	25.5446	26.8592	18.5448	17.9473	18.3854	17.3055	24.5396	21.1459	23.2344	15.962	24.979599999999998	17.8153	16.1807	24.1161	24.2261	21.0958	25.3111	22.8692	24.4922	27.424599999999998	8.4933	35.8695	17.8048	13.1902	30.7946	13.4151	24.9359	13.3872	36.207699999999996	26.3469	22.313299999999998	9.5533	28.9882	25.8027	29.6516	23.971	14.7306	24.2667	25.1191	21.9867	30.197	31.193099999999998	29.6947	20.891599999999997	36.1537	24.489900000000002	15.741200000000001	26.3869	28.737	24.070400000000003	26.139400000000002	27.5379	22.9337	16.3995	0.0	20.469900000000003	1.0595	8.649299999999998	2.2281999999999997	29.6452	29.6906	28.5787	2.4054	35.587	26.2625	13.1606	14.758799999999999	19.297	24.5914	23.939799999999998	25.4515	9.0805	20.990299999999998
57	1.2258	5.563899999999999	5.6629	6.9775	2.7746	2.8636999999999997	2.2799	4.0005999999999995	4.7593000000000005	2.4421999999999997	6.2556	4.601	3.4221999999999997	3.1493	4.5892	4.3971	4.8645	1.5072	5.648	4.7982	4.7366	7.6443	11.985299999999999	14.6112	2.9538	9.5093	17.0467	9.6635	4.1743999999999994	8.6664	11.9739	6.903899999999999	2.8483	13.082600000000001	15.2403	6.022399999999999	14.6737	4.506	8.756	4.5477	4.3576999999999995	3.1515	16.449	16.2151	15.9468	0.8967999999999999	14.8955	4.7414	7.9172	6.8806	13.759	4.3514	6.6964	8.2821	3.4741999999999997	8.5754	20.172099999999997	0.0	19.716	12.6845	19.4241	15.897200000000002	14.7126	8.798399999999999	18.3647	14.3288	6.7562	9.9605	8.849200000000002	1.086	3.8299000000000003	4.4748	3.8941	12.4412	1.2258
58	20.3869	26.1432	24.941200000000002	26.2558	17.9414	17.344	17.782	16.702099999999998	23.9362	20.5426	22.6311	15.358600000000001	24.3763	17.2119	15.5773	23.512700000000002	23.622799999999998	20.4924	24.7077	22.2658	23.8888	26.8212	7.8899	35.2661	17.2015	12.586799999999998	30.191200000000002	12.8117	24.3325	12.7839	35.6043	25.743599999999997	21.7099	8.95	28.384900000000002	25.1993	29.048299999999998	23.3676	14.1273	23.6633	24.5158	21.3833	29.5936	30.5897	29.0914	20.2883	35.5504	23.8865	15.137799999999999	25.7835	28.133599999999998	23.467	25.536099999999998	26.9345	22.330299999999998	15.796100000000001	0.9123	19.8666	0.0	8.0459	1.6248	29.0418	29.0872	27.9754	1.802	34.9837	25.659200000000002	12.5573	14.1554	18.6937	23.988	23.3364	24.848200000000002	8.4771	20.3869
59	13.3305	19.0868	17.8848	19.1994	12.8304	11.886700000000001	10.7256	9.645700000000001	16.8798	13.4862	16.9432	8.302200000000001	15.351	11.7546	8.5209	15.7753	16.5664	13.436	17.6513	15.2094	16.5435	19.7648	0.8335	28.3236	11.744200000000001	5.530399999999999	24.734	5.7553	15.9813	5.727399999999999	25.1511	18.6872	14.6535	3.4926999999999997	22.927599999999998	18.1429	21.9919	16.3112	7.0708	15.9259	16.1646	14.3269	24.1363	23.5333	23.6341	13.2319	28.6079	16.548299999999998	8.0814	18.7271	21.0772	15.7296	18.4797	19.8781	15.2739	8.739700000000001	8.5155	12.8102	8.0593	0.0	7.767399999999999	23.5846	22.0308	20.919	6.708	28.0412	18.6028	5.5008	7.099	11.6373	15.6368	16.28	16.4511	1.4207	13.3305
60	20.042099999999998	25.7984	24.596400000000003	25.911	17.5966	16.999200000000002	17.4372	16.3573	23.5914	20.1978	22.2863	15.0138	24.0315	16.867099999999997	15.2325	23.167900000000003	23.278	20.1477	24.3629	21.921	23.544	26.4764	7.545100000000001	34.9213	16.8567	12.242	29.846400000000003	12.466899999999999	23.9877	12.4391	35.2595	25.398799999999998	21.365099999999998	8.6052	28.0401	24.8545	28.7035	23.0229	13.7825	23.3185	24.171	21.0385	29.2488	30.2449	28.746599999999997	19.9435	35.2056	23.541700000000002	14.7931	25.4387	27.7888	23.1222	25.1913	26.5897	21.9855	15.4513	2.048	19.5218	1.5917999999999999	7.7011	0.0	28.697	28.7424	27.630599999999998	1.4572	34.6389	25.314400000000003	12.2125	13.8106	18.3489	23.6432	22.9916	24.503400000000003	8.1323	20.042099999999998
61	15.8095	17.0731	18.880599999999998	18.7598	16.9749	17.1311	18.3032	20.259400000000003	19.094099999999997	13.725	10.7912	19.8897	12.8321	17.4191	20.193099999999998	11.9685	21.2316	14.6996	18.8891	24.148799999999998	14.1068	22.157	22.3863	17.134400000000003	17.435299999999998	25.4938	1.4735999999999998	25.320700000000002	12.7884	24.6509	17.4726	22.4269	18.315	22.111900000000002	1.242	21.0715	31.881	20.8777	24.786099999999998	12.119200000000001	14.4299	12.904399999999999	1.2586	30.846	0.3738	15.2316	17.4187	14.111600000000001	23.9473	22.6862	32.828	11.922799999999999	21.2565	20.0792	20.982599999999998	24.6056	29.3607	15.7478	28.9045	22.5423	28.6127	0.0	32.2282	21.5712	27.5532	16.852	22.5619	25.0663	24.8337	17.1161	12.4439	21.072400000000002	13.304	22.9734	15.8095
62	11.476600000000001	11.8958	10.0114	8.8996	15.8301	15.2326	13.1669	14.451	7.877	12.7234	16.4188	13.2567	13.9236	15.1005	13.245	14.8985	7.53	12.0086	9.324200000000001	7.8282	15.238	4.7396	20.641	16.564400000000003	15.0901	18.165	32.4893	18.319200000000002	14.675799999999999	17.3221	15.4994	4.7558	10.1359	23.393	30.6829	6.347600000000001	0.6902	8.394200000000001	16.6281	15.049100000000001	14.8591	13.652899999999999	31.8917	2.2316	31.389400000000002	11.4421	17.5015	15.242799999999999	16.813299999999998	4.709899999999999	2.436	14.852799999999998	5.9512	7.247	9.781799999999999	17.4715	28.827900000000003	11.4765	28.3717	21.3402	28.0798	31.3399	0.0	6.1122	27.020400000000002	16.9348	4.5855	18.6162	17.504900000000003	14.532	14.331299999999999	8.588799999999999	13.0854	21.0969	11.476600000000001
63	6.9394	5.7837	3.8992	2.7875	10.797600000000001	11.6236	9.6924	10.6518	3.3399	8.8072	11.273	11.4824	8.1055	11.2418	11.4707	8.5849	2.889	7.4714	2.8783000000000003	4.4914	9.083	1.8075999999999999	18.8667	12.1769	11.258	16.390700000000002	20.723	16.544900000000002	8.4847	14.8083	10.302100000000001	2.6416999999999997	5.5463000000000005	21.5913	18.9166	1.8332	6.227399999999999	3.7088	13.8717	9.304	8.798	8.1571	20.125400000000003	7.9684	19.623099999999997	7.526	12.461200000000002	9.0878	13.0328	2.9817	8.1469	9.3687	1.4367	1.1348	5.1922	13.6911	27.0536	7.5604	26.5974	19.565900000000003	26.3055	19.5736	7.2398	0.0	25.2461	11.8945	2.8574	16.841900000000003	14.4967	8.4985	8.0257	3.9035	7.9764	19.322599999999998	6.9394
64	18.7422	24.4985	23.2965	24.611099999999997	16.2967	15.699200000000001	16.1373	15.0574	22.2915	18.8978	20.9863	13.713899999999999	22.7315	15.567200000000001	13.9326	21.868	21.978	18.8477	23.063	20.6211	22.2441	25.1765	6.2452	33.6214	15.556700000000001	10.9421	28.5465	11.167	22.6878	11.139100000000001	33.9596	24.0988	20.0652	7.3052	26.740099999999998	23.554599999999997	27.4035	21.722900000000003	12.4825	22.0186	22.871	19.738599999999998	27.9488	28.945	27.4466	18.6435	33.9056	22.241799999999998	13.4931	24.1388	26.4889	21.8223	23.891299999999998	25.2898	20.685599999999997	14.151399999999999	2.6111	18.221799999999998	2.1549	6.4012	1.8631	27.3971	27.4425	26.330599999999997	0.0	33.3389	24.014400000000002	10.9125	12.5106	17.0489	22.3433	21.6917	23.203400000000002	6.8324	18.7422
65	13.472299999999999	9.9034	10.3994	10.219299999999999	16.698	17.524	16.187	16.9563	11.8201	13.3886	12.9261	17.787	11.0108	17.1422	17.7752	11.8714	12.3916	13.3291	10.348600000000001	13.8805	11.9882	13.6165	25.1713	0.4228	17.1584	22.6953	17.2991	22.8495	11.39	21.1128	1.6342999999999999	13.387	11.8508	27.6049	15.492700000000001	12.531	17.0437	12.337200000000001	20.1762	12.209299999999999	11.7032	12.627799999999999	16.7015	16.0086	16.1992	13.8612	0.7071000000000001	11.9931	19.337400000000002	14.145700000000001	20.0084	12.3809	12.716	11.5387	11.496799999999999	19.9956	34.8538	14.055	34.3976	28.0353	34.1057	16.1497	17.390900000000002	13.030700000000001	33.0463	0.0	14.0214	23.1465	20.8012	14.9931	11.7373	12.5319	10.8816	28.4665	13.472299999999999
66	7.2184	7.6497	5.7652	4.6535	10.3364	11.1624	9.231200000000001	10.0543	3.7457	8.346	12.0415	10.3173	9.5901	10.7806	10.3056	10.565	2.688	7.6751000000000005	4.7443	3.2426999999999997	10.9045	1.624	17.5378	14.0429	10.7968	15.0618	22.589	15.216	10.3424	13.3862	12.1681	0.7156	5.1429	21.1301	20.7826	2.2164	4.6513	3.3159	12.4495	10.7156	10.664	9.1474	21.991400000000002	6.3923000000000005	21.489099999999997	7.0648	14.327200000000001	10.9094	11.610700000000001	0.12440000000000001	5.6531	10.5193	1.3256	3.913	4.9125	11.007	25.7246	7.0992	25.2685	18.237	24.976599999999998	21.4396	5.321899999999999	2.7782	23.9172	13.7605	0.0	15.513	13.0746	8.0373	9.9979	3.5863	9.8424	17.9937	7.2184
67	10.7054	16.2018	14.9997	16.3144	10.2053	10.195799999999998	8.1005	6.7606	13.9948	10.8611	14.318100000000001	5.6771	12.7259	10.063799999999999	5.8958	13.1502	13.681299999999998	10.8109	14.7663	12.324399999999999	13.918299999999999	16.8797	4.7068	25.438599999999997	10.0534	1.2868	29.396900000000002	0.2544	13.356200000000001	2.327	22.266099999999998	15.802100000000001	11.7685	7.8709	27.5906	15.2579	19.1068	13.426200000000001	3.6801999999999997	13.300799999999999	13.5395	11.701799999999999	28.7993	20.6483	28.297099999999997	10.6067	25.722900000000003	13.923200000000001	5.1964	15.8421	18.1922	13.1045	15.5946	16.9931	12.3889	5.8546000000000005	12.8937	10.185	12.4375	5.406	12.1456	28.2475	19.145799999999998	18.033900000000003	11.086200000000002	25.156200000000002	15.7177	0.0	3.3261	9.0121	13.011700000000001	13.395	13.826	4.2326999999999995	10.7054
68	9.236	13.946	12.744	14.0586	9.5115	9.2968	6.8383	5.3116	11.739	11.398200000000001	14.0282	5.4156	12.3781	9.1647	5.403899999999999	12.8602	11.4255	10.4631	12.5105	10.0686	13.6925	14.623899999999999	6.4032	23.1828	9.1543	3.0427	29.2178	3.1969000000000003	13.1304	1.3865	20.0103	13.546299999999999	9.5127	9.5673	27.4114	13.0021	17.5245	11.170399999999999	0.5686	13.0108	13.3137	11.4118	28.6202	19.066	28.117900000000002	9.8397	23.4671	13.6974	1.6414000000000002	13.5863	16.609900000000003	12.8145	13.338799999999999	14.7373	10.1331	2.0718	14.59	8.9203	14.133899999999999	7.102399999999999	13.842	28.0684	17.5635	15.7781	12.7826	22.9004	13.4619	3.389	0.0	8.2233	12.7859	11.1392	12.2002	6.859100000000001	9.236
69	1.7882	5.9657	6.5408	7.8553999999999995	1.8836	1.9727999999999999	1.3889	3.1096999999999997	5.6372	3.3202	6.4713	4.0069	4.3001000000000005	2.2583	3.6983	5.275	6.2521	2.3851	6.5259	4.4648	5.6145	8.522200000000002	11.138	15.0131	2.0629	8.6183	18.1893	9.438	5.0524	7.775399999999999	12.3757	7.781899999999999	3.4107	12.191600000000001	16.3829	6.9003000000000005	13.7827	5.0684	7.7027	5.4256	5.235600000000001	3.855	17.5917	15.324200000000001	17.0894	1.7748	15.2973	5.6193	6.863899999999999	8.5302	12.8681	5.2293	7.5744	9.16	4.0366	7.5221	19.324900000000003	1.3531	18.8687	11.837200000000001	18.5768	17.039900000000003	13.8217	9.6764	17.517400000000002	14.7306	8.405899999999999	9.1835	8.3277	0.0	4.7078999999999995	5.0371999999999995	4.772	11.5939	1.7882
70	3.8175	4.1626	5.0441	6.3588000000000005	6.0765	6.9025	5.8878	7.6085	7.1021	1.8493	4.2002	8.8625	0.8475	6.5207	9.166	0.5836	7.7171	2.7076	5.647399999999999	9.2059	0.9311	9.9871	15.9937	12.002600000000001	6.536899999999999	14.4666	14.869200000000001	14.2936	0.36889999999999995	13.623700000000001	10.127799999999999	9.671	6.3231	16.0909	13.062899999999999	8.3653	14.136700000000001	7.6627	12.3525	0.6292000000000001	0.5522	1.4057	14.271600000000001	15.8777	13.7694	3.2397	12.2869	0.9359	11.5137	10.5144	16.282899999999998	0.7444	9.0866	7.6781999999999995	6.1585	12.171899999999999	23.3397	3.7558000000000002	22.883599999999998	16.5213	22.5917	13.7198	15.9193	9.170200000000001	21.5323	11.7202	10.39	14.039200000000001	12.9775	4.693899999999999	0.0	7.8573	0.8582000000000001	16.4496	3.8175
71	4.5249	6.8173	5.2603	4.694100000000001	6.521100000000001	6.6102	6.0259	6.8065	2.1203000000000003	7.879	11.5745	8.069600000000001	9.1392	6.8958	8.0578	8.453100000000001	1.1732	5.5632	3.5676	1.3485999999999998	10.1166	4.4036	15.114600000000001	13.5421	6.7003	12.6386	22.0882	12.7928	9.5184	10.963	11.2422	3.2053000000000003	2.3137	18.2059	20.2818	2.7818	7.2688999999999995	1.186	10.026399999999999	10.3377	9.8316	7.2075	21.4905	9.0099	20.9883	6.5977	13.8264	10.1214	9.1875	3.1829	7.647600000000001	8.407399999999999	2.7967	4.591	2.3819	9.845799999999999	23.3014	4.2091	22.845299999999998	15.813799999999999	22.5534	20.9387	8.626299999999999	5.5578	21.494	13.2597	3.0585	13.089799999999999	10.651399999999999	5.047	7.8858999999999995	0.0	9.01	15.5705	4.5249
72	3.9293	3.0919	4.3857	5.700399999999999	6.1883	7.0143	5.9995	7.7202	7.2139	2.8788	4.9125	7.9717	0.5162	6.6325	8.2751	1.0506	7.8288	2.8193	4.989	10.1676	1.1622000000000001	10.098799999999999	15.102799999999998	11.070200000000002	6.6487	13.5758	15.1004	13.4028	0.5692	12.732899999999999	9.1954	9.7827	7.3553999999999995	16.8214	13.2941	8.477	14.2484	8.2905	12.4642	1.0963	0.6043999999999999	2.118	14.502799999999999	15.9895	14.0005	3.3514	11.3545	1.1670999999999998	11.625399999999999	10.626100000000001	18.4283	1.2115	9.1984	7.0198	7.0013000000000005	12.283700000000001	24.0702	3.8675	23.614	15.802	23.322200000000002	13.951	16.031	8.5118	22.262700000000002	10.787799999999999	10.5018	13.148299999999999	13.0893	4.8056	1.2427000000000001	8.2593	0.0	15.5587	3.9293
73	12.8772	18.6335	17.4315	18.7462	12.3772	12.0442	10.2723	9.1924	16.4265	13.0329	16.49	7.849	14.8978	11.9121	8.0676	15.322	16.1131	12.9828	17.198	14.7561	16.0902	19.3115	0.8196	27.8704	11.9017	5.077100000000001	24.8915	4.3133	15.5281	5.2741999999999996	24.6979	18.233900000000002	14.200299999999999	3.6502	23.085099999999997	17.6896	21.5386	15.858	6.6176	15.4726	15.7113	13.8736	24.2938	23.08	23.7916	12.7786	28.1546	16.095	7.6282	18.273799999999998	20.623900000000003	15.276299999999999	18.026400000000002	19.424799999999998	14.8207	8.2864	8.673	12.3569	8.2168	1.1853	7.9249	23.742099999999997	21.577599999999997	20.465700000000002	6.8655	27.5879	18.1495	4.1914	6.6457	11.184	15.1836	15.826799999999999	15.9979	0.0	12.8772
;
