set K:= 1	2;
set C_H:= 1	2	3	4	5	6	7	8;
set C_S:= 9	10	11	12	13	14	15	16;
set C_F:= 17	18	19	20	21	22	23	24	25	26	27	28	29	30	31	32	33	34	35	36	37	38	39	40;
set M:= 41	42	43	44	45	46;
set L_B:= 47	48	49	50	51;
set A1:=
(0,*) 1 2 3 4 5 6 7 8 17 18 19 20 21 22 23 24 25 26 27 28 29 30 31 32 33 34 35 36 37 38 39 40 41 42 43 44 45 46 47 48 49 50 51 52
(1,*) 0 2 3 4 5 6 7 8 17 18 19 20 21 22 23 24 25 26 27 28 29 30 31 32 33 34 35 36 37 38 39 40 41 42 43 44 45 46 47 48 49 50 51 52
(2,*) 0 1 3 4 5 6 7 8 17 18 19 20 21 22 23 24 25 26 27 28 29 30 31 32 33 34 35 36 37 38 39 40 41 42 43 44 45 46 47 48 49 50 51 52
(3,*) 0 1 2 4 5 6 7 8 17 18 19 20 21 22 23 24 25 26 27 28 29 30 31 32 33 34 35 36 37 38 39 40 41 42 43 44 45 46 47 48 49 50 51 52
(4,*) 0 1 2 3 5 6 7 8 17 18 19 20 21 22 23 24 25 26 27 28 29 30 31 32 33 34 35 36 37 38 39 40 41 42 43 44 45 46 47 48 49 50 51 52
(5,*) 0 1 2 3 4 6 7 8 17 18 19 20 21 22 23 24 25 26 27 28 29 30 31 32 33 34 35 36 37 38 39 40 41 42 43 44 45 46 47 48 49 50 51 52
(6,*) 0 1 2 3 4 5 7 8 17 18 19 20 21 22 23 24 25 26 27 28 29 30 31 32 33 34 35 36 37 38 39 40 41 42 43 44 45 46 47 48 49 50 51 52
(7,*) 0 1 2 3 4 5 6 8 17 18 19 20 21 22 23 24 25 26 27 28 29 30 31 32 33 34 35 36 37 38 39 40 41 42 43 44 45 46 47 48 49 50 51 52
(8,*) 0 1 2 3 4 5 6 7 17 18 19 20 21 22 23 24 25 26 27 28 29 30 31 32 33 34 35 36 37 38 39 40 41 42 43 44 45 46 47 48 49 50 51 52
(17,*) 0 1 2 3 4 5 6 7 8 18 19 20 21 22 23 24 25 26 27 28 29 30 31 32 33 34 35 36 37 38 39 40 41 42 43 44 45 46 47 48 49 50 51 52
(18,*) 0 1 2 3 4 5 6 7 8 17 19 20 21 22 23 24 25 26 27 28 29 30 31 32 33 34 35 36 37 38 39 40 41 42 43 44 45 46 47 48 49 50 51 52
(19,*) 0 1 2 3 4 5 6 7 8 17 18 20 21 22 23 24 25 26 27 28 29 30 31 32 33 34 35 36 37 38 39 40 41 42 43 44 45 46 47 48 49 50 51 52
(20,*) 0 1 2 3 4 5 6 7 8 17 18 19 21 22 23 24 25 26 27 28 29 30 31 32 33 34 35 36 37 38 39 40 41 42 43 44 45 46 47 48 49 50 51 52
(21,*) 0 1 2 3 4 5 6 7 8 17 18 19 20 22 23 24 25 26 27 28 29 30 31 32 33 34 35 36 37 38 39 40 41 42 43 44 45 46 47 48 49 50 51 52
(22,*) 0 1 2 3 4 5 6 7 8 17 18 19 20 21 23 24 25 26 27 28 29 30 31 32 33 34 35 36 37 38 39 40 41 42 43 44 45 46 47 48 49 50 51 52
(23,*) 0 1 2 3 4 5 6 7 8 17 18 19 20 21 22 24 25 26 27 28 29 30 31 32 33 34 35 36 37 38 39 40 41 42 43 44 45 46 47 48 49 50 51 52
(24,*) 0 1 2 3 4 5 6 7 8 17 18 19 20 21 22 23 25 26 27 28 29 30 31 32 33 34 35 36 37 38 39 40 41 42 43 44 45 46 47 48 49 50 51 52
(25,*) 0 1 2 3 4 5 6 7 8 17 18 19 20 21 22 23 24 26 27 28 29 30 31 32 33 34 35 36 37 38 39 40 41 42 43 44 45 46 47 48 49 50 51 52
(26,*) 0 1 2 3 4 5 6 7 8 17 18 19 20 21 22 23 24 25 27 28 29 30 31 32 33 34 35 36 37 38 39 40 41 42 43 44 45 46 47 48 49 50 51 52
(27,*) 0 1 2 3 4 5 6 7 8 17 18 19 20 21 22 23 24 25 26 28 29 30 31 32 33 34 35 36 37 38 39 40 41 42 43 44 45 46 47 48 49 50 51 52
(28,*) 0 1 2 3 4 5 6 7 8 17 18 19 20 21 22 23 24 25 26 27 29 30 31 32 33 34 35 36 37 38 39 40 41 42 43 44 45 46 47 48 49 50 51 52
(29,*) 0 1 2 3 4 5 6 7 8 17 18 19 20 21 22 23 24 25 26 27 28 30 31 32 33 34 35 36 37 38 39 40 41 42 43 44 45 46 47 48 49 50 51 52
(30,*) 0 1 2 3 4 5 6 7 8 17 18 19 20 21 22 23 24 25 26 27 28 29 31 32 33 34 35 36 37 38 39 40 41 42 43 44 45 46 47 48 49 50 51 52
(31,*) 0 1 2 3 4 5 6 7 8 17 18 19 20 21 22 23 24 25 26 27 28 29 30 32 33 34 35 36 37 38 39 40 41 42 43 44 45 46 47 48 49 50 51 52
(32,*) 0 1 2 3 4 5 6 7 8 17 18 19 20 21 22 23 24 25 26 27 28 29 30 31 33 34 35 36 37 38 39 40 41 42 43 44 45 46 47 48 49 50 51 52
(33,*) 0 1 2 3 4 5 6 7 8 17 18 19 20 21 22 23 24 25 26 27 28 29 30 31 32 34 35 36 37 38 39 40 41 42 43 44 45 46 47 48 49 50 51 52
(34,*) 0 1 2 3 4 5 6 7 8 17 18 19 20 21 22 23 24 25 26 27 28 29 30 31 32 33 35 36 37 38 39 40 41 42 43 44 45 46 47 48 49 50 51 52
(35,*) 0 1 2 3 4 5 6 7 8 17 18 19 20 21 22 23 24 25 26 27 28 29 30 31 32 33 34 36 37 38 39 40 41 42 43 44 45 46 47 48 49 50 51 52
(36,*) 0 1 2 3 4 5 6 7 8 17 18 19 20 21 22 23 24 25 26 27 28 29 30 31 32 33 34 35 37 38 39 40 41 42 43 44 45 46 47 48 49 50 51 52
(37,*) 0 1 2 3 4 5 6 7 8 17 18 19 20 21 22 23 24 25 26 27 28 29 30 31 32 33 34 35 36 38 39 40 41 42 43 44 45 46 47 48 49 50 51 52
(38,*) 0 1 2 3 4 5 6 7 8 17 18 19 20 21 22 23 24 25 26 27 28 29 30 31 32 33 34 35 36 37 39 40 41 42 43 44 45 46 47 48 49 50 51 52
(39,*) 0 1 2 3 4 5 6 7 8 17 18 19 20 21 22 23 24 25 26 27 28 29 30 31 32 33 34 35 36 37 38 40 41 42 43 44 45 46 47 48 49 50 51 52
(40,*) 0 1 2 3 4 5 6 7 8 17 18 19 20 21 22 23 24 25 26 27 28 29 30 31 32 33 34 35 36 37 38 39 41 42 43 44 45 46 47 48 49 50 51 52
(41,*) 0 1 2 3 4 5 6 7 8 17 18 19 20 21 22 23 24 25 26 27 28 29 30 31 32 33 34 35 36 37 38 39 40 42 43 44 45 46 47 48 49 50 51 52
(42,*) 0 1 2 3 4 5 6 7 8 17 18 19 20 21 22 23 24 25 26 27 28 29 30 31 32 33 34 35 36 37 38 39 40 41 43 44 45 46 47 48 49 50 51 52
(43,*) 0 1 2 3 4 5 6 7 8 17 18 19 20 21 22 23 24 25 26 27 28 29 30 31 32 33 34 35 36 37 38 39 40 41 42 44 45 46 47 48 49 50 51 52
(44,*) 0 1 2 3 4 5 6 7 8 17 18 19 20 21 22 23 24 25 26 27 28 29 30 31 32 33 34 35 36 37 38 39 40 41 42 43 45 46 47 48 49 50 51 52
(45,*) 0 1 2 3 4 5 6 7 8 17 18 19 20 21 22 23 24 25 26 27 28 29 30 31 32 33 34 35 36 37 38 39 40 41 42 43 44 46 47 48 49 50 51 52
(46,*) 0 1 2 3 4 5 6 7 8 17 18 19 20 21 22 23 24 25 26 27 28 29 30 31 32 33 34 35 36 37 38 39 40 41 42 43 44 45 47 48 49 50 51 52
(47,*) 0 1 2 3 4 5 6 7 8 17 18 19 20 21 22 23 24 25 26 27 28 29 30 31 32 33 34 35 36 37 38 39 40 41 42 43 44 45 46 48 49 50 51 52
(48,*) 0 1 2 3 4 5 6 7 8 17 18 19 20 21 22 23 24 25 26 27 28 29 30 31 32 33 34 35 36 37 38 39 40 41 42 43 44 45 46 47 49 50 51 52
(49,*) 0 1 2 3 4 5 6 7 8 17 18 19 20 21 22 23 24 25 26 27 28 29 30 31 32 33 34 35 36 37 38 39 40 41 42 43 44 45 46 47 48 50 51 52
(50,*) 0 1 2 3 4 5 6 7 8 17 18 19 20 21 22 23 24 25 26 27 28 29 30 31 32 33 34 35 36 37 38 39 40 41 42 43 44 45 46 47 48 49 51 52
(51,*) 0 1 2 3 4 5 6 7 8 17 18 19 20 21 22 23 24 25 26 27 28 29 30 31 32 33 34 35 36 37 38 39 40 41 42 43 44 45 46 47 48 49 50 52
(52,*) 0 1 2 3 4 5 6 7 8 17 18 19 20 21 22 23 24 25 26 27 28 29 30 31 32 33 34 35 36 37 38 39 40 41 42 43 44 45 46 47 48 49 50 51
;
set A2:=
(41,*) 42
(42,*) 41
(43,*) 44
(44,*) 43
(45,*) 46
(46,*) 45
;
param BigM:=99999;
param n:= 2;
param d:=
1	2
2	3
3	5
4	2
5	5
6	5
7	2
8	5
9	4
10	2
11	3
12	1
13	3
14	4
15	2
16	3
17	5
18	5
19	2
20	3
21	4
22	5
23	2
24	3
25	1
26	5
27	1
28	5
29	3
30	3
31	1
32	5
33	3
34	5
35	1
36	4
37	4
38	1
39	3
40	3
;
param Q:=160;
param w:=
[41,*] 42 65
[42,*] 41 65
[43,*] 44 65
[44,*] 43 65
[45,*] 46 55
[46,*] 45 55
;
param V:=
[41,*] 42 100
[42,*] 41 100
[43,*] 44 80
[44,*] 43 80
[45,*] 46 80
[46,*] 45 80
;
param e:
	41	42	43	44	45	46	47	48	49	50	51:=
9		0		0		1		0		0		1		0		1		0		0		0	
10		0		0		0		0		0		0		1		0		0		0		0	
11		0		0		0		0		0		0		0		0		0		1		1	
12		0		0		1		0		0		1		0		0		0		0		0	
13		0		0		0		0		0		0		0		0		0		1		1	
14		0		0		0		0		0		0		0		0		0		1		1	
15		0		1		0		0		0		0		0		0		0		0		0	
16		0		1		0		0		0		0		0		0		0		0		0	
17		0		0		0		1		0		0		0		0		0		0		0	
18		0		0		0		1		0		0		0		0		0		0		0	
19		0		0		0		0		0		1		1		0		0		0		0	
20		0		0		1		0		0		1		0		0		0		0		0	
21		0		0		1		0		0		1		0		1		0		0		0	
22		0		0		0		1		0		0		0		0		0		0		0	
23		0		0		0		0		1		0		0		0		0		0		0	
24		0		0		1		0		0		0		0		1		0		0		0	
25		1		0		0		0		0		0		0		0		0		0		0	
26		1		0		0		0		0		0		0		0		0		0		0	
27		0		0		1		0		0		1		0		1		0		0		0	
28		0		0		0		0		0		0		0		0		0		1		1	
29		0		0		0		0		0		0		0		0		1		1		1	
30		0		0		0		0		0		0		0		0		1		0		0	
31		0		0		0		0		0		0		0		0		1		0		0	
32		0		0		0		0		1		0		0		0		0		0		0	
33		0		0		0		0		0		0		0		0		1		0		1	
34		0		1		0		0		0		0		0		0		0		0		0	
35		0		0		1		0		0		1		0		1		0		0		0	
36		0		0		0		0		0		0		1		0		0		0		0	
37		0		0		1		0		0		0		0		1		0		0		0	
38		1		0		0		0		0		0		0		0		0		0		0	
39		0		0		0		0		1		0		0		0		0		0		0	
40		0		0		0		0		0		0		1		0		1		0		0	
;
param p:=
1	18
2	18
;
param G:=
41	30
42	70
43	30
44	120
45	30
46	50
47	31
48	25
49	47
50	43
51	53
;
param s:=
0	0
1	10
2	10
3	10
4	10
5	10
6	10
7	10
8	10
17	10
18	10
19	10
20	10
21	10
22	10
23	10
24	10
25	10
26	10
27	10
28	10
29	10
30	10
31	10
32	10
33	10
34	10
35	10
36	10
37	10
38	10
39	10
40	10
41	10
42	10
43	10
44	10
45	10
46	10
47	10
48	10
49	10
50	10
51	10
;
param t:
	0	1	2	3	4	5	6	7	8	9	10	11	12	13	14	15	16	17	18	19	20	21	22	23	24	25	26	27	28	29	30	31	32	33	34	35	36	37	38	39	40	41	42	43	44	45	46	47	48	49	50	51	52:=
0	0.0	5.2463999999999995	4.3792	4.7698	1.7747	2.1719	4.0809	4.0824	2.7631	7.4193999999999996	7.5331	2.3581	7.663600000000001	1.6937	3.3146	12.7081	14.0677	20.693900000000003	17.878700000000002	7.1095	6.0119	6.2391000000000005	19.057599999999997	13.7566	8.3525	15.439200000000001	16.2589	6.5955	0.9055	3.4908	6.426399999999999	6.7566999999999995	10.8376	4.7924	14.3642	7.4595	10.7395	7.1723	14.928600000000001	10.8164	8.488700000000001	15.679200000000002	12.9342	8.5804	18.927	13.6347	7.3099	9.523100000000001	7.3437	6.7002	1.8113	3.317	0.0
1	5.355300000000001	0.0	8.957	8.8195	5.1896	3.5643000000000002	7.9173	4.931	7.2057	12.0954	7.7299	5.2701	12.3396	4.3083	5.4763	13.847700000000001	13.075	16.0985	13.283299999999999	9.4322	9.7289	10.9151	14.4621	18.3345	13.0285	22.660700000000002	23.480400000000003	11.181	5.5217	2.4853	3.5418000000000003	3.5612	15.4155	2.198	13.3715	12.061399999999999	10.0704	11.9497	22.1502	15.3943	8.1347	22.9007	14.1485	13.2564	14.3315	18.2125	13.1059	9.4611	12.0197	3.5046999999999997	5.8558	5.5011	5.355300000000001
2	4.2032	10.3578	0.0	4.6478	4.4914	6.0283999999999995	4.179600000000001	7.514600000000001	3.3949000000000003	4.130199999999999	10.5005	4.478800000000001	6.7171	5.6704	6.7512	12.1265	12.5964	24.667900000000003	21.852700000000002	6.684699999999999	6.1887	3.6714	23.031599999999997	10.44	4.8736999999999995	16.2194	17.0392	5.4032	3.8518000000000003	7.4197	8.828100000000001	9.1584	7.521	8.0113	12.8929	4.0607	10.1579	3.34	15.7089	7.2815	10.960799999999999	16.4595	12.3526	5.7386	22.901	10.318100000000001	6.7293	8.941600000000001	4.0637	9.101899999999999	4.6963	6.873600000000001	4.2032
3	4.4844	9.751100000000001	4.3167	0.0	2.8679	8.1447	0.9482	6.651	1.9977	8.2841	11.7449	6.6113	10.891399999999999	6.9638	7.136100000000001	14.8582	19.694	23.435	20.619799999999998	11.0123	11.7845	7.8253	21.798599999999997	11.004100000000001	9.0276	12.7953	13.6151	9.7328	5.0236	9.2651	10.6383	10.9686	8.513	11.298200000000001	19.9905	8.2146	16.5121	7.4939	12.284799999999999	8.896	12.7006	13.0354	18.706799999999998	9.8924	21.6681	10.882200000000001	13.0825	15.2957	8.217600000000001	10.9121	5.868	7.1385	4.4844
4	1.9187	5.0099	5.058	3.2515	0.0	3.4035	2.5627	4.0851999999999995	1.6378	8.0983	8.802	4.0624	8.3425	2.2226	4.5872	13.75	14.219899999999999	20.4575	17.6423	8.4634	7.0538	6.9178999999999995	18.821099999999998	13.445799999999998	9.0314	13.8857	14.7054	7.1838999999999995	2.4745999999999997	4.524	7.695399999999999	8.0257	10.5268	6.557	14.516399999999999	8.138399999999999	11.7815	7.8511999999999995	13.375200000000001	11.495299999999999	12.584299999999999	14.1257	13.9762	9.2593	18.6906	13.3239	8.351899999999999	10.565100000000001	8.0226	7.9692	3.3190999999999997	4.589600000000001	1.9187
5	2.0391	4.136	5.9154	6.7337	3.7386999999999997	0.0	6.044899999999999	2.3590999999999998	4.727	8.893600000000001	6.1148	1.7542	9.137799999999999	1.661	1.8964	13.920200000000001	13.1475	19.583599999999997	16.7684	6.1173	6.506399999999999	7.7132	17.9473	15.2929	9.8267	17.6345	18.4542	7.9792	2.2344	1.6136	5.0081999999999995	5.3385	12.373899999999999	2.8428	13.444	8.8596	8.697700000000001	8.7479	17.124	12.3527	7.0705	17.8745	14.2209	10.0546	17.8167	15.1709	7.5695	7.9239	8.8179	5.282	2.5396	1.8988	2.0391
6	4.4274	9.052700000000002	4.260800000000001	1.0732000000000002	2.6946	7.4462	0.0	7.5714	1.8244	8.228200000000001	12.8448	7.6531	10.8344	6.2653	8.6264	17.7822	18.9956	22.9501	20.134900000000002	12.1836	11.086	7.769399999999999	21.3137	11.5794	8.9717	11.947799999999999	12.7676	11.6697	4.9665	8.5667	11.738100000000001	12.0685	9.088299999999998	10.5998	19.292099999999998	8.1587	15.813600000000001	7.438	11.437299999999999	9.4713	13.8004	12.187899999999999	18.0084	9.8366	21.1832	11.4575	12.3841	14.597299999999999	8.1617	12.011899999999999	5.811	8.6288	4.4274
7	3.5983	5.3	7.496	7.176399999999999	3.7238	2.3891999999999998	6.4876000000000005	0.0	5.1697	10.536299999999999	7.8706000000000005	3.5101	10.7804	2.5513000000000003	3.6521999999999997	15.2752	14.5025	17.8657	15.0505	7.8732	9.668700000000001	9.3559	16.2293	16.8734	11.469299999999999	16.7667	17.5864	10.2524	4.9126	3.6618000000000004	6.764	7.0943000000000005	13.9545	6.3172	14.799	10.5764	12.1648	10.289200000000001	16.2562	13.933200000000001	10.2291	17.006700000000002	15.575899999999999	11.6972	16.0987	16.7515	10.9668	13.18	10.4605	7.0378	4.0988999999999995	3.6546	3.5983
8	3.1463	7.9015	3.444	2.1767	1.4101	6.295100000000001	1.4879	5.3129	0.0	7.4115	10.406799999999999	5.2732	9.5533	5.114199999999999	5.798	16.631	17.8444	23.3491	20.533900000000003	9.6742	9.934899999999999	6.7212	21.7127	12.371	8.1549	12.8109	13.630600000000001	8.3947	3.6855	7.4155	9.3002	9.6305	9.452	9.4486	18.140900000000002	7.342	14.6625	6.6213	12.3003	9.835	11.3625	13.0509	16.857200000000002	8.801	21.582099999999997	12.249	11.232899999999999	13.4461	7.7604	9.574	4.5299	5.8004	3.1463
9	7.03	11.2326	4.3911999999999995	8.5903	8.5764	8.8621	7.9881	10.7957	7.2035	0.0	7.4527	7.0105	2.9454000000000002	8.645299999999999	7.626	6.9123	10.0137	27.0992	24.284	3.6245	3.1285	1.9213	25.4629	11.539	1.0455	18.856099999999998	19.6758	2.0605	6.6786	10.565299999999999	11.5767	11.907	8.62	10.7599	10.3102	0.5532	7.1101	2.2180999999999997	18.345599999999997	9.003	7.913	19.0961	7.87	1.9977	25.3323	11.4171	3.4876	5.893800000000001	0.10809999999999999	11.8505	6.9485	7.748399999999999	7.03
10	7.4172	7.3005	9.8831	12.125	9.1299	5.45	11.4361	7.7685	10.1182	7.653899999999999	0.0	6.2773	6.3455	7.0391	5.54	9.1046	6.8788	20.6162	17.801	5.2537	5.8728	7.823600000000001	18.9798	18.0093	8.6746	22.7943	23.614099999999997	6.154100000000001	6.7791999999999994	6.0691999999999995	5.0005	4.6265	15.0903	5.1902	7.1753	8.193700000000002	3.5189	9.193200000000001	22.2838	15.4733	1.5832	23.0344	9.3308	7.897399999999999	18.8493	17.887400000000003	5.440300000000001	2.6751	7.5782	4.57	7.0381	5.2729	7.4172
11	2.3498	5.3264	4.3851	7.057600000000001	4.0625	1.8832	6.3687	3.5495	5.050800000000001	7.1345	5.79	0.0	7.3787	1.9717	0.7414	11.4696	10.6969	20.1757	17.3605	5.0722	4.783	5.9542	18.5393	15.5397	8.0676	17.7269	18.5467	6.2201	1.7118	3.2745	4.572	4.9023	12.620700000000001	3.7552	10.9934	7.1005	8.2873	6.9888	17.2164	12.0643	6.3516	17.967	11.7704	8.2955	18.4087	15.4177	5.846	7.1922	7.0588	4.8458000000000006	1.5066	0.7437999999999999	2.3498
12	7.5661000000000005	11.8256	7.099600000000001	11.5788	9.12	9.4551	10.889899999999999	11.3393	9.572	3.1688	6.1423000000000005	7.5939	0.0	9.0472	8.219	4.384600000000001	6.1296	26.543200000000002	23.728099999999998	2.8695	2.5162	3.9438	24.9069	14.218200000000001	3.6249000000000002	21.5353	22.355	1.9781	7.2148	11.1089	10.9276	10.553600000000001	11.2992	11.3529	6.4261	3.7456	5.7635	5.402	21.0248	11.6822	6.602600000000001	21.775299999999998	5.3424	2.2016999999999998	24.7763	14.096200000000001	1.4145999999999999	4.5471	3.093	10.4971	7.3223	8.3414	7.5661000000000005
13	1.0865	4.634	4.6882	5.0789	2.0838	1.9477	4.39	2.7111	3.0721999999999996	7.7285	7.3088	2.1339	7.9727	0.0	3.0904000000000003	13.017100000000001	13.4999	20.0815	17.266299999999998	6.5046	5.5539	6.5482	18.4452	14.065700000000001	8.6616	15.7482	16.568	6.9046	1.253	2.923	6.2021999999999995	6.5325	11.146700000000001	4.6198999999999995	13.7964	7.7686	11.0486	7.4814	15.2377	11.1255	8.2645	15.988299999999999	13.2433	8.8895	18.3146	13.9438	7.619	9.8322	7.6528	6.476	1.5871	3.0928	1.0865
14	3.5402	4.6959	6.251	10.367799999999999	4.6967	1.7290999999999999	7.0028999999999995	3.3954	5.685	7.754899999999999	5.1678999999999995	0.627	7.9991	2.7658	0.0	10.9549	10.1821	19.5536	16.738400000000002	4.9787	5.3987	6.5746	17.9172	16.1601	8.688	18.361099999999997	19.180799999999998	6.8405	2.346	2.6406	3.9499	4.2802	13.241100000000001	3.1330999999999998	10.4787	7.720899999999999	7.7725	7.6091999999999995	17.8506	12.684700000000001	5.8368	18.6011	11.255600000000001	8.915899999999999	17.7866	16.0381	6.4618	6.977	7.6792	4.2237	2.1545	0.1207	3.5402
15	11.347	13.0031	10.8805	15.3597	12.2724	13.974	14.6708	15.5165	13.3529	6.9497	8.563	12.5276	4.4307	14.7179	12.0157	0.0	2.3985	28.8697	26.0545	5.9108	5.6834	7.7246999999999995	27.2333	16.9271	7.4058	30.970299999999998	31.79	5.759	10.9956	13.3491	15.364	15.3834	16.352	14.020299999999999	2.695	7.5264	6.8963	9.1829	30.459799999999998	15.672	9.023299999999999	31.2103	1.1	5.982600000000001	27.1028	16.8052	4.4559	6.967899999999999	6.8739	15.3269	10.151	12.0405	11.347
16	12.007100000000001	12.133700000000001	11.3939	19.8923	12.8134	13.1046	15.255600000000001	14.6471	13.937700000000001	8.1571	7.3739	11.6582	6.6127	13.8485	11.1463	2.4809	0.0	28.0003	25.1851	6.832	6.0432	8.3267	26.3639	18.5125	9.5879	25.8296	26.6493	6.6573	10.408700000000001	12.479700000000001	14.4946	11.0764	15.5935	13.1509	0.368	8.6969	4.6183000000000005	9.696299999999999	25.3191	17.854	7.1254	26.069599999999998	2.7816	8.1646	26.233400000000003	18.3905	5.6291	5.4997	8.0814	11.0199	10.156799999999999	11.171100000000001	12.007100000000001
17	20.802599999999998	16.154799999999998	24.2933	24.8914	20.6368	19.011599999999998	24.0455	17.9303	22.653	27.23	21.328	20.709	27.4742	19.7555	19.950200000000002	29.202099999999998	28.4294	0.0	3.3657	24.647299999999998	24.9704	26.0497	2.1631	35.5212	28.1631	29.2177	30.0374	26.3156	21.210900000000002	17.9325	16.5499	16.1762	33.5755	16.1041	28.725900000000003	27.196099999999998	23.389400000000002	27.0843	28.7072	33.9585	21.4537	29.4577	29.5029	28.391	2.2177	35.399300000000004	26.0748	22.780099999999997	27.1543	16.823700000000002	21.4483	19.6831	20.802599999999998
18	18.159200000000002	13.5115	21.649900000000002	22.248099999999997	17.9935	16.368299999999998	21.4022	15.287	20.009700000000002	24.5867	18.6846	18.0656	24.8309	17.1122	17.306900000000002	26.558799999999998	25.786099999999998	2.902	0.0	22.004	22.327099999999998	23.406299999999998	1.2657	32.877900000000004	25.5198	26.5744	27.394099999999998	23.6723	18.5676	15.289200000000001	13.9065	13.5329	30.9322	13.460799999999999	26.0826	24.5527	20.746	24.441	26.0638	31.3152	18.8104	26.814400000000003	26.8595	25.747700000000002	1.1351	32.755900000000004	23.4315	20.1368	24.511	14.180299999999999	18.8049	17.0397	18.159200000000002
19	6.471	9.679799999999998	6.645	10.8148	7.9056999999999995	6.5156	10.348	10.125	9.030100000000001	3.4081	5.0796	5.4555	2.6564	7.0022	5.2796	5.6286000000000005	6.6501	25.4806	22.6654	0.0	1.1085999999999998	3.5778000000000003	23.8442	13.7635	4.4288	21.080599999999997	21.9004	1.9082999999999999	5.6453	7.906899999999999	9.8649	9.4909	10.8446	8.4134	6.9466	3.9479	4.737	4.9474	20.5701	11.2275	5.539899999999999	21.320700000000002	6.293399999999999	3.7349	23.7136	13.6416	1.3637000000000001	3.5206999999999997	3.3324000000000003	9.4344	5.3935	5.402	6.471
20	6.2267	9.0055	6.0123999999999995	10.1823	7.0329	6.6349	9.475200000000001	9.2522	8.1573	2.7756	5.1849	4.7812	2.511	7.1018	5.398899999999999	5.6242	6.0947	24.8721	22.056900000000002	1.3567	0.0	2.9453	23.2357	13.131	3.7963	20.4481	21.2679	1.1033	4.971100000000001	9.021799999999999	9.3496	9.596200000000001	10.212	8.5328	6.3911999999999995	3.3154	4.8423	4.3149	19.9376	10.595	5.6452	20.688200000000002	7.1933	3.5895	23.1052	13.0091	1.3105	3.626	2.6999	9.5397	4.7192	5.5213	6.2267
21	5.765899999999999	10.0565	3.8104	8.0094	7.870100000000001	7.685899999999999	7.4073	10.0893	6.6226	1.8998	7.6365	5.8343	3.8531	7.938899999999999	6.4498999999999995	9.2625	9.7324	25.923099999999998	23.1079	3.8205999999999998	3.3247	0.0	24.2867	10.9581	2.6979	18.2752	19.095	2.5391999999999997	5.4146	9.8589	10.4006	10.7309	8.0392	9.5837	10.0289	2.0198	7.2939	2.1844	17.7647	8.4221	8.0968	18.5153	9.4886	2.8647	24.1561	10.836200000000002	3.8651999999999997	6.0776	1.8240999999999998	10.6744	5.7723	6.5723	5.765899999999999
22	19.7766	15.1288	23.2673	23.8654	19.6109	17.985599999999998	23.019599999999997	16.904400000000003	21.627	26.204099999999997	20.302	19.683	26.4483	18.7295	18.9242	28.1762	27.4034	2.1848	2.3396999999999997	23.6214	23.9445	25.0237	0.0	34.4952	27.1371	28.1917	29.0115	25.2896	20.184900000000003	16.906599999999997	15.5239	15.1502	32.5495	15.078100000000001	27.7	26.170099999999998	22.363400000000002	26.058400000000002	27.6812	32.9325	20.4277	28.4318	28.4769	27.365	1.1917	34.3733	25.0488	21.754099999999998	26.1283	15.7977	20.4223	18.6571	19.7766
23	13.588299999999998	17.567	10.332	10.276	13.7306	15.196399999999999	11.8973	16.7215	12.2637	11.5383	17.9086	13.3448	14.125200000000001	15.0555	13.9604	16.8308	19.087	34.929199999999994	32.114	14.0927	13.5968	11.0795	33.2929	0.0	12.281799999999999	16.0256	16.8454	12.8113	13.2369	20.7189	17.911099999999998	18.241400000000002	2.1785	17.0942	19.3835	11.4688	17.566	10.7481	15.5151	2.0871999999999997	18.3689	16.265700000000002	17.091	13.146700000000001	33.1623	0.1787	14.1373	16.349700000000002	11.4718	18.184900000000003	14.0814	14.082799999999999	13.588299999999998
24	8.0779	12.2805	5.1347	9.3338	9.6243	9.91	8.7316	11.8436	7.947	1.042	8.5006	8.058399999999999	3.3975	9.693200000000001	8.6739	7.3643	9.1093	28.1471	25.3319	4.6724	4.176399999999999	2.3728000000000002	26.5108	12.2825	0.0	19.5996	20.4193	2.5126	7.7265	11.6132	12.624600000000001	12.9549	9.3635	11.807799999999999	9.4058	1.2967	8.158	2.9616	19.0891	9.7465	8.960899999999999	19.839599999999997	8.3221	2.4498	26.380200000000002	12.1606	3.9396999999999998	6.9417	1.1501	12.898399999999999	7.9963999999999995	8.796299999999999	8.0779
25	15.7953	19.705299999999998	17.3715	13.8459	14.0625	18.0989	12.0716	16.8682	13.192200000000001	19.9486	27.350900000000003	18.3057	22.5355	16.918	19.279	31.9537	32.6961	29.3071	26.4919	22.503	21.7387	19.4898	27.6707	16.9597	20.6921	0.0	1.2723	21.2216	16.3344	19.2193	22.3908	22.7211	16.3831	21.2524	32.992599999999996	19.879099999999998	30.156299999999998	19.1584	1.0067000000000002	16.1445	28.4227	0.2889	32.214	21.557	27.5401	16.837799999999998	22.5477	28.94	19.882099999999998	22.6646	17.178900000000002	19.2814	15.7953
26	16.093	20.0031	18.0873	14.5617	14.3602	18.3967	12.369299999999999	17.5839	13.49	20.6644	28.0667	18.6035	23.2513	17.215799999999998	19.5768	32.6695	33.4119	30.0229	27.2077	23.218799999999998	22.0364	20.205599999999997	28.3865	17.6755	21.4079	1.1453	0.0	21.9373	16.6322	19.5171	22.688599999999997	23.018900000000002	17.0988	21.5502	33.708400000000005	20.594900000000003	30.8721	19.874200000000002	1.7225	16.8603	29.1385	1.3854000000000002	32.9298	22.2727	28.2559	17.5535	23.2634	29.6558	20.597900000000003	22.962400000000002	17.4767	19.5792	16.093
27	6.3355	10.595	6.0296	10.3481	7.5973999999999995	8.2244	9.6593	9.816600000000001	8.3414	2.1108000000000002	5.8981	6.363300000000001	1.5932	7.6662	6.9883999999999995	5.56	8.4315	26.461599999999997	23.6464	2.0699	1.2487000000000001	2.7131999999999996	24.825200000000002	13.148100000000001	2.6275999999999997	20.4652	21.285	0.0	5.984100000000001	9.586200000000002	10.9391	10.3094	10.2292	10.122200000000001	8.728	2.7481999999999998	5.5555	4.332	19.9547	10.6121	6.3584	20.705299999999998	6.5178	2.51	24.694599999999998	13.026200000000001	1.4675	4.3392	2.0957	10.2529	6.0916999999999994	7.1108	6.3355
28	0.7543	6.3641000000000005	3.681	5.3458000000000006	2.3507	2.3870999999999998	4.656899999999999	4.6583000000000006	3.339	6.7001	7.2188	2.0804	6.9443	2.1096	2.6052	10.911100000000001	12.8092	21.811700000000002	18.9965	7.0652	5.3084	5.519699999999999	20.1753	13.058399999999999	7.6331999999999995	16.0151	16.8349	5.785699999999999	0.0	3.7784	6.112100000000001	6.442399999999999	10.1395	5.2953	13.1057	6.7402	9.8669	6.5623000000000005	15.5046	10.1182	8.1744	16.255200000000002	12.0616	7.8611	20.044700000000002	12.9365	7.1098	8.6506	6.6244	6.3858999999999995	1.3415	2.6075999999999997	0.7543
29	3.379	2.5825	7.2553	8.0736	5.0785	1.3882999999999999	7.3847	3.699	6.0668999999999995	10.2335	5.625100000000001	3.0941	10.4777	2.8034	2.859	12.7555	11.982700000000001	18.030099999999997	15.2149	7.457199999999999	7.8463	9.0531	16.3937	16.6327	11.1665	18.720599999999997	19.5403	9.319	3.5743	0.0	3.098	3.4283	13.713799999999999	1.9125	12.279200000000001	10.1995	8.2079	10.0878	18.210099999999997	13.6925	6.5807	18.9606	13.0562	11.3944	16.2631	16.5108	12.0136	7.4342	10.1578	3.3718000000000004	3.8795	2.5919	3.379
30	6.553	3.0299	8.997399999999999	11.2607	8.265600000000001	4.5858	10.5719	6.9043	9.254	11.9341	5.2478	5.413	12.1783	6.1749	4.6543	14.388200000000001	13.6154	15.898100000000001	13.0829	9.3514	9.6745	10.7538	14.2618	20.339299999999998	12.8672	25.5293	26.349	11.0197	5.915	3.5227	0.0	0.6535	17.4203	2.6437	13.912	11.9001	7.3092	11.7884	25.0188	16.8639	5.3735	25.769299999999998	14.6889	13.0951	14.131200000000002	20.217299999999998	9.9946	6.6998999999999995	11.8584	0.597	6.152399999999999	4.3872	6.553
31	6.5847	3.2087	9.0291	11.292399999999999	8.2974	4.6175	10.6036	6.936	9.2857	11.9658	4.7303999999999995	5.4447	10.3824	6.206600000000001	4.686	14.4199	10.1517	16.5244	13.709200000000001	9.2906	9.7062	10.7855	14.888	20.371	12.8989	25.708099999999998	26.5278	11.0514	5.9467	3.5613	0.6535	0.0	17.452	2.6823	10.4482	11.931799999999999	6.7918	11.8201	25.197599999999998	16.895599999999998	4.8561000000000005	25.9482	14.720600000000001	11.934299999999999	14.7575	20.249	9.4772	6.1825	11.8901	0.0565	6.1841	4.4189	6.5847
32	10.569	16.863799999999998	7.3126999999999995	8.3944	10.7114	14.4932	8.878	13.702200000000001	9.2445	8.519	14.889299999999999	12.6416	11.1059	12.036200000000001	13.257200000000001	16.6862	16.9852	33.502300000000005	30.6872	11.0735	10.5775	8.0602	31.866	2.1631	9.2625	14.410200000000001	15.229899999999999	9.792	10.217600000000001	17.6997	17.207900000000002	17.5382	0.0	16.391	17.2817	8.4495	14.546700000000001	7.728800000000001	13.899700000000001	0.6314	15.3496	14.6503	16.9465	10.1274	31.735400000000002	2.0412	11.1181	13.3304	8.4525	17.4817	11.062100000000001	13.3796	10.569
33	4.8567	2.0304	8.0003	9.5514	6.5563	2.8661	8.8625	5.1768	7.5446	10.937	5.9373000000000005	4.4159	11.1812	4.5716	3.6572	13.3911	12.6183	16.1245	13.309299999999999	8.354299999999999	8.6774	9.7567	14.488100000000001	19.342200000000002	11.8701	20.7329	21.552599999999998	10.0226	4.9178999999999995	2.1016	2.4873000000000003	2.8176	16.4232	0.0	12.9149	10.903	8.5202	10.7913	20.2224	15.8668	6.893	20.972900000000003	13.691799999999999	12.098	14.3576	19.220200000000002	9.7405	7.7463999999999995	10.8613	2.7611	5.1553	3.3901	4.8567
34	11.998700000000001	12.1253	11.3855	19.8839	12.8049	13.096200000000001	15.247200000000001	14.6387	13.9293	8.1486	7.9435	11.649700000000001	6.6043	13.8401	11.1379	2.4725	0.5431	27.9919	25.1767	6.8235	6.034800000000001	8.318299999999999	26.3555	18.504	9.5794	25.821099999999998	26.640900000000002	6.6488000000000005	10.4003	12.4713	14.4862	14.505600000000001	15.5851	13.1424	0.0	8.6884	5.3248	9.687899999999999	25.310599999999997	17.845599999999997	7.9818999999999996	26.0612	2.7731999999999997	8.1562	26.2249	18.382099999999998	5.6207	5.432600000000001	8.072899999999999	14.4491	10.148399999999999	11.162700000000001	11.998700000000001
35	7.126	11.4325	4.1953000000000005	8.3944	8.7614	9.062	7.7922	10.9807	7.0075	0.4268	7.8052	7.2104	3.3354	8.8303	7.826	7.3022	9.9011	27.2991	24.483900000000002	3.9894000000000003	3.4934000000000003	1.5187	25.6628	11.3431	0.999	18.6602	19.4799	2.4505	6.7747	10.7503	11.7766	12.2165	8.424100000000001	10.9598	10.1976	0.0	7.4626	2.0222	18.1497	8.8071	8.2655	18.9002	8.26	2.3876999999999997	25.5322	11.2211	3.8775999999999997	6.2463	0.5347999999999999	12.16	7.1484	7.948300000000001	7.126
36	10.956700000000001	9.5819	10.343399999999999	14.5133	11.7629	8.2585	14.205200000000001	10.577	12.8873	7.1066	3.2055	8.826799999999999	5.7982	9.8476	8.315	6.964600000000001	4.0841	22.897599999999997	20.0825	4.7063999999999995	5.3255	7.2763	21.2613	17.462	8.1273	30.0185	30.8382	5.6068	9.5877	8.8777	7.282	6.908	14.543	7.9986999999999995	4.3806	7.6464	0.0	8.6459	29.507900000000003	14.926	2.2317	30.2585	7.2653	7.3501	21.1307	17.3401	4.893	1.3313	7.0309	6.8515	9.4391	8.339799999999999	10.956700000000001
37	7.0634	11.828899999999999	3.5271999999999997	7.697100000000001	7.435899999999999	9.4584	7.1241	10.4523	6.3393999999999995	2.1289000000000002	8.871	7.6068	5.0876	8.5444	8.222299999999999	10.497	10.966899999999999	27.6955	24.8803	5.0551	4.5592	2.0419	26.0592	10.645700000000001	2.8724000000000003	17.962799999999998	18.7826	3.7737	6.712	10.8497	12.173	12.5033	7.7268	11.356200000000001	11.263399999999999	2.0594	8.5284	0.0	17.4523	8.1097	9.331299999999999	18.202900000000003	10.7231	4.109	25.9286	10.5238	5.0996999999999995	7.3121	2.092	12.4468	7.5448	8.344700000000001	7.0634
38	15.156	19.0661	16.7323	13.206700000000001	13.423200000000001	17.4597	11.4323	16.2289	12.553	19.3094	26.7117	17.6665	21.8963	16.2788	18.6398	31.3145	32.0569	28.667900000000003	25.852700000000002	21.863799999999998	21.099400000000003	18.8506	27.0315	16.3205	20.0529	0.903	1.7227999999999999	20.5823	15.695200000000002	18.580099999999998	21.7516	22.0819	15.7439	20.6132	32.3534	19.239900000000002	29.5171	18.5192	0.0	15.5053	27.7835	1.1431	31.5748	20.9177	26.9009	16.1985	21.9084	28.3008	19.242900000000002	22.0254	16.5397	18.6422	15.156
39	10.6036	16.3266	7.6956999999999995	8.7774	11.094299999999999	13.956100000000001	9.261	14.0852	9.6274	8.902	15.2723	12.1045	11.4889	12.070799999999998	12.72	16.0062	18.2625	33.8853	31.0701	11.4564	10.9605	8.443200000000001	32.249	2.0748	9.6455	15.326	16.1457	10.175	10.2522	15.3474	16.6707	17.001	0.6314	15.8539	18.559	8.8325	14.9297	8.1118	14.8155	0.0	15.7326	15.566	16.2665	10.510399999999999	32.1184	1.9529	11.501100000000001	13.7134	8.8355	16.9445	11.0967	12.8424	10.6036
40	8.5042	7.463	11.3164	15.433200000000001	10.216899999999999	6.537	12.523100000000001	8.8555	11.205200000000001	8.1761	1.2350999999999999	6.7078999999999995	6.8676	8.126100000000001	6.1961	9.626700000000001	6.6369	20.7787	17.9636	5.7758	6.3949	8.3457	19.142400000000002	18.5315	9.1968	28.693	29.512700000000002	6.6762	7.8662	7.1562	5.1631	4.7891	15.6125	6.2772	6.9334	8.7159	2.2317	9.7153	28.1824	15.9955	0.0	28.933	9.8529	8.4195	19.0118	18.4095	5.9624	2.4991	8.1003	4.732600000000001	8.1251	6.220899999999999	8.5042
41	15.8095	19.7196	17.3858	13.860100000000001	14.0767	18.1131	12.085799999999999	16.8824	13.2065	19.962799999999998	27.3652	18.3199	22.549799999999998	16.9322	19.293200000000002	31.9679	32.7103	29.3213	26.5061	22.5173	21.7529	19.504	27.685	16.9739	20.7063	0.4667	1.2865	21.235799999999998	16.3486	19.2336	22.405	22.7353	16.397299999999998	21.2667	33.006800000000005	19.8933	30.1706	19.1726	1.0209	16.1587	28.437	0.0	32.2282	21.5712	27.5544	16.852	22.5619	28.9542	19.8963	22.6788	17.193099999999998	19.2956	15.8095
42	11.476600000000001	12.9207	11.01	15.4892	12.402	13.8916	14.8004	15.4342	13.4825	7.0792	8.6926	12.445200000000002	4.5603	14.6356	11.933399999999999	0.4284	2.3161	28.7873	25.972099999999998	6.0404	5.813	7.8543	27.151	17.0567	7.535399999999999	31.0998	31.9196	5.8886	11.125200000000001	13.2668	15.2817	15.3011	16.4815	13.937899999999999	2.6126	7.656	6.813899999999999	9.3125	30.589299999999998	15.8016	9.1528	31.3399	0.0	6.1122	27.020400000000002	16.9348	4.5855	7.0973999999999995	7.0035	15.2446	10.2806	11.958200000000001	11.476600000000001
43	6.9394	11.142100000000001	4.8979	9.0678	8.4858	8.7715	8.4948	10.7051	7.9988	0.967	7.362100000000001	6.919899999999999	2.3152	8.5547	7.5355	6.282	8.027	27.008599999999998	24.1935	3.5339	3.038	1.8307	25.3723	12.016399999999999	1.4232	19.3335	20.153299999999998	1.3740999999999999	6.588100000000001	10.4747	11.4861	11.8165	9.0975	10.6693	8.3235	1.5438	7.0196000000000005	3.2003000000000004	18.823	9.4804	7.8224	19.5736	7.2398	0.0	25.2417	11.8945	2.8574	5.8031999999999995	0.8913	11.7599	6.8579	7.6579	6.9394
44	18.7422	14.0945	22.2329	22.831	18.5765	16.9512	21.9852	15.87	20.592599999999997	25.169700000000002	19.267599999999998	18.6486	25.4139	17.6952	17.8898	27.1418	26.369	2.5705999999999998	1.3053	22.587	22.9101	23.9893	0.9342	33.460800000000006	26.102700000000002	27.1573	27.9771	24.255200000000002	19.1505	15.872200000000001	14.4895	14.1158	31.5152	14.043700000000001	26.665599999999998	25.1357	21.329	25.024	26.6468	31.8981	19.3933	27.3974	27.4425	26.330599999999997	0.0	33.3389	24.014400000000002	20.7197	25.094	14.7633	19.387900000000002	17.622700000000002	18.7422
45	13.472299999999999	17.451	10.216	10.1601	13.614700000000001	15.0805	11.7813	16.6056	12.1478	11.4223	17.7926	13.2289	14.0093	14.9395	13.8444	17.130599999999998	19.8885	34.813199999999995	31.998099999999997	13.976799999999999	13.4809	10.9635	33.1769	0.1943	12.165799999999999	15.9097	16.729400000000002	12.6953	13.120899999999999	20.603	17.795099999999998	18.125400000000003	2.0625	16.9783	20.185	11.352799999999998	17.45	10.632100000000001	15.3991	1.9713	18.2529	16.1497	17.390900000000002	13.030700000000001	33.0463	0.0	14.0214	16.233700000000002	11.355799999999999	18.068900000000003	13.965399999999999	13.9668	13.472299999999999
46	7.2184	9.981399999999999	6.7639	10.9338	8.0247	7.6108	10.466899999999999	10.2439	9.149	3.5271	5.2831	5.7571	1.6997	8.0935	6.3748000000000005	4.7059	5.5332	25.684099999999997	22.8689	1.4549	1.2275	3.6967	24.0477	13.8824	4.2014	21.1995	22.019299999999998	1.4427	5.946899999999999	9.0021	10.0684	9.6944	10.9635	10.0763	5.8297	4.0668	4.9405	5.0663	20.689	11.3465	5.743399999999999	21.4396	5.321899999999999	2.7782	23.9172	13.7605	0.0	3.7241999999999997	3.4513000000000003	9.6379	5.6951	6.497199999999999	7.2184
47	10.103399999999999	8.976899999999999	9.490200000000002	13.6601	10.909600000000001	7.171399999999999	13.351899999999999	9.49	12.034	6.2534	1.8916	7.9986999999999995	4.9449	8.7606	7.2614	6.3946000000000005	4.708399999999999	22.2926	19.477400000000003	3.8531	4.4722	6.423	20.656299999999998	16.608700000000002	7.274	29.165200000000002	29.984900000000003	4.7535	8.5006	7.7907	6.677	6.303	13.6898	6.9117	5.004899999999999	6.793100000000001	1.3485	7.7926	28.654700000000002	14.072799999999999	2.3519	29.4052	6.6953000000000005	6.4968	20.5257	16.4868	4.0397	0.0	6.1776	6.2465	8.585799999999999	6.9943	10.103399999999999
48	6.9542	11.1569	4.3544	8.5534	8.5007	8.786299999999999	7.9513	10.72	7.166600000000001	0.10809999999999999	7.377	6.934699999999999	2.8697	8.569600000000001	7.5503	6.8365	9.938	27.0235	24.208299999999998	3.5486999999999997	3.0528000000000004	1.3645	25.3871	11.5021	1.1536	18.819200000000002	19.639	1.9848	6.6029	10.489600000000001	11.501	11.831299999999999	8.583200000000001	10.6842	10.2345	0.6613	7.0344	2.1812	18.3087	8.9661	7.8373	19.0593	7.7943	1.922	25.2566	11.3802	3.4119	5.8181	0.0	11.774799999999999	6.8727	7.6727	6.9542
49	6.5281	3.1521999999999997	8.9726	11.235899999999999	8.2408	4.561	10.5471	6.8795	9.2292	11.9093	4.6739	5.388199999999999	10.325899999999999	6.1501	4.6295	14.3634	10.0952	16.4679	13.652700000000001	9.2341	9.649700000000001	10.729	14.8315	20.3145	12.8424	25.6516	26.4713	10.9949	5.8902	3.5048000000000004	0.597	0.0565	17.3955	2.6256999999999997	10.3917	11.8753	6.7353000000000005	11.7636	25.141099999999998	16.8391	4.799600000000001	25.891599999999997	14.664100000000001	11.877799999999999	14.700899999999999	20.1925	9.4207	6.126	11.8336	0.0	6.1276	4.3624	6.5281
50	1.0839	5.8923000000000005	4.0118	5.6765	2.6815	2.5073000000000003	4.9877	4.9891000000000005	3.6698000000000004	6.6553	6.7722	1.6148	6.8995	2.2298	2.1395999999999997	11.686200000000001	12.5443	21.2692	18.454	5.6206000000000005	4.669899999999999	5.4749	19.6328	13.3892	7.5883	16.3459	17.165599999999998	5.7408	0.33080000000000004	3.8986	5.6655	5.9958	10.4702	4.8487	12.8408	6.695399999999999	9.1063	6.5828999999999995	15.8354	10.449	7.7278	16.585900000000002	11.9124	7.8162	19.502200000000002	13.267299999999999	5.733	7.89	6.5796	5.9393	0.0	2.142	1.0839
51	3.4025	4.5753	5.589899999999999	8.110199999999999	5.1152	1.7253	7.421399999999999	3.7245	6.1035	8.2371	5.0472	0.9156	8.4813	3.0244	0.3954	10.9366	10.1639	19.4329	16.6177	5.4608	5.8809	7.0567	17.7965	16.6423	9.170200000000001	18.7796	19.5993	7.3227	2.7645	2.5199000000000003	3.8291999999999997	4.1595	13.7233	3.0124	10.4604	8.203100000000001	7.7542	8.0914	18.269099999999998	13.1669	5.8185	19.019599999999997	11.2373	9.398100000000001	17.6659	16.5203	6.943899999999999	6.8563	8.1614	4.103	2.7449	0.0	3.4025
;
