vehicles
vehicle_idx, capacity, cost_per_unit_distance
1,160,18
2,160,18
depot
node_idx,x,y
0,25.049446486001663,121.51552910838933
home delivery customers
node_idx,x,y,service_time,demand
1,25.03762952383845,121.49973272848463,10,3
2,25.03044405,121.5554971,10,1
3,25.04401546617416,121.52797872869691,10,4
4,25.043911198925322,121.53175581242905,10,1
5,25.053442450000006,121.5428216,10,1
6,25.042021417547733,121.51061283360649,10,5
7,25.059797457580977,121.51875630731095,10,1
8,25.02875491748543,121.53238315202408,10,4
9,25.089004928827226,121.52565124352229,10,1
10,25.05948506295726,121.53387003063558,10,5
self pickup customers
node_idx,x,y,service_time,demand,locker_idxs
11,25.178862483403716,121.44986925838859,10,1,54
12,25.05243390168133,121.61644812947911,10,2,52-60
13,24.962241538120328,121.4269603688571,10,3,51
14,25.055373996641034,121.56811858039102,10,1,56-53
15,24.9609981,121.4207013,10,5,51
16,25.111768507017253,121.53389569125697,10,1,57-62
17,25.0533060667536,121.6142147665228,10,5,52-60
18,25.113064604831376,121.51995997808294,10,3,57-62
19,24.959424727253083,121.4182010993446,10,2,51
20,25.04054542416465,121.58329586260894,10,4,56-53
21,25.089870267025805,121.50781474902385,10,3,62
22,24.96112749413015,121.41307918359139,10,2,51
23,25.02323713867572,121.57203016386649,10,3,53
24,25.17714138702511,121.44891857632172,10,4,54
25,25.096084160689045,121.52383307302763,10,3,62-57
26,24.95814045781623,121.53418771459206,10,1,55
27,25.030293797062775,121.52907987491291,10,5,59-61
28,25.127132299999996,121.46692549999999,10,1,58
29,25.17237545,121.44618235000002,10,1,54
30,25.05722976122902,121.6048296851725,10,2,60-52
flexible customers
node_idx,x,y,service_time,demand,locker_idxs
31,25.0238474,121.56870475000001,10,4,53
32,25.029397350000004,121.56420835,10,4,53-56
33,25.025506514797918,121.57134178021253,10,5,53-56
34,24.972375099912743,121.53444664714421,10,3,55
35,25.057311415792576,121.58497515100625,10,5,56-60
36,25.054744218921922,121.59296440169716,10,3,60-56
37,24.956893637702,121.53781332073498,10,4,55
38,25.113797063194387,121.53004636123738,10,5,57-62
39,25.0193079211305,121.49910219204035,10,5,61
40,25.16946214823447,121.44115845299245,10,2,54
41,25.069207588558957,121.61185139772287,10,5,52-60
42,25.1247582312724,121.46596390078906,10,2,58
43,25.01774984766306,121.49567055083465,10,1,61
44,25.022358994354395,121.54013838230287,10,3,59
45,25.06911287489332,121.60675900271544,10,2,60-52
46,25.09016539072287,121.5187092785689,10,5,62
47,25.02079235347258,121.49373009304108,10,1,61
48,25.02355358040216,121.5316923720409,10,1,59-61
49,25.122272172449435,121.46308146392514,10,5,58
50,25.056137280672687,121.59983426389144,10,4,60-52-56
lockers
node_idx,x,y,service_time,capacity,cost_per_unit_good
51,24.9595637,121.4197544,10,30
52,25.0553158,121.617896,10,70
53,25.0328676,121.5697576,10,30
54,25.1678849,121.4456164,10,120
55,24.9579858,121.5375799,10,30
56,25.0500706,121.5774743,10,50
57,25.1179855,121.5222664,10,25
58,25.1215413,121.4674681,10,60
59,25.0143713,121.530883,10,41
60,25.0571896,121.6008324,10,46
61,25.0199817,121.5038204,10,29
62,25.0898449,121.5264339,10,48
mrt lines
start_node_idx,end_node_idx,freight_capacity,cost_per_unit_good
51,52,100,65
52,51,100,65
53,54,80,65
54,53,80,65
55,56,80,55
56,55,80,55
distance matrix
,0,1,2,3,4,5,6,7,8,9,10,11,12,13,14,15,16,17,18,19,20,21,22,23,24,25,26,27,28,29,30,31,32,33,34,35,36,37,38,39,40,41,42,43,44,45,46,47,48,49,50,51,52,53,54,55,56,57,58,59,60,61,62,
0,0.0,2.9334000000000002,6.5156,2.3247,2.5025999999999997,3.644,1.3469,1.4698,4.3065,5.5024,3.106,20.6986,12.8316,14.8902,6.2095,15.4395,8.6552,12.904,8.7014,15.7051,7.9668,4.9844,16.2589,8.3529,20.7345,6.2733,13.9837,3.7405,13.2041,19.057599999999997,12.5126,7.8456,7.4248,8.1881,10.8376,8.3284,8.954,13.7566,8.8345,4.7351,20.034299999999998,14.3712,13.171899999999999,4.9017,5.3038,14.2549,5.214899999999999,4.8534,4.9947,13.1532,9.9131,15.679200000000002,12.9342,8.5804,18.927,13.6347,7.3099,9.4205,12.687,5.478,9.8203,4.343100000000001,5.5554
1,3.1474,0.0,6.8777,4.2155,4.3934,6.374899999999999,1.8919000000000001,4.2682,4.7462,8.3773,6.0383000000000004,23.2514,13.528,12.1595,9.8173,12.7088,11.53,13.4266,11.5763,12.9744,9.8576,8.2393,13.5282,8.8583,23.287200000000002,9.9088,12.889100000000001,3.347,15.7568,21.6103,14.6774,8.0509,7.5861,8.6935,9.7431,10.4931,11.7693,12.662,11.709299999999999,2.4331,22.587,15.6462,15.7246,2.5997,5.0439,15.5299,9.4251,2.2676,4.3464,15.706,12.464,12.9485,15.0989,8.802100000000001,21.4798,12.5401,9.4746,12.9133,15.239700000000001,4.9091000000000005,12.396700000000001,3.5516,8.430200000000001
2,5.799300000000001,6.8295,0.0,4.059,3.9755,4.0776,5.7636,6.9531,3.6142,9.4732,5.3791,25.924400000000002,7.9749,17.453200000000002,4.1108,18.0024,12.6259,7.8735,12.6722,18.268,4.3045,10.344,18.821900000000003,3.0690999999999997,25.9602,11.2232,10.9121,3.7904,18.4298,24.2833,9.215200000000001,2.554,1.7969000000000002,2.9043,7.766100000000001,5.031,5.6575,10.685,12.805200000000001,7.4578,25.26,10.1841,18.397599999999997,8.1861,2.7953,10.0678,10.002799999999999,8.4201,3.262,18.379,6.6166,18.2422,9.6368,3.0129,24.1528,10.5631,4.0134,13.3913,17.9127,3.9162,6.8436,6.8225,9.526200000000001
3,1.8120999999999998,3.9884,5.437,0.0,1.424,3.5718,2.2041,2.9352,3.228,6.1772,3.2352,22.2954,10.5586,15.945200000000002,6.101100000000001,16.494400000000002,9.33,10.4573,9.3762,16.76,6.888199999999999,7.2833000000000006,17.3139,7.2743,22.3312,7.9272,13.7633,3.5201,14.800799999999999,20.6543,10.0419,6.767,6.3462,7.1096,10.6172,7.762899999999999,8.8,13.536200000000001,9.5093,5.790100000000001,21.631,12.916,14.768600000000001,5.956600000000001,4.2253,12.799700000000001,6.706899999999999,5.908399999999999,3.9160999999999997,14.75,9.4946,16.7342,12.3687,7.5018,20.5237,13.414299999999999,6.7506,10.0954,14.283700000000001,5.2576,9.427299999999999,4.9197,6.2302
4,2.1873,4.3636,4.3945,0.447,0.0,2.2203000000000004,2.5793000000000004,3.0467,2.0763000000000003,5.5595,2.0854,22.091900000000003,10.624600000000001,16.3204,4.9575,16.8696,8.712299999999999,10.6969,8.7585,17.1352,5.8457,6.9741,17.6891,6.2318,22.1277,7.3095,13.221200000000001,2.2870999999999997,14.597299999999999,20.4508,10.3056,5.661,4.9038,6.067,10.0751,6.1213999999999995,6.746899999999999,12.9941,8.8916,6.1653,21.4275,11.2744,14.565100000000001,6.331899999999999,3.0736,11.158100000000001,6.0892,6.283600000000001,2.7644,14.5464,7.706,17.1094,10.7272,6.4593,20.3202,12.872200000000001,5.1029,9.4777,14.080200000000001,4.1837,8.384799999999998,6.288,5.6125
5,3.3723,6.0548,4.3715,3.0486,2.0662,0.0,4.2701,3.4788,4.4144,6.0011,1.5955,22.4523,8.2195,20.4471,3.3162,20.996299999999998,9.153799999999999,8.1182,9.2001,21.2619,5.8227,6.871899999999999,21.8157,6.2088,22.4881,7.7511,15.2714,4.6251999999999995,14.9577,20.8112,7.0009,5.7014,5.2806999999999995,6.044,12.1253,4.8914,5.5919,15.0443,9.3331,8.9735,21.7879,8.720600000000001,14.9255,9.701799999999999,4.624899999999999,8.604299999999999,6.5306999999999995,9.935799999999999,4.86,14.9069,6.551,21.236,9.5157,6.4363,20.6807,14.9224,3.9479,9.9192,14.4406,6.230600000000001,6.4583,8.3382,6.0541
6,1.9535,1.5999,5.7137,3.0216,3.1995,5.181,0.0,3.0743,3.5822,7.1833,4.844399999999999,21.2781,12.334,13.554200000000002,8.6234,14.103399999999999,10.3361,12.232700000000001,10.382299999999999,14.369,8.6637,6.266,14.9229,7.679,21.3139,7.9355,13.2135,2.928,13.7835,19.637,11.8173,7.164,6.406899999999999,7.5143,10.0674,9.4495,10.5754,12.9864,10.5154,3.3991,20.6137,14.6025,13.751299999999999,3.5656999999999996,4.5795,14.4862,7.713,3.5174000000000003,4.178,13.732700000000001,11.270100000000001,14.343200000000001,14.055299999999999,9.277299999999999,19.506400000000003,12.8645,8.526,11.1015,13.266399999999999,4.9132,11.2027,3.876,7.2363
7,1.4899,4.1405,7.3695,3.1786,3.3565,3.1339,2.7617,0.0,5.272,4.143,2.4725,19.707900000000002,12.697,16.5364,6.3886,17.0856,7.2957,12.7694,7.342,17.351200000000002,8.8207,4.1838,17.905,9.2068,19.7438,5.893,14.861,4.6178,12.2134,18.0669,11.252600000000001,8.6995,8.2787,9.042,11.715,7.9638,10.187299999999999,14.634,7.475,6.1499,19.043599999999998,12.1042,12.1812,6.3164,6.9382,11.9879,3.8555,6.2681000000000004,5.8678,12.1625,10.9133,17.325400000000002,12.8742,9.434299999999999,17.9363,14.512,7.0203,8.0611,11.696299999999999,6.3553999999999995,10.7099,6.017399999999999,4.196
8,4.478,4.1497,3.4221999999999997,2.367,2.2836,4.4138,3.8891999999999998,5.601100000000001,0.0,7.7397,3.9258,24.2721,10.7796,15.9453,6.652399999999999,16.4945,10.8925,10.6782,10.9387,16.760099999999998,7.1091999999999995,9.5242,17.314,4.9348,24.3079,9.489700000000001,10.9419,0.6069,16.7775,22.631,11.7568,4.4698,4.0036,4.7701,7.7959,7.5726,8.1991,10.714799999999999,11.0718,4.644,23.6077,12.725700000000002,16.7453,5.3724,1.4627999999999999,12.609399999999999,8.2694,5.6063,0.7654,16.726599999999998,9.7156,16.734299999999998,12.1784,5.7298,22.500400000000003,10.5929,6.555,11.6578,16.2604,2.138,9.648299999999999,4.0087,7.7927
9,5.3208,8.192200000000001,9.7981,5.605899999999999,5.5863000000000005,5.7214,6.4091000000000005,3.9189000000000003,7.354,0.0,4.4156,16.518,13.2796,20.149,8.8738,20.6983,4.4772,13.352,3.1004,20.963900000000002,11.2493,2.4988,21.5177,11.635399999999999,16.5538,1.082,19.3342,7.1265,9.0235,14.877,11.8352,11.054,10.296899999999999,11.4707,16.188200000000002,9.5719,10.7699,19.1071,4.6565,9.9939,15.8536,12.6868,8.991200000000001,10.1605,8.6878,12.5705,0.9027999999999999,10.112200000000001,8.922799999999999,8.9726,11.495899999999999,20.938,13.4568,11.8629,14.7464,18.9852,9.5054,5.230899999999999,8.5064,10.2934,11.2926,9.1247,0.1418
10,3.1105,5.9818999999999996,5.8069,2.7346,2.1125,1.6147,4.1988,2.7963,3.9387,4.0998,0.0,20.6322,11.178600000000001,20.5187,4.775600000000001,21.0679,7.2526,11.251,7.2988,21.3335,7.2581999999999995,5.2106,21.887400000000003,7.6443,20.668,5.8498,15.343,4.1496,13.1376,18.9911,9.734200000000001,7.0629,6.3057,7.4795,12.197,6.3594,8.669,15.116,7.4319,9.045200000000001,19.9678,10.585899999999999,13.1054,9.7735,4.6966,10.4695,4.6295,10.0075,4.9316,13.086799999999998,9.3949,21.3077,11.355799999999999,7.8718,18.860599999999998,14.994,5.4159,8.018,12.6206,6.3022,9.191600000000001,8.4099,4.1528
11,20.807299999999998,21.8037,26.3309,22.1386,22.1191,22.254099999999998,21.3767,19.6829,23.8867,16.6266,20.948400000000003,0.0,29.3304,28.6735,25.4836,29.2227,16.256700000000002,29.4028,14.303700000000001,29.4883,27.7821,15.8585,30.042099999999998,28.168200000000002,0.2403,15.3911,35.753,23.659299999999998,8.461799999999998,2.1678,27.886,27.5868,26.8296,28.003400000000003,33.5802,26.6688,26.8208,35.5259,16.436,24.8614,2.093,28.737599999999997,8.4296,24.7075,25.2205,28.621299999999998,15.9771,24.339299999999998,25.455599999999997,8.3727,27.5467,29.4625,29.5076,28.3957,2.2224,35.404,26.0795,14.575700000000001,8.562899999999999,26.8262,27.343400000000003,25.1914,16.7249
12,11.225,13.401299999999999,7.9222,9.4847,9.401200000000001,8.1953,11.617,14.746799999999999,10.6119,14.7216,12.1365,28.9806,0.0,30.2993,5.9308000000000005,30.8485,13.6567,0.3728,16.826900000000002,31.114099999999997,4.3908000000000005,13.4001,31.668,7.2842,29.0164,14.689,17.3782,10.822700000000001,21.486,27.3395,1.7827,7.2273000000000005,6.8328999999999995,7.1195,16.2299,4.5775,2.7978,16.8051,17.8796,14.649799999999999,28.316200000000002,2.8082,21.453799999999998,15.3695,9.9873,2.6918,14.2053,15.321200000000001,10.4832,21.4351,2.2851999999999997,31.0883,1.2061,5.860600000000001,27.2089,16.6832,4.3339,17.6935,20.9689,11.1082,2.227,14.0145,14.8556
13,15.1176,12.2125,18.5717,16.1857,16.3636,21.4254,13.9017,16.7398,17.277900000000002,20.7892,19.1187,28.6342,31.0277,0.0,21.9674,0.8649,23.9419,31.4005,23.275299999999998,1.1305,21.7889,19.4679,1.6844000000000001,20.0843,28.67,21.137400000000003,16.5091,17.002599999999997,21.847099999999998,26.9931,27.561799999999998,19.6193,19.1531,19.9196,15.7054,23.377599999999997,23.5141,16.2821,24.1212,13.2103,27.9698,32.322,21.8149,13.7981,18.0478,32.2056,20.6537,11.683,16.877299999999998,21.757900000000003,24.473200000000002,1.1047,31.5364,20.8793,26.8625,16.1601,21.87,24.1418,21.9481,15.2675,24.7001,13.933399999999999,20.8421
14,6.1973,9.2095,4.1423000000000005,5.6373,5.0288,3.2861,7.795,6.3039,6.7645,8.0607,4.7299,25.2773,5.9689,20.865299999999998,0.0,21.4145,10.6289,5.8675,11.2597,21.6801,3.0721,9.6969,22.233900000000002,4.7628,25.3131,10.577,14.324200000000001,6.9754,17.782700000000002,23.6363,4.7503,4.6675,3.747,4.598,11.1781,2.8699,3.3413000000000004,14.097100000000001,11.3928,11.4733,24.6129,6.6991000000000005,17.7505,12.201600000000001,6.2073,6.5828,8.590399999999999,12.4356,6.7033000000000005,17.731900000000003,4.3004,21.6542,7.4942,4.0684000000000005,23.5057,13.975200000000001,1.6972,11.9789,17.265700000000002,7.3282,4.2076,10.838,8.1137
15,15.7956,12.8904,19.249599999999997,16.863599999999998,17.0415,22.1034,14.5797,17.4177,17.9558,21.4671,19.796599999999998,29.312099999999997,31.705599999999997,0.9686,22.6453,0.0,24.6199,32.0784,23.9533,0.315,22.4668,20.145799999999998,1.2726,20.7622,29.347900000000003,21.8153,17.187099999999997,17.6805,22.525,27.671,28.2397,20.2972,19.831,20.5975,16.383399999999998,24.0555,24.192,16.96,24.7991,13.8883,28.6477,32.999900000000004,22.4928,14.476,18.7257,32.8836,21.331599999999998,12.360899999999999,17.5552,22.4359,25.1511,0.2892,32.2143,21.557299999999998,27.5404,16.838099999999997,22.547900000000002,24.8198,22.626099999999997,15.9454,25.3781,14.6113,21.5201
16,8.4876,11.0509,12.9649,8.7727,8.7531,8.888200000000001,9.575899999999999,7.0857,10.5208,3.4295,7.5824,16.2427,16.4464,26.9219,10.0174,27.4711,0.0,16.5188,1.9399000000000002,27.7367,11.600700000000002,5.009600000000001,28.2905,14.802200000000001,16.2785,3.0499,22.501,10.293299999999999,8.7481,14.601600000000001,15.002,14.220799999999999,13.463700000000001,14.6375,19.355,9.9086,11.210799999999999,22.2739,0.7631,13.1607,15.578299999999999,11.591299999999999,8.7159,13.3273,11.8546,15.7373,3.9448000000000003,13.279,12.0896,8.6972,14.662700000000001,27.7108,16.6236,15.0297,14.471,22.152,10.613299999999999,2.4925,8.231,13.4602,14.4594,12.2915,3.3589
17,10.968200000000001,13.1445,7.6654,9.2279,9.1444,7.9385,11.3602,10.956299999999999,10.3551,14.5398,9.382299999999999,28.7988,0.7768999999999999,24.3884,5.674,24.9376,13.399899999999999,0.0,16.6452,25.203200000000002,4.134,13.2183,25.757099999999998,7.027399999999999,28.8346,14.507200000000001,17.8547,10.5659,21.3042,27.157700000000002,1.4763,6.9705,6.5762,6.8627,16.7065,4.3206999999999995,2.5410999999999997,17.281599999999997,15.3896,14.393,28.134400000000003,3.33,21.272,15.1127,9.7305,3.2137,14.0235,15.0645,10.2264,21.2533,1.9788,25.177400000000002,1.728,5.603800000000001,27.027099999999997,17.1597,4.0771,17.5117,20.7871,10.8514,1.9205999999999999,13.757700000000002,14.6738
18,8.5981,10.3682,13.0754,8.8831,8.8636,8.9986,9.686399999999999,7.1962,10.6313,3.54,7.6929,14.3474,16.556900000000002,26.239099999999997,12.2281,26.788400000000003,1.9274,16.6293,0.0,27.054,14.5266,4.326899999999999,27.6078,14.912700000000001,14.383299999999998,2.4678,22.6115,10.403799999999999,6.8529,12.7064,15.1125,14.331299999999999,13.574200000000001,14.748,19.465400000000002,12.119299999999999,14.0472,22.384400000000003,1.5687,13.2712,13.683,15.9641,6.8206999999999995,13.4378,11.9651,15.8478,4.0553,13.3895,12.2001,6.802,14.773200000000001,27.0281,16.734099999999998,15.1402,12.5758,22.2625,12.824,0.7072999999999999,6.3358,13.5707,14.5699,12.402,3.4694000000000003
19,16.1489,13.243799999999998,19.603,17.217,17.3948,22.4567,14.933,17.771,18.309099999999997,21.820400000000003,20.149900000000002,29.6654,32.059,1.3219,22.9987,0.8064,24.973200000000002,32.4317,24.3066,0.0,22.8202,20.4991,0.8079,21.115599999999997,29.7012,22.168599999999998,17.5404,18.0338,22.8783,28.0244,28.5931,20.650599999999997,20.1843,20.9508,16.7367,24.4088,24.5453,17.313299999999998,25.1525,14.2416,29.001,33.353199999999994,22.8461,14.8293,19.079,33.2369,21.685,12.7142,17.9086,22.7892,25.5044,0.3394,32.5676,21.9106,27.8938,17.1914,22.9013,25.173099999999998,22.979400000000002,16.2987,25.7314,14.9646,21.8734
20,7.6483,9.8246,3.9905,5.908,5.8245,5.8265,8.0402,8.7714,7.0352,11.3278,7.2337,26.6301,4.4735,20.7135,3.0936,21.262700000000002,11.440100000000001,4.3721000000000005,13.296700000000001,21.528299999999998,0.0,12.1986,22.082099999999997,3.3525,26.6659,11.388200000000001,14.1724,7.246,19.1355,24.989,3.9568000000000003,3.2956,2.9012,3.1877,11.026299999999999,2.3609,2.7148000000000003,13.9453,13.429799999999998,10.7181,25.965700000000002,6.5153,19.1033,11.7928,6.0555,6.399,11.8575,11.7445,6.5515,19.0847,3.4095,21.5024,5.4245,1.9287999999999998,24.8585,13.8234,1.4967000000000001,14.0159,18.6185,7.176399999999999,3.3421999999999996,10.082799999999999,11.380799999999999
21,5.2122,6.8036,10.922600000000001,6.7595,6.937399999999999,6.7218,5.7817,4.0879,8.741299999999999,2.5242,5.5451999999999995,15.809299999999999,13.7023,22.563599999999997,9.4376,23.1129,5.5028999999999995,13.774700000000001,4.6295,23.3785,13.672799999999999,0.0,23.932299999999998,12.7599,15.8452,2.4916,20.4587,8.1752,8.3148,14.168299999999999,12.2579,12.1785,11.421299999999999,12.5951,17.3126,11.040700000000001,11.1927,20.2316,5.6822,9.2367,15.145,13.1096,8.2826,9.4033,9.8122,12.9932,2.0079000000000002,9.071200000000001,10.0473,8.2639,11.9186,23.3526,13.8795,12.9874,14.037700000000001,20.1097,12.8369,5.4961,7.7977,11.4179,11.7153,8.777899999999999,2.6582
22,16.093,13.187899999999999,19.9651,17.161099999999998,17.339,22.8188,14.8772,17.7152,18.6713,21.764599999999998,20.094099999999997,30.0276,32.421099999999996,1.6841,23.360799999999998,1.1456,24.9173,32.7939,24.250700000000002,1.4112,23.182299999999998,20.4433,0.0,21.477700000000002,30.0634,22.1128,17.9026,18.396,23.2405,28.3865,28.537200000000002,21.012700000000002,20.5465,21.313,17.0988,24.353,24.9075,17.6755,25.0966,14.6037,29.3632,33.7154,23.208299999999998,15.1915,19.441200000000002,33.599,21.629099999999998,12.6584,18.2707,23.1513,25.8666,1.3854000000000002,32.9298,22.2727,28.2559,17.5535,23.2634,25.1172,23.3415,16.6609,26.0936,15.326799999999999,21.8176
23,8.1395,8.5154,3.2617,6.3991999999999996,6.3158,6.3102,8.0527,9.2626,5.3001000000000005,11.7622,7.668100000000001,28.2135,7.4327,19.1391,4.876,19.6884,13.778,7.331300000000001,14.961200000000002,19.954,3.421,12.633,20.5078,0.0,28.249299999999998,13.5122,12.598,5.4764,20.7189,26.572400000000002,6.916,0.5834,1.3189000000000002,0.3951,9.452,5.3201,5.674,12.371,15.094299999999999,9.1437,27.5491,9.4745,20.686700000000002,9.8721,4.481199999999999,9.3582,12.2919,10.106,4.948,20.668,6.3687,19.928099999999997,8.383700000000001,2.5114,26.4418,12.249,4.0013000000000005,15.680399999999999,20.2018,5.6021,6.301399999999999,8.5084,11.8152
24,20.990299999999998,21.9867,26.513900000000003,22.3216,22.3021,22.437099999999997,21.5598,19.866,24.0698,16.8096,21.131400000000003,0.2403,29.5134,28.8565,25.666700000000002,29.4057,16.439700000000002,29.5858,14.486799999999999,29.6713,27.9651,16.0415,30.2252,28.351200000000002,0.0,15.574200000000001,35.936,23.842299999999998,8.6449,2.3508,28.069,27.7698,27.012700000000002,28.1865,33.7633,26.8519,27.0038,35.7089,16.619,25.0445,2.276,28.9207,8.6127,24.8906,25.403599999999997,28.804299999999998,16.1602,24.522299999999998,25.6386,8.5557,27.7298,29.6455,29.6906,28.5787,2.4054,35.587,26.2625,14.758799999999999,8.745899999999999,27.0092,27.526400000000002,25.3744,16.9079
25,6.5942,8.4884,11.0715,6.8792,6.8597,6.9947,7.6825,5.1922,8.6274,0.9716,5.689,15.3962,15.1462,24.359299999999998,9.906,24.9086,2.5715,15.2185,2.1893000000000002,25.1742,11.4892,2.4471,25.728,12.9088,15.4321,0.0,20.607599999999998,8.399899999999999,7.9017,13.7552,13.7017,12.327399999999999,11.5703,12.7441,17.4615,9.7971,12.6365,20.3805,2.7508000000000004,11.267299999999999,14.7319,14.5534,7.8695,11.4339,9.9611,14.437100000000001,1.3822999999999999,10.756,10.196200000000001,7.8508000000000004,13.3625,25.1483,15.3233,13.136299999999999,13.624600000000001,20.258599999999998,10.5018,2.8278000000000003,7.384600000000001,11.566799999999999,13.1591,10.398100000000001,0.9705
26,13.667399999999999,12.822899999999999,10.9182,12.7736,12.8919,15.142700000000001,12.316,14.7905,10.9951,19.3823,15.288200000000002,34.6427,17.5088,15.1855,14.3139,15.7347,22.535,17.8816,22.5813,16.0003,14.135399999999999,20.253,16.5542,12.4308,34.6785,21.1323,0.0,11.4455,27.8556,33.0017,19.4183,11.9658,11.4995,12.266,2.6891,15.2341,15.8605,1.634,22.714299999999998,11.8895,33.978300000000004,20.3871,27.823400000000003,12.617899999999999,10.822,20.270799999999998,19.911900000000003,12.851799999999999,10.5945,27.7665,16.819599999999998,15.9745,18.017400000000002,13.2258,32.8711,1.5121,14.2165,23.3004,27.9567,7.702100000000001,17.046599999999998,11.2542,19.435200000000002
27,3.8318000000000003,4.0128,3.8495,2.1856,2.121,4.510800000000001,3.243,4.7862,0.9342999999999999,7.299,4.0228,23.8313,10.8766,15.808399999999999,6.7494,16.3576,10.451799999999999,10.7752,10.498,16.6232,7.2062,9.6212,17.177,5.3705,23.8672,9.049,11.061399999999999,0.0,16.3368,22.1903,11.8538,4.9055,4.472899999999999,5.2058,7.9153,7.6696,8.296100000000001,10.834299999999999,10.6311,3.9559,23.167,12.822700000000001,16.3046,4.6843,1.8985,12.7064,7.8286999999999995,4.9182,1.2010999999999998,16.285899999999998,9.8126,16.5973,12.2754,5.689,22.0597,10.712399999999999,6.652,11.2171,15.819700000000001,3.1461,9.745299999999999,3.3205999999999998,7.352
28,13.3295,14.325899999999999,18.853099999999998,14.6609,14.6413,14.776399999999999,13.899,12.205200000000001,16.409,9.1489,13.470600000000001,8.440299999999999,21.852700000000002,22.7566,18.0059,23.305799999999998,8.7789,21.925,6.826,23.5714,20.304299999999998,8.380700000000001,24.1252,20.6904,8.4762,7.913399999999999,28.389200000000002,16.1815,0.0,6.799300000000001,20.4082,20.109,19.3519,20.5257,25.2432,19.1911,19.343,28.1621,8.958200000000001,16.7591,7.776,21.259900000000002,0.36760000000000004,16.9256,17.7428,21.1436,8.4994,16.5935,17.9778,0.8949,20.069,23.5456,22.029799999999998,20.917900000000003,6.668699999999999,28.040200000000002,18.6018,7.098,0.8754,19.3484,19.865599999999997,17.8775,9.2471
29,19.7766,20.773,25.3002,21.1079,21.0884,21.2234,20.3461,18.6523,22.856099999999998,15.5959,19.9177,2.1895,28.2997,27.642799999999998,24.452900000000003,28.192,15.226,28.3721,13.273100000000001,28.4576,26.7514,14.8278,29.0115,27.1375,2.2253000000000003,14.3605,34.722300000000004,22.6286,7.4312,0.0,26.8553,26.556099999999997,25.799,26.9728,32.5495,25.638099999999998,25.7901,34.4952,15.405299999999999,23.8308,1.5251,27.707,7.399,23.6768,24.1899,27.5906,14.9465,23.3086,24.4249,7.342,26.516099999999998,28.4318,28.4769,27.365,1.1917,34.3733,25.0488,13.545,7.5322,25.7955,26.3127,24.160700000000002,15.6942
30,10.7913,12.967600000000001,6.9845,9.051,8.9675,6.9182,10.7898,9.9361,10.1782,13.381200000000002,10.796,27.640099999999997,1.8875,23.7075,4.6537,24.256700000000002,12.315299999999999,1.9599000000000002,15.4865,24.522299999999998,3.9571,12.059700000000001,25.0761,6.8505,27.676,13.348600000000001,17.166400000000003,10.389,20.145599999999998,25.9991,0.0,6.7936000000000005,6.3991999999999996,6.6857,14.020299999999999,3.2361,1.4125999999999999,16.9393,14.3049,13.7121,26.9758,3.0478,20.113400000000002,14.4404,9.0495,2.9314,12.8649,14.6744,9.5455,20.0947,0.7102999999999999,24.4964,2.3882,5.4269,25.8685,16.817400000000003,3.0568,16.353,19.6285,10.170399999999999,0.5426,13.076799999999999,13.5152
31,7.9372,8.0318,2.2939000000000003,6.196899999999999,6.1133999999999995,6.1079,7.8503,9.0603,4.8165,11.559899999999999,7.4658,28.0111,7.230300000000001,18.6555,4.6737,19.2047,13.639299999999999,7.129,14.758899999999999,19.470299999999998,3.2186999999999997,12.4307,20.0242,0.5097,28.0469,13.309899999999999,12.1144,4.9927,20.5165,26.370099999999997,6.7136000000000005,0.0,1.0458,0.4461,8.968399999999999,5.1178,5.4717,11.8873,14.892,8.6601,27.346700000000002,9.272200000000002,20.484299999999998,9.388399999999999,3.9976,9.1558,12.0896,9.622399999999999,4.464300000000001,20.465700000000002,6.166399999999999,19.4445,8.1814,2.3091,26.2395,11.7654,3.799,15.478,19.9995,5.1185,6.099,8.0248,11.6129
32,7.0353,7.565600000000001,1.6384,5.295,5.211600000000001,5.206,6.9485,8.1584,4.3503,10.658,6.563899999999999,27.1092,6.924300000000001,18.1893,3.7718000000000003,18.7385,12.6737,6.8229,13.857,19.004099999999998,2.9126,11.528799999999999,19.5579,1.235,27.1451,12.408,11.648200000000001,4.5265,19.6147,25.4682,6.4076,1.0458,0.0,1.0703,8.5021,4.8118,5.1656,11.421100000000001,13.9901,8.1938,26.4449,10.0659,19.5825,8.9222,3.5313000000000003,9.9495,11.187700000000001,9.1562,3.9981,19.5638,5.8603000000000005,18.9782,7.8754,2.0031,25.3376,11.2992,3.493,14.5762,19.0976,4.6522,5.793,7.5585,10.711
33,7.9748,8.350700000000002,3.097,6.2345,6.151,6.1455,7.887899999999999,9.0979,5.1354,11.5975,7.5034,28.0487,7.2679,18.974400000000003,4.7113000000000005,19.5236,13.6132,7.166600000000001,14.7965,19.7892,3.2563,12.4683,20.3431,0.3951,28.0845,13.3475,12.4333,5.3116,20.5542,26.407700000000002,6.7512,0.4461,1.1542000000000001,0.0,9.2872,5.155399999999999,5.5093000000000005,12.2062,14.9296,8.979,27.3843,9.3098,20.521900000000002,9.7073,4.3165,9.1934,12.1272,9.9413,4.7832,20.5033,6.204,19.7634,8.219,2.3467,26.277099999999997,12.084299999999999,3.8366,15.515600000000001,20.0371,5.437399999999999,6.1366000000000005,8.3437,11.6505
34,10.569,9.7245,7.8198,9.6752,9.7935,12.0442,9.2175,11.6921,7.8967,16.2838,12.1898,33.507,16.4378,13.8613,11.2155,14.4105,19.4366,16.810599999999997,19.4828,14.6761,11.037,17.1546,15.229899999999999,9.3324,33.5429,18.0338,2.7361999999999997,8.347,26.72,31.866,16.3199,8.8674,8.4011,9.1676,0.0,12.1356,12.7621,2.1631,19.6159,8.7911,32.842699999999994,17.288700000000002,26.6878,9.5195,7.7236,17.172400000000003,16.8135,9.7534,7.4961,26.6308,13.721200000000001,14.6503,16.9465,10.1274,31.735400000000002,2.0412,11.1181,20.202,24.7234,7.6084,13.9482,8.155800000000001,16.3368
35,8.579,10.508,5.1295,6.8069,6.3271999999999995,4.8951,9.0935,7.9129,7.9341,9.2099,6.3389,24.929599999999997,4.6769,21.8525,2.962,22.401799999999998,9.739600000000001,4.5755,11.596200000000001,22.6674,2.3525,11.1953,23.2212,5.2458,24.965400000000002,9.687700000000001,15.311399999999999,8.1449,17.435,23.2885,3.3715,5.189,4.7946,5.0811,12.1654,0.0,1.9625,15.0844,11.729299999999999,11.8571,24.2652,4.1624,17.4028,12.648200000000001,7.1946,4.0461,9.7395,12.6,7.6905,17.3841,2.9217,22.6415,5.6098,3.8221999999999996,23.1579,14.962399999999999,1.3651,12.315299999999999,16.917900000000003,8.3155,2.8289,11.2218,9.262799999999999
36,8.9374,10.8664,5.6466,7.324,7.2405,5.5804,9.4519,8.5982,8.4512,12.4188,7.0241999999999996,26.677799999999998,2.8889,22.3696,3.3159,22.9188,10.9774,2.7875,12.834,23.1844,2.788,11.0974,23.7383,5.6814,26.7136,12.3862,15.8285,8.662,19.1832,25.0367,1.4837,5.6245,5.2302,5.5167,12.6825,1.8982,0.0,15.6014,12.9671,12.3742,26.0134,4.5908999999999995,19.151,13.1025,7.7116999999999996,4.474600000000001,11.9026,13.3365,8.207600000000001,19.1324,1.0339,23.1586,3.3604000000000003,4.2578000000000005,24.906200000000002,15.4795,1.719,15.3907,18.6662,8.832600000000001,0.9411,11.7389,12.5528
37,13.588299999999998,12.7437,10.839,10.597,10.5135,12.747399999999999,12.236799999999999,14.7114,9.095799999999999,16.987,12.893,34.9339,16.5824,15.476700000000001,14.2347,16.0259,20.1398,16.9552,20.186,16.2915,14.0562,17.8578,16.8454,12.351600000000001,34.969699999999996,18.737,1.8086,11.366299999999999,28.1468,33.2929,19.3391,11.8866,11.420399999999999,12.1869,2.1785,15.1549,15.7814,0.0,20.3191,11.8104,34.2695,19.3906,28.1146,12.5387,10.742799999999999,19.2742,17.5167,12.7727,8.2209,28.0577,16.7405,16.265700000000002,17.091,13.146700000000001,33.1623,0.1787,14.1373,20.9052,25.426599999999997,7.1915,16.9675,11.1751,17.04
38,8.386,10.9493,12.863299999999999,8.671,8.6515,8.7865,9.4743,6.984,10.4191,3.3279,7.4808,16.141,16.3448,26.8202,10.7493,27.369400000000002,0.7434,16.417099999999998,1.5178,27.635,14.3145,4.908,28.1889,14.7006,16.1768,2.9482,22.3994,10.1917,8.6464,14.5,14.9003,14.119200000000001,13.362,14.5358,19.2533,10.6404,13.8351,22.1723,0.0,13.0591,15.476600000000001,15.752,8.6142,13.2256,11.7529,15.6357,3.8430999999999997,13.1774,11.988,8.595600000000001,14.5611,27.6092,16.521900000000002,14.9281,14.369399999999999,22.0504,11.3451,1.5375,8.1294,13.358600000000001,14.357700000000001,12.1899,3.2573000000000003
39,4.8199,2.4081,7.9203,5.888,6.0659,9.143,3.604,7.7987,5.2361,10.049700000000001,7.7108,23.7752,15.2004,12.5819,11.6855,13.1311,13.2025,15.0991,13.248700000000001,13.396700000000001,11.530100000000001,10.5268,13.9506,9.4329,23.811,12.196299999999999,11.5667,4.871,18.0443,22.1341,18.6207,8.9679,8.501700000000001,9.2682,8.8485,14.4365,13.441799999999999,11.3396,13.3818,0.0,23.110799999999998,20.333,18.0121,0.9652999999999999,5.9609,20.2167,11.7126,0.917,4.5949,17.9934,14.1365,13.370899999999999,19.0423,10.2279,22.0036,11.2177,13.418,15.200700000000001,17.5272,4.946,14.0691,0.6632,10.1027
40,19.1758,20.1722,24.6994,20.507099999999998,20.487599999999997,20.6226,19.7452,18.0514,22.255200000000002,14.9951,19.3169,1.821,27.698900000000002,27.042,23.8521,27.5912,14.625200000000001,27.7713,12.6722,27.8568,26.150599999999997,14.227,28.4106,26.5367,1.8568,13.7596,34.1215,22.0278,6.8303,0.7876000000000001,26.2545,25.955299999999998,25.1981,26.3719,31.948700000000002,25.0373,25.1892,33.894400000000005,14.8045,23.2299,0.0,27.106099999999998,6.798100000000001,23.076,23.589,26.9898,14.345600000000001,22.7078,23.824099999999998,6.7412,25.915200000000002,27.8309,27.876099999999997,26.764200000000002,0.5909,33.7725,24.448,12.9442,6.9314,25.1947,25.7119,23.559900000000003,15.093399999999999
41,11.6943,16.4958,8.2448,9.9222,9.4425,8.0103,12.2088,13.4584,11.0494,13.433200000000001,10.848,27.6921,2.2916,24.9678,5.8826,25.517,12.4329,2.364,15.5385,25.7826,6.382,12.1117,26.3365,9.2754,27.728,13.4006,18.4267,11.260200000000001,20.197599999999998,26.051099999999998,2.4667,9.2185,7.849600000000001,9.1106,15.2806,3.5169,3.9914,18.1996,16.591099999999997,19.300900000000002,27.0278,0.0,20.1654,20.0292,10.309899999999999,0.6436000000000001,12.9169,20.2632,10.8058,20.1467,2.989,25.7568,2.4688000000000003,7.8518,25.9205,18.0777,5.3163,16.405,19.6805,11.4308,2.8213000000000004,18.665599999999998,13.567200000000001
42,13.2973,14.293700000000001,18.8209,14.6286,14.6091,14.7441,13.8668,12.173,16.3768,9.1166,13.4384,8.408100000000001,21.820400000000003,22.724400000000003,17.9737,23.2736,8.7467,21.892799999999998,6.7938,23.5392,20.2721,8.3485,24.093,20.6582,8.444,7.8812,28.357,16.1493,0.36760000000000004,6.7671,20.376,20.0768,19.3197,20.4935,25.211,19.158900000000003,19.3108,28.129900000000003,8.926,16.7268,7.7437,21.227700000000002,0.0,16.8934,17.7106,21.1114,8.4672,16.5613,17.9456,0.8627,20.0368,23.5133,21.9976,20.8857,6.6365,28.008,18.5695,7.0658,0.8432000000000001,19.316200000000002,19.8334,17.845299999999998,9.2149
43,7.6002,2.7743,8.213899999999999,7.9745,7.9421,9.5867,4.1103000000000005,7.0525,4.961,11.101899999999999,9.4314,24.7927,18.1935,12.267700000000001,12.4163,12.8169,14.254700000000001,18.265900000000002,13.5881,13.0825,13.2462,9.780700000000001,13.6364,9.7265,24.828599999999998,11.4502,12.5875,4.595899999999999,17.2982,23.1517,17.874599999999997,9.2615,8.795200000000001,9.5617,9.4414,13.690299999999999,14.3159,12.3604,14.434,0.8837999999999999,24.1283,19.5869,17.266,0.0,5.6858,19.470599999999997,10.9665,0.652,5.038600000000001,17.2473,15.275,13.056700000000001,18.2961,10.5215,23.021099999999997,12.2384,12.6718,14.454600000000001,16.7811,5.389600000000001,15.1823,1.6069,11.1549
44,5.674300000000001,6.0442,2.5203,3.476,4.1239,4.7018,5.0855,6.4213000000000005,1.9747999999999999,8.9414,4.847300000000001,25.392599999999998,9.78,16.584400000000002,5.916,17.1337,12.0942,9.678700000000001,12.1404,17.3993,5.7375,9.8122,17.9531,4.0329,25.4284,10.6914,10.119,2.151,17.8981,23.7516,11.0204,3.5679000000000003,3.1016,3.8681,6.973,6.8362,7.4627,9.8919,12.2735,5.1109,24.7282,11.9892,17.8658,5.8392,0.0,11.8729,9.4711,6.0732,1.2827,17.8472,8.4218,17.3734,11.442,4.8279,23.621,9.77,5.8186,12.8595,17.381,2.368,8.648700000000002,4.4756,8.994399999999999
45,12.1304,16.931900000000002,8.6809,10.3583,9.8786,8.4465,12.6449,13.8945,11.4855,13.869299999999999,11.2842,28.1283,2.7277,25.4039,6.3188,25.953200000000002,12.2786,2.8001,15.9747,26.218799999999998,6.8181,12.5479,26.772599999999997,9.7115,28.164099999999998,13.8367,18.8628,11.696299999999999,20.6337,26.4872,2.9028,9.6546,8.2857,9.5468,15.7168,3.953,4.4275,18.6358,17.0273,19.737,27.463900000000002,0.7599,20.6015,20.465400000000002,10.746,0.0,13.3531,20.6993,11.2419,20.582900000000002,3.4251,26.1929,2.9049,8.2879,26.3566,18.5138,5.7524,16.8412,20.1166,11.8669,3.2574,19.1017,14.0033
46,5.1458,7.7318999999999996,10.3222,6.13,6.110399999999999,6.2454,6.4691,3.8218,7.878100000000001,0.9957999999999999,4.9397,15.751100000000001,14.389700000000001,23.6028,9.3979,24.152,4.393800000000001,14.462,3.5974,24.4176,11.773399999999999,1.6905999999999999,24.9715,12.1595,15.7869,1.3825,19.8583,7.650600000000001,8.2565,14.11,12.945200000000002,11.578100000000001,10.821,11.9948,16.7123,11.7281,11.88,19.6312,4.5731,10.1651,15.0867,13.796899999999999,8.2243,10.3316,9.2119,13.6806,0.0,9.9995,9.4469,8.2056,12.606,24.3918,14.566799999999999,12.387,13.9794,19.5093,10.0295,4.4639,7.7394,10.8175,12.4026,9.6488,1.1298
47,6.9657,2.2791,8.539100000000001,7.34,7.3077,9.2382,3.9684,6.418100000000001,5.2862,10.4674,8.797,24.1583,17.559099999999997,12.3598,11.781799999999999,12.9091,13.6202,17.631400000000003,12.9536,13.174700000000001,12.6117,9.1462,13.7285,10.0517,24.1941,10.815700000000001,11.3446,4.9211,16.663700000000002,22.5172,17.240099999999998,9.5867,9.1204,9.886899999999999,8.6264,13.0559,13.6814,11.1176,13.7995,1.0271,23.4939,18.9524,16.6315,0.446,6.011,18.8361,10.332,0.0,5.3638,16.6128,14.6405,13.1488,17.6617,13.4889,22.386599999999998,10.9956,12.0374,13.8201,16.1466,5.7148,14.547799999999999,1.3571,10.5204
48,4.4974,4.1691,3.4865,3.1343,3.0509,5.213100000000001,3.9086,5.6205,0.8022999999999999,9.4527,5.3586,25.9039,10.7463,15.777899999999999,6.8822,16.3271,12.6055,10.6449,12.6517,16.5927,6.7036999999999995,10.3235,17.1465,4.9991,25.939799999999998,11.2027,10.6022,1.13,18.4094,24.262900000000002,11.9867,4.5342,4.0679,4.8344,7.4561,7.8024,8.4289,10.3751,12.784799999999999,4.3043000000000005,25.2395,12.9555,18.377200000000002,5.0326,1.5271,12.8392,9.9824,5.2666,0.0,18.3585,9.388,16.5668,12.4082,5.7942,24.1323,10.253200000000001,6.7848999999999995,13.370899999999999,17.8923,1.5363,9.615,3.669,9.505700000000001
49,13.2369,14.2333,18.7605,14.568299999999999,14.5487,14.6838,13.8064,12.1126,16.316399999999998,9.056299999999998,13.378,8.3861,21.760099999999998,22.7023,17.9133,23.2515,8.6863,21.8324,6.7334,23.5171,20.2118,8.2881,24.0709,20.5978,8.421899999999999,7.8208,28.296599999999998,16.089,0.8915,6.745,20.3156,20.0165,19.2593,20.4331,25.150599999999997,19.0985,19.250400000000003,28.069599999999998,8.8656,16.6665,7.7217,21.1673,0.8593,16.833,17.6502,21.051,8.406799999999999,16.5009,17.8852,0.0,19.9764,23.4913,21.9372,20.825400000000002,6.6144,27.947599999999998,18.5092,7.0054,0.9925,19.2558,19.773,17.7849,9.1545
50,10.2932,11.8262,6.6064,8.5529,8.4694,6.5402,10.411700000000002,9.558,9.6801,13.033299999999999,7.984,27.2922,2.39,23.3294,4.2757,23.8786,11.9372,2.4623000000000004,15.1386,24.1442,3.459,11.711799999999998,24.6981,6.352399999999999,27.3281,13.0007,16.7883,9.8909,19.7977,25.6512,0.7102999999999999,6.2955,5.9012,6.1876999999999995,13.642299999999999,2.858,1.0345,16.5612,13.9269,13.334,26.6279,3.57,19.7655,14.062299999999999,8.6715,3.4537,12.517,14.296299999999999,9.167399999999999,19.7468,0.0,24.1184,2.8907,4.9288,25.520599999999998,16.4393,2.6788000000000003,16.0051,19.2806,9.792399999999999,0.2117,12.6987,13.1673
51,15.8095,12.904399999999999,19.2636,16.877599999999997,17.055400000000002,22.1173,14.5936,17.4316,17.9697,21.481,19.8105,29.326,31.7196,0.9825,22.659299999999998,0.467,24.6338,32.0923,23.967200000000002,0.3501,22.4808,20.1597,1.2865,20.7762,29.3618,21.8292,17.201,17.6944,22.539,27.685,28.253700000000002,20.3112,19.844900000000003,20.6114,16.397299999999998,24.0694,24.2059,16.9739,24.8131,13.9022,28.6616,33.0138,22.506700000000002,14.4899,18.7396,32.8975,21.345599999999997,12.374799999999999,17.569200000000002,22.4498,25.165,0.0,32.2282,21.5712,27.5544,16.852,22.5619,24.8337,22.64,15.959299999999999,25.392,14.625200000000001,21.534
52,11.476600000000001,13.652899999999999,8.1738,9.7363,9.6528,8.4469,11.8686,14.5583,10.8635,14.533100000000001,11.947899999999999,28.792,0.552,30.550900000000002,6.1823999999999995,31.100099999999998,13.908299999999999,0.6244,16.6384,31.3657,4.642399999999999,13.2116,31.9196,7.5358,28.827900000000003,14.5005,17.6298,11.0743,21.2975,27.151,1.5942,7.478899999999999,7.0845,7.3711,16.4815,4.8291,3.0494,17.0567,17.691,14.901399999999999,28.1277,2.6197,21.2653,15.6211,10.2389,2.5033000000000003,14.0168,15.572799999999999,10.7348,21.246599999999997,2.0967,31.3399,0.0,6.1122,27.020400000000002,16.9348,4.5855,17.504900000000003,20.7804,11.3598,2.0385,14.2661,14.6671
53,6.9394,8.1575,2.0616,5.1991000000000005,5.1156999999999995,5.1101,6.852600000000001,8.0625,4.9748,10.562100000000001,6.468,27.0134,6.2886999999999995,18.784599999999998,3.6759,19.3338,12.5779,6.187399999999999,13.7611,19.599400000000003,2.2771,11.4329,20.153299999999998,1.4236,27.0492,12.312100000000001,12.2435,5.151,19.5188,25.3723,5.772,1.3667,0.9723999999999999,1.2589000000000001,9.0975,4.1762,4.5301,12.016399999999999,13.894200000000001,8.789200000000001,26.349,8.3305,19.4866,9.5175,4.1267,8.2142,11.0918,9.7515,4.6226,19.4679,5.2248,19.5736,7.2398,0.0,25.2417,11.8945,2.8574,14.4803,19.0017,5.2476,5.1574,8.1539,10.6151
54,18.7422,19.738599999999998,24.2658,20.0735,20.054,20.189,19.311700000000002,17.617900000000002,21.8217,14.5615,18.8833,2.5753000000000004,27.2653,26.608400000000003,23.4185,27.1576,14.191600000000001,27.3377,12.238700000000001,27.4232,25.717,13.7934,27.9771,26.103099999999998,2.6111,13.3261,33.6879,21.5942,6.3968,0.9342,25.8209,25.5217,24.764599999999998,25.9384,31.5152,24.6038,24.7557,33.460800000000006,14.370899999999999,22.796400000000002,1.9109,26.6726,6.3646,22.642400000000002,23.1555,26.5562,13.9121,22.2742,23.3905,6.307600000000001,25.4817,27.3974,27.4425,26.330599999999997,0.0,33.3389,24.014400000000002,12.5106,6.4978,24.7611,25.278299999999998,23.1263,14.659799999999999
55,13.472299999999999,12.627799999999999,10.7231,10.481,10.3975,12.6315,12.120899999999999,14.5954,8.9798,16.8711,12.777,34.8179,16.8823,15.360700000000001,14.118799999999998,15.9099,20.0239,17.255,20.0701,16.1755,13.940299999999999,17.7419,16.729400000000002,12.235700000000001,34.8538,18.6211,1.6925999999999999,11.250399999999999,28.030900000000003,33.1769,19.223200000000002,11.770700000000001,11.3044,12.0709,2.0625,15.039,15.6654,0.1943,20.203200000000002,11.6944,34.1536,20.192,27.9987,12.422799999999999,10.6269,20.0757,17.4008,12.6567,8.105,27.9417,16.624599999999997,16.1497,17.390900000000002,13.030700000000001,33.0463,0.0,14.0214,20.7892,25.3107,7.0755,16.8515,11.0591,16.9241
56,7.2184,9.1474,3.9276,5.605,5.5215,3.8614,7.7329,6.8792,6.7322,9.969100000000001,5.3052,25.6888,4.7126,20.650599999999997,1.5969,21.1998,10.4988,4.6113,12.3554,21.465400000000002,1.7818,10.272200000000002,22.019299999999998,4.2018,25.7246,10.4469,14.1095,6.943,18.194200000000002,24.0477,3.4452,4.1449,3.5324,4.037,10.9635,1.6824000000000001,2.0362999999999998,13.8824,12.4885,10.6552,25.0244,5.8366999999999996,18.162,11.3835,5.9927,5.7204,10.4988,11.6175,6.4886,18.1434,2.9954,21.4396,5.321899999999999,2.7782,23.9172,13.7605,0.0,13.0746,17.6772,7.1136,2.9026,10.0199,10.0221
57,9.236,11.4118,13.713299999999998,9.521,9.5015,9.6365,10.3243,7.8341,11.269200000000001,4.177899999999999,8.3308,14.554200000000002,17.1948,27.282799999999998,12.866,27.832,2.2849,17.2672,0.7072999999999999,28.0976,15.1645,5.3705,28.651400000000002,15.550600000000001,14.59,3.7983000000000002,23.2494,11.0417,7.0596000000000005,12.9131,15.750399999999999,14.9692,14.2121,15.3859,20.1033,12.757200000000001,14.6851,23.022299999999998,1.5277,13.9091,13.8898,16.602,7.027399999999999,14.075700000000001,12.603,16.4857,4.6932,14.0274,12.838,7.0088,15.411100000000001,28.0717,17.372,15.7781,12.7826,22.9004,13.4619,0.0,6.5426,14.2086,15.207799999999999,13.0399,4.1073
58,12.7416,13.738,18.2652,14.072899999999999,14.0534,14.1884,13.311,11.6172,15.821,8.5609,12.882700000000002,8.54,21.2647,22.8563,17.417900000000003,23.4055,8.191,21.3371,6.238,23.6711,19.7164,7.792800000000001,24.2249,20.1025,8.575899999999999,7.325399999999999,27.801299999999998,15.5936,0.8741,6.899,19.8203,19.521099999999997,18.763900000000003,19.9377,24.6552,18.603099999999998,18.755,27.5742,8.370299999999999,16.1711,7.8756,20.6719,0.8419,16.337600000000002,17.154799999999998,20.5556,7.9113999999999995,16.0056,17.3899,0.9946,19.481,23.6452,21.4419,20.33,6.7684,27.4523,18.0138,6.51,0.0,18.7605,19.2777,17.2896,8.6592
59,5.4918000000000005,5.168,4.302899999999999,4.244800000000001,4.1613999999999995,6.3953,4.903,6.6149,2.7436,10.6349,6.5408,27.0861,11.562700000000001,13.966700000000001,8.937700000000001,14.5159,13.787700000000001,11.4613,13.8339,14.7815,7.5201,11.505700000000001,15.3354,5.8155,27.122,12.3849,9.6927,3.2698,19.5916,25.4451,12.8031,5.3505,4.8843000000000005,5.6508,6.0698,8.618799999999998,9.245299999999999,7.5097,13.967,4.1508,26.4217,16.871299999999998,19.5594,4.8792,2.6376,16.754900000000003,11.1646,5.1131,1.8688,19.5407,10.2044,14.755700000000001,13.2246,6.610600000000001,25.3145,7.3878,7.6011999999999995,14.553,19.0745,0.0,10.4314,3.5155,10.687899999999999
60,10.184299999999999,11.6616,6.4418,8.444,8.3606,6.3756,10.2471,9.3934,9.571200000000001,12.8386,10.2534,27.0975,2.3318000000000003,23.164900000000003,4.1111,23.7141,11.7726,2.4042,14.9439,23.9797,3.3501999999999996,11.517100000000001,24.5335,6.2435,27.1334,12.806,16.6238,9.782,19.603,25.4565,0.5426,6.1867,5.7923,6.0788,13.4777,2.6934,0.87,16.3967,13.7623,13.1694,26.4331,3.4023000000000003,19.5708,13.8978,8.5069,3.286,12.322299999999998,14.1317,9.0029,19.5521,0.2117,23.953799999999998,2.8325,4.8199,25.3259,16.2747,2.5141999999999998,15.8104,19.085900000000002,9.627799999999999,0.0,12.5341,12.9726
61,4.762,2.7385,7.1349,5.830100000000001,8.719299999999999,8.507700000000002,3.5461,7.8297,3.8604000000000003,11.879,8.6533,25.5699,18.9707,12.9926,11.0502,13.541799999999999,15.031799999999999,19.043,14.365200000000002,13.8074,14.023299999999999,10.557799999999999,14.3613,8.6475,25.605700000000002,12.2273,11.5085,3.4953000000000003,18.0753,23.9288,18.6517,8.1825,7.7163,8.4828,8.3624,14.4675,15.093,11.2814,15.2111,0.6867000000000001,24.9055,20.364,18.0431,1.4514,4.5851999999999995,20.247700000000002,11.7436,1.6854,3.9596,18.0244,16.0521,13.781600000000001,19.0733,9.4425,23.7982,11.1595,13.449,15.2317,17.5582,4.3107,15.9594,0.0,11.932
62,5.3738,8.2452,9.8511,5.6589,5.6393,5.7743,6.4621,3.9719,7.407,0.1418,4.4686,16.652,13.332600000000001,20.202,8.9268,20.7513,4.5302,13.405,2.9888000000000003,21.0168,11.302299999999999,2.6328,21.570700000000002,11.6884,16.6878,0.9705,19.3872,7.1795,9.1575,15.011,11.888200000000001,11.107,10.3499,11.523700000000002,16.2412,9.624799999999999,10.822899999999999,19.1601,4.7095,10.046899999999999,15.9876,12.739799999999999,9.125200000000001,10.2135,8.7408,12.6235,1.0368,10.1652,8.9758,9.1066,11.5489,20.991,13.509799999999998,11.915899999999999,14.8804,19.0382,9.558399999999999,3.6271999999999998,8.6404,10.3464,11.345600000000001,9.177700000000002,0.0
