set K:= 1	2	3	4	5;
set C_H:= 1	2	3	4	5	6	7;
set C_S:= 8	9	10	11	12	13	14;
set C_F:= 15	16	17	18	19	20	21;
set M:= 22	23	24	25	26	27;
set M_B:= 28	29	30	31	32	33;
set L_B:= 34	35;
set A1:=
(0,*) 1 2 3 4 5 6 7 15 16 17 18 19 20 21 22 23 24 25 26 27 28 29 30 31 32 33 34 35
(1,*) 0 2 3 4 5 6 7 15 16 17 18 19 20 21 22 23 24 25 26 27 28 29 30 31 32 33 34 35
(2,*) 0 1 3 4 5 6 7 15 16 17 18 19 20 21 22 23 24 25 26 27 28 29 30 31 32 33 34 35
(3,*) 0 1 2 4 5 6 7 15 16 17 18 19 20 21 22 23 24 25 26 27 28 29 30 31 32 33 34 35
(4,*) 0 1 2 3 5 6 7 15 16 17 18 19 20 21 22 23 24 25 26 27 28 29 30 31 32 33 34 35
(5,*) 0 1 2 3 4 6 7 15 16 17 18 19 20 21 22 23 24 25 26 27 28 29 30 31 32 33 34 35
(6,*) 0 1 2 3 4 5 7 15 16 17 18 19 20 21 22 23 24 25 26 27 28 29 30 31 32 33 34 35
(7,*) 0 1 2 3 4 5 6 15 16 17 18 19 20 21 22 23 24 25 26 27 28 29 30 31 32 33 34 35
(15,*) 0 1 2 3 4 5 6 7 16 17 18 19 20 21 22 23 24 25 26 27 28 29 30 31 32 33 34 35
(16,*) 0 1 2 3 4 5 6 7 15 17 18 19 20 21 22 23 24 25 26 27 28 29 30 31 32 33 34 35
(17,*) 0 1 2 3 4 5 6 7 15 16 18 19 20 21 22 23 24 25 26 27 28 29 30 31 32 33 34 35
(18,*) 0 1 2 3 4 5 6 7 15 16 17 19 20 21 22 23 24 25 26 27 28 29 30 31 32 33 34 35
(19,*) 0 1 2 3 4 5 6 7 15 16 17 18 20 21 22 23 24 25 26 27 28 29 30 31 32 33 34 35
(20,*) 0 1 2 3 4 5 6 7 15 16 17 18 19 21 22 23 24 25 26 27 28 29 30 31 32 33 34 35
(21,*) 0 1 2 3 4 5 6 7 15 16 17 18 19 20 22 23 24 25 26 27 28 29 30 31 32 33 34 35
(22,*) 0 1 2 3 4 5 6 7 15 16 17 18 19 20 21 23 24 25 26 27 28 29 30 31 32 33 34 35
(23,*) 0 1 2 3 4 5 6 7 15 16 17 18 19 20 21 22 24 25 26 27 28 29 30 31 32 33 34 35
(24,*) 0 1 2 3 4 5 6 7 15 16 17 18 19 20 21 22 23 25 26 27 28 29 30 31 32 33 34 35
(25,*) 0 1 2 3 4 5 6 7 15 16 17 18 19 20 21 22 23 24 26 27 28 29 30 31 32 33 34 35
(26,*) 0 1 2 3 4 5 6 7 15 16 17 18 19 20 21 22 23 24 25 27 28 29 30 31 32 33 34 35
(27,*) 0 1 2 3 4 5 6 7 15 16 17 18 19 20 21 22 23 24 25 26 28 29 30 31 32 33 34 35
(28,*) 0 1 2 3 4 5 6 7 15 16 17 18 19 20 21 22 23 24 25 26 27 29 30 31 32 33 34 35
(29,*) 0 1 2 3 4 5 6 7 15 16 17 18 19 20 21 22 23 24 25 26 27 28 30 31 32 33 34 35
(30,*) 0 1 2 3 4 5 6 7 15 16 17 18 19 20 21 22 23 24 25 26 27 28 29 31 32 33 34 35
(31,*) 0 1 2 3 4 5 6 7 15 16 17 18 19 20 21 22 23 24 25 26 27 28 29 30 32 33 34 35
(32,*) 0 1 2 3 4 5 6 7 15 16 17 18 19 20 21 22 23 24 25 26 27 28 29 30 31 33 34 35
(33,*) 0 1 2 3 4 5 6 7 15 16 17 18 19 20 21 22 23 24 25 26 27 28 29 30 31 32 34 35
(34,*) 0 1 2 3 4 5 6 7 15 16 17 18 19 20 21 22 23 24 25 26 27 28 29 30 31 32 33 35
(35,*) 0 1 2 3 4 5 6 7 15 16 17 18 19 20 21 22 23 24 25 26 27 28 29 30 31 32 33 34
;
set A2:=
(22,*) 23
(23,*) 22
(24,*) 25
(25,*) 24
(26,*) 27
(27,*) 26
;
param BigM:=99999;
param n:= 5;
param d:=
1	22
2	23
3	28
4	28
5	21
6	19
7	28
8	27
9	23
10	9
11	24
12	7
13	30
14	16
15	28
16	15
17	17
18	26
19	9
20	16
21	22
;
param Q:=100;
param w:=
[22,*] 23 0.1
[23,*] 22 0.1
[24,*] 25 0.1
[25,*] 24 0.1
[26,*] 27 0.1
[27,*] 26 0.1
;
param V:=
[22,*] 23 123
[23,*] 22 123
[24,*] 25 149
[25,*] 24 149
[26,*] 27 141
[27,*] 26 141
;
param e:
	22	23	24	25	26	27	28	29	30	31	32	33	34	35:=
8		0		0		0		0		1		0		0		0		0		0		1		0		0		0	
9		1		0		0		0		0		0		1		0		0		0		0		0		0		0	
10		0		0		0		1		0		0		0		0		0		1		0		0		0		0	
11		0		0		1		0		0		1		0		0		1		0		0		1		0		0	
12		0		1		0		0		0		1		0		1		0		0		0		1		0		0	
13		0		1		0		0		0		0		0		1		0		0		0		0		0		0	
14		0		0		1		0		0		1		0		0		1		0		0		1		0		0	
15		0		0		1		0		0		1		0		0		1		0		0		1		0		0	
16		1		0		0		0		0		0		1		0		0		0		0		0		0		0	
17		0		0		1		0		0		0		0		0		1		0		0		0		0		0	
18		0		0		0		0		1		0		0		0		0		0		1		0		0		0	
19		0		0		0		0		0		0		0		0		0		0		0		0		0		1	
20		0		0		0		1		0		0		0		0		0		1		0		0		0		0	
21		0		0		0		0		0		0		0		0		0		0		0		0		1		0	
;
param p:=
1	3
2	3
3	3
4	3
5	3
;
param G:=
22	56
23	67
24	75
25	74
26	50
27	91
28	56
29	67
30	75
31	74
32	50
33	91
34	52
35	68
;
param s:=
0	0
1	10
2	10
3	10
4	10
5	10
6	10
7	10
15	10
16	10
17	10
18	10
19	10
20	10
21	10
22	10
23	10
24	10
25	10
26	10
27	10
28	10
29	10
30	10
31	10
32	10
33	10
34	10
35	10
;
param t:
	0	1	2	3	4	5	6	7	8	9	10	11	12	13	14	15	16	17	18	19	20	21	22	23	24	25	26	27	28	29	30	31	32	33	34	35:=
0	0.0	4.1902	3.2287	7.536899999999999	7.9288	3.2463	5.4302	8.7516	13.771700000000001	14.0368	20.7553	7.8341	9.994399999999999	14.5306	6.5522	7.9772	14.0035	8.3146	10.5351	3.4159	19.9083	9.2485	15.6462	12.9348	8.5804	18.784200000000002	13.6341	7.3102	15.6462	12.9348	8.5804	18.784200000000002	13.6341	7.3102	10.4199	1.2532
1	4.5497	0.0	1.2992000000000001	8.475	13.3755	1.6572	10.5255	13.491	11.3685	10.677200000000001	23.279	9.5797	15.2029	16.869400000000002	9.8587	9.463799999999999	10.6439	8.5725	9.187899999999999	8.8497	22.4321	14.2905	12.2866	18.1433	9.703100000000001	21.3079	11.2309	12.5187	12.2866	18.1433	9.703100000000001	21.3079	11.2309	12.5187	14.8685	6.687
2	3.3765	1.4192	0.0	8.3331	11.040299999999998	0.5035	9.1281	12.0936	12.6288	11.264	23.1527	8.9342	12.7872	16.7784	8.6854	8.818299999999999	11.230799999999999	8.1319	10.1474	6.575	22.305799999999998	12.8931	12.8734	16.745900000000002	9.0575	21.1816	12.491200000000001	11.1213	12.8734	16.745900000000002	9.0575	21.1816	12.491200000000001	11.1213	13.4711	5.2896
3	7.687399999999999	8.4971	8.3842	0.0	12.8	8.2162	10.9988	13.0101	17.4177	12.4588	18.5795	14.2783	17.650599999999997	21.053099999999997	12.9964	14.4214	12.425600000000001	14.758700000000001	15.2371	11.6725	17.732599999999998	13.8096	13.7074	19.5307	15.0246	16.608400000000003	17.280099999999997	14.293899999999999	13.7074	19.5307	15.0246	16.608400000000003	17.280099999999997	14.293899999999999	14.981	8.3975
4	7.7431	11.8734	10.9119	12.431799999999999	0.0	10.4965	2.6946999999999997	2.7755	21.5547	25.864900000000002	16.5179	11.5878	11.554799999999998	15.3511	10.920399999999999	11.730799999999999	25.831599999999998	13.616100000000001	17.783	7.3294	15.671	3.922	27.113400000000002	13.7553	12.334100000000001	14.5468	21.417099999999998	9.848600000000001	27.113400000000002	13.7553	12.334100000000001	14.5468	21.417099999999998	9.848600000000001	6.1825	6.5231
5	3.4046	1.6663	0.3608	7.9867	11.6317	0.0	8.7817	11.747200000000001	12.6569	11.2825	23.0875	8.962299999999999	13.459100000000001	17.9953	8.7136	8.8464	11.2493	8.16	10.1755	7.105899999999999	22.240599999999997	12.546700000000001	12.8919	16.3995	9.085600000000001	21.116400000000002	12.5193	10.774799999999999	12.8919	16.3995	9.085600000000001	21.116400000000002	12.5193	10.774799999999999	13.1247	4.9432
6	5.179399999999999	9.309700000000001	8.3481	10.646799999999999	3.006	7.910399999999999	0.0	3.0965	18.991	19.156299999999998	16.84	10.9855	11.6371	15.0395	9.7036	11.1286	19.123	11.0524	15.219299999999999	4.7657	15.9931	5.3332	20.7656	13.5172	11.7318	14.8689	18.8534	9.372399999999999	20.7656	13.5172	11.7318	14.8689	18.8534	9.372399999999999	6.5046	3.9594
7	8.418700000000001	12.549	11.587399999999999	12.380799999999999	2.4911	10.4454	3.3701999999999996	0.0	22.2303	25.8138	14.575299999999999	14.2248	14.8764	18.2788	12.9429	14.367899999999999	25.7806	14.2917	18.458599999999997	8.005	13.728399999999999	1.7241	27.0623	16.7565	14.9711	12.6042	22.0927	12.6117	27.0623	16.7565	14.9711	12.6042	22.0927	12.6117	3.8324000000000003	7.1987
8	13.941799999999999	10.809700000000001	12.8058	16.4262	21.807	12.8235	19.308400000000002	22.6298	0.0	15.341899999999999	35.2111	13.1083	17.0452	14.5327	12.9434	12.9924	15.3086	12.1011	1.884	14.9393	34.3642	24.5237	16.3533	17.1717	13.2317	33.24	0.1376	14.222	16.3533	17.1717	13.2317	33.24	0.1376	14.222	25.6951	14.5677
9	14.2839	10.6943	11.0334	12.495700000000001	22.4109	11.3915	19.5609	22.526400000000002	16.2033	0.0	28.4173	24.4312	24.2383	28.8045	20.9778	24.3154	0.033299999999999996	23.424	16.8808	17.885099999999998	27.5703	23.3259	2.2519	31.4435	24.554599999999997	26.4462	16.0657	21.554	2.2519	31.4435	24.554599999999997	26.4462	16.0657	21.554	23.9039	15.7224
10	21.0098	24.389400000000002	22.5009	19.6598	16.542900000000003	22.0457	16.996299999999998	14.5426	36.3052	28.4316	0.0	28.0705	27.828799999999998	31.2312	26.7886	28.2135	28.398400000000002	28.1373	34.1246	21.8507	3.5299	13.2854	29.6802	29.7089	28.8168	2.4218	36.1676	28.6672	29.6802	29.7089	28.8168	2.4218	36.1676	28.6672	12.751	20.8247
11	7.7415	10.523200000000001	10.107	14.86	11.632100000000001	10.1247	11.2345	14.5558	13.252799999999999	19.7781	27.956599999999998	0.0	4.2997	6.9823	1.7555999999999998	0.2611	19.744799999999998	2.606	10.7714	6.489199999999999	27.109599999999997	16.4498	20.7895	6.234	1.2207999999999999	25.9855	13.115200000000002	1.8513	20.7895	6.234	1.2207999999999999	25.9855	13.115200000000002	1.8513	17.6212	8.5379
12	9.9703	13.328100000000001	12.3666	17.8971	11.287600000000001	12.216700000000001	13.2393	15.2506	16.65	23.1753	27.5568	4.2568	0.0	3.7436	4.4876000000000005	4.3998	23.142	6.3883	17.3298	7.2923	26.7099	16.0501	24.1866	2.5490999999999997	5.003100000000001	25.5858	16.512400000000003	2.7523	24.1866	2.5490999999999997	5.003100000000001	25.5858	16.512400000000003	2.7523	17.221400000000003	9.415
13	15.3816	16.474700000000002	15.5131	21.3277	14.758899999999999	15.5308	16.669900000000002	18.6812	17.669400000000003	30.9256	30.9874	6.930899999999999	3.756	0.0	7.1617	7.0739	30.892400000000002	9.0624	16.1106	10.7132	30.1405	19.480700000000002	31.937	2.4637	7.6772	29.0164	17.5318	6.1733	31.937	2.4637	7.6772	29.0164	17.5318	6.1733	20.652	15.7056
14	6.091600000000001	9.418700000000001	8.4572	13.2101	10.7842	8.4748	9.5846	12.906	12.8676	19.3929	26.3067	1.7592999999999999	4.5792	7.261699999999999	0.0	1.9827000000000001	19.359599999999997	2.2397	10.3862	4.839300000000001	25.459799999999998	14.7999	20.4043	6.5134	2.5056	24.3356	12.73	1.6719000000000002	20.4043	6.5134	2.5056	24.3356	12.73	1.6719000000000002	15.9713	6.888
15	8.571299999999999	10.1934	9.370299999999999	15.0514	11.6797	9.3879	11.3769	14.6983	12.923	19.4483	28.099	0.2611	4.347300000000001	7.0298	1.8032000000000001	0.0	19.415	2.2762	10.441600000000001	7.0078000000000005	27.2521	16.592200000000002	20.4597	6.2815	0.891	26.1279	12.7854	1.8988	20.4597	6.2815	0.891	26.1279	12.7854	1.8988	17.7636	9.477799999999998
16	14.2507	10.661	11.0001	12.462399999999999	22.377599999999997	11.3582	19.5276	22.4931	16.17	0.033299999999999996	28.384	24.398	24.205	28.7713	20.9445	24.2821	0.0	23.3908	16.8476	17.8519	27.5371	23.2926	2.2186	31.4103	24.5213	26.4129	16.0324	21.520799999999998	2.2186	31.4103	24.5213	26.4129	16.0324	21.520799999999998	23.8707	15.6891
17	8.7868	9.3028	8.143600000000001	15.2668	13.051200000000001	8.1613	11.5923	14.9137	12.032399999999999	18.5577	28.314400000000003	2.2944	6.3558	9.0383	2.4892	2.1785	18.5244	0.0	9.551	7.223199999999999	27.4675	16.8077	19.569	8.29	2.4177	26.343400000000003	11.8948	3.9073	19.569	8.29	2.4177	26.343400000000003	11.8948	3.9073	17.979	9.693200000000001
18	10.612200000000001	9.173200000000001	10.2495	15.2382	17.9057	10.267100000000001	15.4071	18.7284	1.8025	15.1594	34.023	10.552	14.4889	13.3354	10.3871	10.4361	15.1262	9.544799999999999	0.0	11.038	33.1761	20.622400000000003	16.1708	15.9744	9.6548	32.0519	1.6648	11.665700000000001	16.1708	15.9744	9.6548	32.0519	1.6648	11.665700000000001	21.7938	11.238100000000001
19	3.3094	9.1418	7.0375	10.854700000000001	7.2803	7.0551	4.7817	8.1031	14.7143	19.9007	21.749299999999998	6.7088	7.6816	13.4025	5.4269	6.8519	19.8675	6.7757	10.9426	0.0	20.9024	9.249600000000001	20.9121	11.8802	7.4552	19.778200000000002	14.5767	4.9974	20.9121	11.8802	7.4552	19.778200000000002	14.5767	4.9974	11.4139	2.0883000000000003
20	20.7364	24.1159	22.2275	19.386400000000002	16.2695	21.772299999999998	16.7228	14.269200000000001	36.031699999999994	28.1582	1.7117	27.797	27.5553	30.9578	26.515099999999997	27.940099999999997	28.1249	27.8639	33.851099999999995	21.5772	0.0	13.011899999999999	29.4067	29.4354	28.543400000000002	2.1484	35.8941	28.3938	29.4067	29.4354	28.543400000000002	2.1484	35.8941	28.3938	12.4776	20.5512
21	9.7537	13.052200000000001	11.860299999999999	13.3405	4.0039	11.405100000000001	4.7052	1.7412999999999998	23.5653	26.7735	13.2451	15.5598	16.3204	19.7228	14.277899999999999	15.7029	26.740299999999998	15.626700000000001	19.793599999999998	9.34	12.398200000000001	0.0	28.0221	18.2005	16.3061	11.274	23.4277	17.1588	28.0221	18.2005	16.3061	11.274	23.4277	17.1588	2.4511999999999996	8.533700000000001
22	15.7968	12.2072	12.546299999999999	13.594	27.0519	12.904399999999999	21.0738	27.2619	16.9883	2.1294	29.5155	25.2162	29.1531	29.5895	25.051299999999998	25.1003	2.0961	24.209	17.6658	19.398	28.668599999999998	28.061400000000003	0.0	32.2285	25.339599999999997	27.5445	16.8507	23.0669	0.0	32.2285	25.339599999999997	27.5445	16.8507	23.0669	25.4168	17.2353
23	13.2953	16.6531	15.6915	19.322599999999998	13.7391	15.5416	14.6648	16.676	17.0766	30.3328	28.9823	5.370100000000001	1.7509000000000001	2.2555	5.600899999999999	5.5131000000000006	30.299599999999998	7.501600000000001	15.5178	8.7486	28.1354	17.4756	31.3442	0.0	6.1164	27.011200000000002	16.939	4.208699999999999	31.3442	0.0	6.1164	27.011200000000002	16.939	4.208699999999999	18.646900000000002	13.7005
24	7.6804	9.3024	8.479299999999999	14.1604	11.860299999999999	8.497	10.485899999999999	13.8073	12.032	18.557299999999998	27.208	1.2441	5.3055	7.9881	1.3828	1.1282	18.524099999999997	1.3852	9.5507	6.1168000000000005	26.361099999999997	15.7013	19.5687	7.2398	0.0	25.237	11.8944	2.8571	19.5687	7.2398	0.0	25.237	11.8944	2.8571	16.8726	8.586799999999998
25	18.7453	22.1249	20.2364	17.3953	14.2785	19.781299999999998	14.7318	12.2782	34.040699999999994	26.167099999999998	2.7746999999999997	25.806	25.5643	28.9667	24.524099999999997	25.949	26.1339	25.872799999999998	31.8601	19.5862	1.9278	11.0209	27.4157	27.4444	26.5523	0.0	33.9031	26.4027	27.4157	27.4444	26.5523	0.0	33.9031	26.4027	10.486600000000001	18.560200000000002
26	13.741100000000001	10.6089	12.6051	16.2255	21.6063	12.6227	19.1077	22.429	0.1376	15.141200000000001	35.0103	12.9076	16.8445	14.7478	12.742700000000001	12.7917	15.107899999999999	11.9004	1.6832	14.7386	34.1634	24.323	16.1525	17.3868	13.030899999999999	33.039300000000004	0.0	14.0213	16.1525	17.3868	13.030899999999999	33.039300000000004	0.0	14.0213	25.494400000000002	14.367
27	7.218	10.5758	9.6142	13.6981	9.780899999999999	9.4644	9.8881	12.4031	13.8976	20.422900000000002	25.8891	2.0345	3.0772	6.4105	1.597	2.1776	20.3897	4.1661	11.4163	4.539899999999999	25.0422	13.549700000000001	21.4343	5.6621999999999995	2.7808	23.9181	13.76	0.0	21.4343	5.6621999999999995	2.7808	23.9181	13.76	0.0	15.553700000000001	6.6626
28	15.7968	12.2072	12.546299999999999	13.594	27.0519	12.904399999999999	21.0738	27.2619	16.9883	2.1294	29.5155	25.2162	29.1531	29.5895	25.051299999999998	25.1003	2.0961	24.209	17.6658	19.398	28.668599999999998	28.061400000000003	0.0	32.2285	25.339599999999997	27.5445	16.8507	23.0669	0.0	32.2285	25.339599999999997	27.5445	16.8507	23.0669	25.4168	17.2353
29	13.2953	16.6531	15.6915	19.322599999999998	13.7391	15.5416	14.6648	16.676	17.0766	30.3328	28.9823	5.370100000000001	1.7509000000000001	2.2555	5.600899999999999	5.5131000000000006	30.299599999999998	7.501600000000001	15.5178	8.7486	28.1354	17.4756	31.3442	0.0	6.1164	27.011200000000002	16.939	4.208699999999999	31.3442	0.0	6.1164	27.011200000000002	16.939	4.208699999999999	18.646900000000002	13.7005
30	7.6804	9.3024	8.479299999999999	14.1604	11.860299999999999	8.497	10.485899999999999	13.8073	12.032	18.557299999999998	27.208	1.2441	5.3055	7.9881	1.3828	1.1282	18.524099999999997	1.3852	9.5507	6.1168000000000005	26.361099999999997	15.7013	19.5687	7.2398	0.0	25.237	11.8944	2.8571	19.5687	7.2398	0.0	25.237	11.8944	2.8571	16.8726	8.586799999999998
31	18.7453	22.1249	20.2364	17.3953	14.2785	19.781299999999998	14.7318	12.2782	34.040699999999994	26.167099999999998	2.7746999999999997	25.806	25.5643	28.9667	24.524099999999997	25.949	26.1339	25.872799999999998	31.8601	19.5862	1.9278	11.0209	27.4157	27.4444	26.5523	0.0	33.9031	26.4027	27.4157	27.4444	26.5523	0.0	33.9031	26.4027	10.486600000000001	18.560200000000002
32	13.741100000000001	10.6089	12.6051	16.2255	21.6063	12.6227	19.1077	22.429	0.1376	15.141200000000001	35.0103	12.9076	16.8445	14.7478	12.742700000000001	12.7917	15.107899999999999	11.9004	1.6832	14.7386	34.1634	24.323	16.1525	17.3868	13.030899999999999	33.039300000000004	0.0	14.0213	16.1525	17.3868	13.030899999999999	33.039300000000004	0.0	14.0213	25.494400000000002	14.367
33	7.218	10.5758	9.6142	13.6981	9.780899999999999	9.4644	9.8881	12.4031	13.8976	20.422900000000002	25.8891	2.0345	3.0772	6.4105	1.597	2.1776	20.3897	4.1661	11.4163	4.539899999999999	25.0422	13.549700000000001	21.4343	5.6621999999999995	2.7808	23.9181	13.76	0.0	21.4343	5.6621999999999995	2.7808	23.9181	13.76	0.0	15.553700000000001	6.6626
34	11.0397	13.7226	12.530700000000001	14.6142	6.3083	12.0756	6.7616000000000005	3.8233	25.8413	27.333099999999998	13.382299999999999	17.8358	17.594099999999997	20.9965	16.553900000000002	17.9788	27.2999	17.9026	22.069599999999998	11.616	12.5354	2.5542	28.5817	19.4742	18.582099999999997	11.411299999999999	25.7037	18.4325	28.5817	19.4742	18.582099999999997	11.411299999999999	25.7037	18.4325	0.0	10.59
35	1.2424000000000002	5.3575	4.395899999999999	8.1077	6.6706	3.9295999999999998	4.172	7.493399999999999	14.4043	15.879	20.2747	8.442	11.042399999999999	14.444799999999999	7.16	8.585	15.8457	8.9224	11.1677	2.2026999999999997	19.427799999999998	8.639899999999999	17.488400000000002	12.9225	9.1883	18.3037	14.2667	6.771199999999999	17.488400000000002	12.9225	9.1883	18.3037	14.2667	6.771199999999999	9.9393	0.0
;
