set K:= 1	2;
set C_H:= 1	2	3	4;
set C_S:= 5	6	7	8	9	10	11	12;
set C_F:= 13	14	15	16	17	18	19	20;
set M:= 21	22	23	24	25	26;
set L_B:= 27	28	29;
set A1:=
(0,*) 1 2 3 4 13 14 15 16 17 18 19 20 21 22 23 24 25 26 27 28 29 30
(1,*) 0 2 3 4 13 14 15 16 17 18 19 20 21 22 23 24 25 26 27 28 29 30
(2,*) 0 1 3 4 13 14 15 16 17 18 19 20 21 22 23 24 25 26 27 28 29 30
(3,*) 0 1 2 4 13 14 15 16 17 18 19 20 21 22 23 24 25 26 27 28 29 30
(4,*) 0 1 2 3 13 14 15 16 17 18 19 20 21 22 23 24 25 26 27 28 29 30
(13,*) 0 1 2 3 4 14 15 16 17 18 19 20 21 22 23 24 25 26 27 28 29 30
(14,*) 0 1 2 3 4 13 15 16 17 18 19 20 21 22 23 24 25 26 27 28 29 30
(15,*) 0 1 2 3 4 13 14 16 17 18 19 20 21 22 23 24 25 26 27 28 29 30
(16,*) 0 1 2 3 4 13 14 15 17 18 19 20 21 22 23 24 25 26 27 28 29 30
(17,*) 0 1 2 3 4 13 14 15 16 18 19 20 21 22 23 24 25 26 27 28 29 30
(18,*) 0 1 2 3 4 13 14 15 16 17 19 20 21 22 23 24 25 26 27 28 29 30
(19,*) 0 1 2 3 4 13 14 15 16 17 18 20 21 22 23 24 25 26 27 28 29 30
(20,*) 0 1 2 3 4 13 14 15 16 17 18 19 21 22 23 24 25 26 27 28 29 30
(21,*) 0 1 2 3 4 13 14 15 16 17 18 19 20 22 23 24 25 26 27 28 29 30
(22,*) 0 1 2 3 4 13 14 15 16 17 18 19 20 21 23 24 25 26 27 28 29 30
(23,*) 0 1 2 3 4 13 14 15 16 17 18 19 20 21 22 24 25 26 27 28 29 30
(24,*) 0 1 2 3 4 13 14 15 16 17 18 19 20 21 22 23 25 26 27 28 29 30
(25,*) 0 1 2 3 4 13 14 15 16 17 18 19 20 21 22 23 24 26 27 28 29 30
(26,*) 0 1 2 3 4 13 14 15 16 17 18 19 20 21 22 23 24 25 27 28 29 30
(27,*) 0 1 2 3 4 13 14 15 16 17 18 19 20 21 22 23 24 25 26 28 29 30
(28,*) 0 1 2 3 4 13 14 15 16 17 18 19 20 21 22 23 24 25 26 27 29 30
(29,*) 0 1 2 3 4 13 14 15 16 17 18 19 20 21 22 23 24 25 26 27 28 30
(30,*) 0 1 2 3 4 13 14 15 16 17 18 19 20 21 22 23 24 25 26 27 28 29
;
set A2:=
(21,*) 22
(22,*) 21
(23,*) 24
(24,*) 23
(25,*) 26
(26,*) 25
;
param BigM:=99999;
param n:= 2;
param d:=
1	5
2	2
3	3
4	5
5	2
6	4
7	4
8	5
9	3
10	3
11	2
12	1
13	1
14	1
15	1
16	4
17	5
18	3
19	4
20	3
;
param Q:=160;
param w:=
[21,*] 22 65
[22,*] 21 65
[23,*] 24 65
[24,*] 23 65
[25,*] 26 55
[26,*] 25 55
;
param V:=
[21,*] 22 100
[22,*] 21 100
[23,*] 24 80
[24,*] 23 80
[25,*] 26 80
[26,*] 25 80
;
param e:
	21	22	23	24	25	26	27	28	29:=
5		0		0		0		0		0		1		0		1		0	
6		0		0		1		0		0		1		1		0		0	
7		0		1		0		0		0		0		0		0		0	
8		0		0		0		0		1		0		0		0		0	
9		0		0		1		0		0		0		1		0		0	
10		0		0		0		0		1		0		0		0		0	
11		1		0		0		0		0		0		0		0		0	
12		0		0		0		0		0		0		0		0		1	
13		0		0		0		1		0		0		0		0		0	
14		1		0		0		0		0		0		0		0		0	
15		0		0		1		0		0		1		1		0		0	
16		0		0		1		0		0		0		1		0		0	
17		0		0		1		0		0		1		1		0		0	
18		0		1		0		0		0		0		0		0		0	
19		0		0		0		1		0		0		0		0		0	
20		0		0		1		0		0		1		1		0		0	
;
param p:=
1	18
2	18
;
param G:=
21	30
22	70
23	30
24	120
25	30
26	50
27	28
28	60
29	45
;
param s:=
0	0
1	10
2	10
3	10
4	10
13	10
14	10
15	10
16	10
17	10
18	10
19	10
20	10
21	10
22	10
23	10
24	10
25	10
26	10
27	10
28	10
29	10
;
param t:
	0	1	2	3	4	5	6	7	8	9	10	11	12	13	14	15	16	17	18	19	20	21	22	23	24	25	26	27	28	29	30:=
0	0.0	4.3335	5.998600000000001	2.3904	6.7457	10.1085	7.545	14.4581	13.129100000000001	6.8246	14.2014	14.2538	5.8445	17.878700000000002	14.7408	6.9081	7.1458	7.7297	13.8375	20.278299999999998	5.676	15.679200000000002	12.9342	8.5804	18.927	13.6347	7.3099	6.1803	9.9909	5.748	0.0
1	4.135	0.0	6.1356	6.2941	6.9849	14.075	8.2495	16.142	12.533700000000001	7.0637	13.6059	10.9482	9.652299999999999	19.6073	11.4352	9.9278	7.385	10.608	15.5214	22.0068	8.5543	12.3736	16.9007	9.7897	20.6555	13.039299999999999	11.276399999999999	6.9235	13.9573	9.529399999999999	4.135
2	5.7602	6.4801	0.0	5.8241000000000005	1.2294	7.843	2.494	10.856	9.3237	1.4179000000000002	10.396	16.083	9.776200000000001	23.0654	16.57	4.6418	1.6295	4.1623	10.2354	25.465	3.2683	17.5084	10.6686	4.0546	24.1137	9.8293	5.0453	0.7705	7.7253	11.0685	5.7602
3	2.3821	6.6536	5.7452	0.0	6.594399999999999	7.1432	7.2183	13.1874	14.9444	6.625	16.0167	16.5738	3.9578	17.328200000000002	17.0608	6.7968	6.9945	7.477	12.5669	19.7278	5.4233	17.999200000000002	11.738100000000001	8.3277	18.3765	15.45	5.8782	5.8658	7.592	4.4207	2.3821
4	6.7039	7.1084	1.2194	7.3155	0.0	7.485600000000001	1.5419	10.275799999999998	9.694700000000001	0.8947999999999999	10.7669	16.4539	11.2675	24.5568	16.940900000000003	4.0616	0.5771000000000001	3.805	9.655299999999999	26.9563	3.0692	17.8793	10.3113	3.6971999999999996	25.605	10.200299999999999	4.6879	1.191	7.368	12.5598	6.7039
5	10.008700000000001	14.2275	8.1649	6.7013	8.066600000000001	0.0	7.5017	7.3585	16.6043	8.4626	17.6765	28.6028	8.0167	20.5744	29.0898	5.5607	8.466700000000001	5.5086	6.738	22.974	5.4853000000000005	30.028299999999998	5.9092	6.3593	21.622700000000002	17.109900000000003	3.9021999999999997	7.757	0.9364	8.6347	10.008700000000001
6	7.4793	8.241200000000001	2.3523	7.492100000000001	1.4035	7.1495	0.0	8.790700000000001	10.8209	2.1744	11.8931	17.580099999999998	11.4441	24.733400000000003	18.0671	2.8116999999999996	1.8035999999999999	2.3507	8.1701	27.132900000000003	2.4526999999999997	19.0055	8.1152	2.2429	25.781599999999997	11.3264	3.7329	2.3171999999999997	7.0318000000000005	12.7364	7.4793
7	12.9558	16.5322	10.9011	14.3323	10.4427	7.4157	8.8039	0.0	20.612	10.838700000000001	18.0456	30.458599999999997	16.4548	27.8915	30.9456	6.792800000000001	10.842799999999999	6.7406999999999995	0.687	30.2911	7.96	31.884	2.4107	7.591399999999999	28.939799999999998	17.478900000000003	6.0648	10.1331	8.735	15.8946	12.9558
8	13.094700000000001	13.432	9.5412	15.1996	9.8279	16.4414	11.0925	16.184	0.0	9.2027	1.0723	14.3466	19.1516	31.6204	14.8336	13.0174	10.228	12.7608	15.7204	34.02	12.025	15.7721	17.6195	12.6531	32.6687	0.5056	13.643799999999999	10.146799999999999	16.3238	20.443900000000003	13.094700000000001
9	7.6303	8.5417	1.2732	6.647	0.8947999999999999	8.0335	2.3128	12.1731	9.015799999999999	0.0	10.0881	15.7721	10.5991	23.8883	16.2591	4.6095	1.4483	4.3529	11.7095	26.2879	3.6170999999999998	17.1975	10.859200000000001	4.2452	24.9366	9.5214	5.2359	1.7389000000000001	7.9159	11.891399999999999	7.6303
10	14.0838	14.4212	10.530299999999999	13.8726	10.8171	17.4306	12.0816	16.1511	4.74	10.191799999999999	0.0	15.335799999999999	17.8247	32.6096	15.822799999999999	14.0066	11.2172	13.7499	15.6876	35.0091	13.0142	16.761200000000002	17.586599999999997	13.6422	33.6578	0.9144	14.6329	11.1359	17.312900000000003	19.117	14.0838
11	16.7331	13.418899999999999	16.8478	19.0579	17.1346	23.748099999999997	18.3992	29.1813	14.735	16.5093	15.8072	0.0	22.99	32.2539	11.5777	20.324099999999998	17.5347	20.067400000000003	28.7177	34.6535	19.3317	12.5161	30.616799999999998	19.9597	33.3022	15.2405	20.950400000000002	17.453400000000002	23.6305	22.867	16.7331
12	5.4778	9.7493	9.4374	4.3056	10.2866	8.2795	10.9104	15.063	18.636599999999998	10.3171	19.7089	23.777	0.0	13.7005	24.264	10.4889	10.6867	11.1692	14.4425	16.1001	9.1155	25.2024	13.613700000000001	12.0199	14.7488	19.1422	9.6624	9.558	7.6456	1.0238	5.4778
13	18.159200000000002	21.2246	23.1651	18.0334	24.014400000000002	20.9118	24.6382	28.308799999999998	32.2504	24.044900000000002	33.3226	25.389	14.0031	0.0	25.876	24.2167	24.4145	24.896900000000002	27.688299999999998	2.4864	22.8432	26.814400000000003	26.8595	25.747700000000002	1.1351	32.755900000000004	23.4315	23.285700000000002	20.277900000000002	12.8109	18.159200000000002
14	14.9806	11.0793	17.6304	17.5233	17.917099999999998	28.4892	19.1817	29.963900000000002	15.5175	17.291900000000002	16.5898	0.7826000000000001	20.598	25.6772	0.0	21.8202	18.3172	20.85	29.5003	28.0768	20.1142	1.8337	31.3993	20.7423	26.7255	16.0231	21.733	18.236	28.5931	20.475	14.9806
15	6.7228	10.2992	4.668100000000001	6.7829	4.424	5.1865	2.8042	6.7972	12.9617	4.82	14.0339	19.7209	10.744399999999999	24.0337	20.207900000000002	0.0	4.8241000000000005	1.2632999999999999	6.176699999999999	26.4332	1.727	21.1463	6.1218	2.114	25.0819	13.4672	1.2641	4.1144	5.1641	12.036700000000002	6.7228
16	7.1107	7.5151	1.6262	7.7156	0.5771000000000001	7.8857	1.942	10.6759	10.0948	1.2284000000000002	11.167	16.854	11.6676	24.9569	17.341	4.4616999999999996	0.0	4.205100000000001	10.055399999999999	27.3564	3.4693	18.279400000000003	10.7114	4.0973999999999995	26.0051	10.6004	5.088	1.5911	7.7681000000000004	12.9599	7.1107
17	7.4397	11.0161	4.0775	7.4998000000000005	3.9791999999999996	5.6068	2.3405	6.7136000000000005	12.5169	4.3751999999999995	13.5892	19.2761	11.4613	24.7506	19.763099999999998	1.2767	4.3793	0.0	6.093	27.1502	2.4439	20.7015	6.0382	1.128	25.7989	13.0225	1.6558	3.6696	5.7107	12.7536	7.4397
18	12.3353	15.911700000000002	10.2806	13.711799999999998	9.8221	6.7951999999999995	8.183399999999999	0.687	19.991400000000002	10.2181	17.425	29.838	15.834299999999999	27.271	30.325	6.1723	10.2222	6.120100000000001	0.0	29.6705	7.3393999999999995	31.2634	1.7902	6.970899999999999	28.319200000000002	16.8583	5.4441999999999995	9.5126	8.1144	15.274	12.3353
19	20.3869	23.4523	25.392799999999998	20.2611	26.242099999999997	23.1395	26.8659	30.5365	34.4781	26.272599999999997	35.5503	27.6167	16.2308	2.95	28.1037	26.4444	26.6422	27.124599999999997	29.916	0.0	25.0709	29.042099999999998	29.0872	27.9754	1.802	34.983599999999996	25.659200000000002	25.5134	22.5057	15.0386	20.3869
20	5.405600000000001	8.982	3.1785	5.4657	3.0801999999999996	5.1115	2.517	7.7359	11.617899999999999	3.4762	12.690100000000001	18.3771	9.427200000000001	22.7165	18.864099999999997	1.5217	3.4803	2.202	7.115399999999999	25.116	0.0	19.8025	7.0605	3.0526999999999997	23.7647	12.1235	2.3014	2.7706	4.9939	10.7195	5.405600000000001
21	15.8095	11.9082	18.4593	18.3522	18.746	29.318099999999998	20.0106	30.7928	16.3464	18.1208	17.4187	1.6115	21.4269	26.5061	1.6813	22.649099999999997	19.146099999999997	21.678900000000002	30.3292	28.9057	20.943099999999998	0.0	32.2282	21.5712	27.5544	16.852	22.5619	19.0649	29.422	21.303900000000002	15.8095
22	11.476600000000001	15.053	9.421899999999999	12.413	8.9634	5.4963999999999995	7.3247	2.1785	20.0679	9.359399999999999	17.5015	29.9145	14.5355	25.972099999999998	30.4015	5.3136	9.3635	5.2614	1.5579	28.3717	6.4807	31.3399	0.0	6.1122	27.020400000000002	16.9348	4.5855	8.6539	6.815600000000001	13.975200000000001	11.476600000000001
23	6.9394	9.5693	2.9495	6.9521999999999995	2.8513	6.3886	1.2125	7.9152	11.3889	3.2472	12.461200000000002	18.1482	10.904200000000001	24.1935	18.635099999999998	1.8800999999999999	3.2514000000000003	1.4752	7.2946	26.593	1.9128	19.5736	7.2398	0.0	25.2417	11.8945	2.8574	2.5416999999999996	6.271	12.1965	6.9394
24	18.7422	21.807599999999997	23.748099999999997	18.6163	24.5973	21.494799999999998	25.2212	28.8918	32.8333	24.6279	33.9056	25.9719	14.5861	1.3053	26.4589	24.7997	24.9975	25.4799	28.2713	2.1549	23.4262	27.3974	27.4425	26.330599999999997	0.0	33.3389	24.014400000000002	23.8687	20.8609	13.393799999999999	18.7422
25	13.472299999999999	13.8096	9.9188	13.2611	10.2055	16.8191	11.4701	15.9555	4.1285	9.5803	0.7071000000000001	14.7243	17.2132	31.998099999999997	15.2113	13.395100000000001	10.6056	13.138399999999999	15.4919	34.3976	12.4026	16.1497	17.390900000000002	13.030700000000001	33.0463	0.0	14.0214	10.5244	16.701400000000003	18.5055	13.472299999999999
26	7.2184	10.7195	4.8155	5.7893	4.7173	4.3096000000000005	3.9907	6.3391	13.2549	5.1132	14.327200000000001	20.014200000000002	10.311200000000001	22.8689	20.5012	1.5403	5.1174	1.9274	5.7185	25.2685	2.136	21.4396	5.321899999999999	2.7782	23.9172	13.7605	0.0	4.4077	4.1918999999999995	10.929200000000002	7.2184
27	5.4129	7.0268999999999995	0.9867999999999999	5.4768	1.7321	7.4915	2.9713000000000003	10.508700000000001	9.8265	1.9205999999999999	10.898700000000002	16.5857	9.4289	22.7181	17.0727	4.2945	2.1323000000000003	3.8385	9.888200000000001	25.1177	2.9211	18.0111	10.317200000000001	3.7308000000000003	23.7664	10.332	4.6938	0.0	7.3738	10.721200000000001	5.4129
28	9.9615	13.4626	7.3999	8.058300000000001	7.301699999999999	0.9591000000000001	6.7367	8.002699999999999	15.8393	7.6976	16.9116	27.8379	7.2383999999999995	19.7961	28.324900000000003	5.5563	7.7018	5.5042	7.3822	22.195700000000002	4.7204	29.2633	6.5534	6.3549	20.8444	16.3449	3.8978	6.992100000000001	0.0	7.8564	9.9615
29	6.124	9.152299999999999	10.1129	4.981199999999999	10.962200000000001	8.4644	11.586	16.2405	19.3122	10.992700000000001	20.384400000000003	23.1908	1.0238	12.649299999999998	23.677799999999998	11.1645	11.3623	11.844700000000001	15.62	15.0489	9.791	24.6162	14.7912	12.6955	13.6976	19.817700000000002	10.984	10.2335	7.8305	0.0	6.124
;
