vehicles
vehicle_idx, capacity, cost_per_unit_distance
1,100,3
2,100,3
3,100,3
4,100,3
5,100,3
depot
node_idx,x,y
0,25.049446486001663,121.51552910838933
home delivery customers
node_idx,x,y,service_time,demand
1,25.022869957779967,121.55539825015273,10,24
2,25.039581525987785,121.58405451456503,10,11
3,25.038855683774614,121.54671608049524,10,15
self pickup customers
node_idx,x,y,service_time,demand,locker_idxs
4,25.0440642,121.56910525,10,11,15-12
5,25.052562216708974,121.61339662822996,10,30,11
6,25.040637800000002,121.58173515,10,19,15-12
flexible customers
node_idx,x,y,service_time,demand,locker_idxs
7,25.17687214871019,121.44803469914221,10,23,13
8,24.9612137,121.53126249999998,10,27,14
9,24.9612285666643,121.42945314749694,10,16,10
lockers
node_idx,x,y,service_time,capacity,cost_per_unit_good
10,24.9595637,121.4197544,10,85
11,25.0553158,121.617896,10,96
12,25.0328676,121.5697576,10,88
13,25.1678849,121.4456164,10,66
14,24.9579858,121.5375799,10,97
15,25.0500706,121.5774743,10,79
16,25.052721,121.5403383,10,50
17,25.1373153,121.5008169,10,60
mrt lines
start_node_idx,end_node_idx,freight_capacity,cost_per_unit_good
10,11,181,0.1
11,10,181,0.1
12,13,154,0.1
13,12,154,0.1
14,15,176,0.1
15,14,176,0.1
distance matrix
,0,1,2,3,4,5,6,7,8,9,10,11,12,13,14,15,16,17,
0,0.0,6.6455,8.2202,4.9578,6.447100000000001,10.7319,7.7011,20.499299999999998,13.627600000000001,14.7407,15.679200000000002,12.9348,8.5804,18.918400000000002,13.640600000000001,7.3102,3.4153000000000002,11.4162
1,6.6872,0.0,4.3771,2.7721,3.2866999999999997,7.9466,4.4939,27.0251,10.035,16.788700000000002,17.7271,10.2473,3.6333,25.444200000000002,10.048,4.623600000000001,4.7828,17.8717
2,8.0076,4.4371,0.0,4.806100000000001,2.3443,4.1391,0.4403,26.593400000000003,13.645100000000001,20.3987,21.3372,5.5735,1.7635999999999998,25.0125,13.658100000000001,1.7233,6.1108,17.44
3,4.2524,2.6118,4.9044,0.0,3.1780999999999997,7.838,4.3853,24.1323,11.2989,18.052599999999998,18.991,9.2725,4.0122,22.5514,11.3119,4.513,3.0724,14.9789
4,6.4855,3.3977,2.3001,3.1583,0.0,4.835,1.781,26.3917,12.6057,19.359299999999998,20.2978,7.7803,2.6604,24.8108,12.6187,1.4133,3.6847,17.3086
5,11.353399999999999,8.543299999999999,4.5584,8.1387,5.6769,0.0,4.3616,29.0095,17.1992,30.332900000000002,31.2713,1.4344000000000001,5.869800000000001,27.4287,16.8662,4.366,8.258,19.856099999999998
6,7.7157,4.9189,0.4403,4.5143,2.0525,3.9516,0.0,26.405900000000003,14.1269,20.8805,21.819,5.386,2.2454,24.8251,14.139899999999999,1.4777,5.819,17.2525
7,20.6177,26.3726,27.8459,24.5835,25.734900000000003,29.3908,27.3268,0.0,35.2176,28.3503,29.288700000000002,29.3179,28.2061,2.0316,35.230599999999995,28.2762,21.9042,12.2318
8,13.862200000000001,10.2255,13.8947,11.7307,12.8043,17.4642,14.0115,33.8461,0.0,14.44,15.3784,17.9423,13.1509,32.265299999999996,1.4369,14.141200000000001,14.4992,26.4056
9,14.9806,17.8171,21.4864,19.3223,20.396,25.0559,21.6032,28.2955,16.0101,0.0,1.8337,31.3993,20.7425,26.714599999999997,16.0231,21.7329,20.72,25.0605
10,15.8095,18.646,22.3153,20.1513,21.2249,25.8848,22.4321,29.1244,16.839,1.6813,0.0,32.2282,21.5714,27.5435,16.852,22.561799999999998,21.5489,25.889400000000002
11,11.6,8.7899,4.805,8.385299999999999,5.9235,0.8061,4.6081,28.5927,17.272,30.4057,31.344099999999997,0.0,6.1164,27.0118,16.939,4.208699999999999,8.1006,19.4393
12,7.679600000000001,2.6735,2.1113000000000004,3.0969,1.4048,5.8053,2.0815,26.8184,11.8815,18.635099999999998,19.5736,7.2398,0.0,25.237599999999997,11.8945,2.8571,5.141100000000001,17.665
13,18.743299999999998,24.4983,25.9716,22.7092,23.860599999999998,27.5165,25.4525,2.3845,33.343300000000006,26.476,27.4144,27.4436,26.331799999999998,0.0,33.356300000000005,26.4019,20.0299,10.3575
14,13.742299999999998,10.1056,13.774799999999999,11.6108,12.6844,17.3443,13.8916,34.6174,1.3306,15.2113,16.1497,17.390900000000002,13.030899999999999,33.0366,0.0,14.0213,14.3792,26.285700000000002
15,7.218,4.5391,2.0058,4.2494,1.2963,4.2278,1.746,25.499599999999997,13.7471,20.500799999999998,21.4392,5.6621999999999995,2.7808,23.9187,13.7601,0.0,3.892,16.3461
16,3.0474,4.9337,6.260800000000001,2.9985,3.8389,7.9656,5.7418000000000005,21.9277,14.4716,19.8598,20.798299999999998,9.700700000000001,6.6211,20.346799999999998,14.4846,4.1308,0.0,12.774299999999998
17,11.4824,17.1929,18.6662,15.403799999999999,16.5552,20.2111,18.1471,13.4355,26.1357,28.086,29.0244,20.1382,19.0265,11.8546,26.1487,19.0965,12.7245,0.0
