set K:= 1	2	3;
set C_H:= 1	2	3	4	5	6	7	8	9	10	11	12;
set C_S:= 13	14	15	16	17	18;
set C_F:= 19	20	21	22	23	24	25	26	27	28	29	30	31	32	33	34	35	36	37	38	39	40	41	42	43	44	45	46	47	48	49	50	51	52	53	54	55	56	57	58	59	60;
set M:= 61	62	63	64	65	66;
set L_B:= 67	68	69	70	71	72	73;
set A1:=
(0,*) 1 2 3 4 5 6 7 8 9 10 11 12 19 20 21 22 23 24 25 26 27 28 29 30 31 32 33 34 35 36 37 38 39 40 41 42 43 44 45 46 47 48 49 50 51 52 53 54 55 56 57 58 59 60 61 62 63 64 65 66 67 68 69 70 71 72 73 74
(1,*) 0 2 3 4 5 6 7 8 9 10 11 12 19 20 21 22 23 24 25 26 27 28 29 30 31 32 33 34 35 36 37 38 39 40 41 42 43 44 45 46 47 48 49 50 51 52 53 54 55 56 57 58 59 60 61 62 63 64 65 66 67 68 69 70 71 72 73 74
(2,*) 0 1 3 4 5 6 7 8 9 10 11 12 19 20 21 22 23 24 25 26 27 28 29 30 31 32 33 34 35 36 37 38 39 40 41 42 43 44 45 46 47 48 49 50 51 52 53 54 55 56 57 58 59 60 61 62 63 64 65 66 67 68 69 70 71 72 73 74
(3,*) 0 1 2 4 5 6 7 8 9 10 11 12 19 20 21 22 23 24 25 26 27 28 29 30 31 32 33 34 35 36 37 38 39 40 41 42 43 44 45 46 47 48 49 50 51 52 53 54 55 56 57 58 59 60 61 62 63 64 65 66 67 68 69 70 71 72 73 74
(4,*) 0 1 2 3 5 6 7 8 9 10 11 12 19 20 21 22 23 24 25 26 27 28 29 30 31 32 33 34 35 36 37 38 39 40 41 42 43 44 45 46 47 48 49 50 51 52 53 54 55 56 57 58 59 60 61 62 63 64 65 66 67 68 69 70 71 72 73 74
(5,*) 0 1 2 3 4 6 7 8 9 10 11 12 19 20 21 22 23 24 25 26 27 28 29 30 31 32 33 34 35 36 37 38 39 40 41 42 43 44 45 46 47 48 49 50 51 52 53 54 55 56 57 58 59 60 61 62 63 64 65 66 67 68 69 70 71 72 73 74
(6,*) 0 1 2 3 4 5 7 8 9 10 11 12 19 20 21 22 23 24 25 26 27 28 29 30 31 32 33 34 35 36 37 38 39 40 41 42 43 44 45 46 47 48 49 50 51 52 53 54 55 56 57 58 59 60 61 62 63 64 65 66 67 68 69 70 71 72 73 74
(7,*) 0 1 2 3 4 5 6 8 9 10 11 12 19 20 21 22 23 24 25 26 27 28 29 30 31 32 33 34 35 36 37 38 39 40 41 42 43 44 45 46 47 48 49 50 51 52 53 54 55 56 57 58 59 60 61 62 63 64 65 66 67 68 69 70 71 72 73 74
(8,*) 0 1 2 3 4 5 6 7 9 10 11 12 19 20 21 22 23 24 25 26 27 28 29 30 31 32 33 34 35 36 37 38 39 40 41 42 43 44 45 46 47 48 49 50 51 52 53 54 55 56 57 58 59 60 61 62 63 64 65 66 67 68 69 70 71 72 73 74
(9,*) 0 1 2 3 4 5 6 7 8 10 11 12 19 20 21 22 23 24 25 26 27 28 29 30 31 32 33 34 35 36 37 38 39 40 41 42 43 44 45 46 47 48 49 50 51 52 53 54 55 56 57 58 59 60 61 62 63 64 65 66 67 68 69 70 71 72 73 74
(10,*) 0 1 2 3 4 5 6 7 8 9 11 12 19 20 21 22 23 24 25 26 27 28 29 30 31 32 33 34 35 36 37 38 39 40 41 42 43 44 45 46 47 48 49 50 51 52 53 54 55 56 57 58 59 60 61 62 63 64 65 66 67 68 69 70 71 72 73 74
(11,*) 0 1 2 3 4 5 6 7 8 9 10 12 19 20 21 22 23 24 25 26 27 28 29 30 31 32 33 34 35 36 37 38 39 40 41 42 43 44 45 46 47 48 49 50 51 52 53 54 55 56 57 58 59 60 61 62 63 64 65 66 67 68 69 70 71 72 73 74
(12,*) 0 1 2 3 4 5 6 7 8 9 10 11 19 20 21 22 23 24 25 26 27 28 29 30 31 32 33 34 35 36 37 38 39 40 41 42 43 44 45 46 47 48 49 50 51 52 53 54 55 56 57 58 59 60 61 62 63 64 65 66 67 68 69 70 71 72 73 74
(19,*) 0 1 2 3 4 5 6 7 8 9 10 11 12 20 21 22 23 24 25 26 27 28 29 30 31 32 33 34 35 36 37 38 39 40 41 42 43 44 45 46 47 48 49 50 51 52 53 54 55 56 57 58 59 60 61 62 63 64 65 66 67 68 69 70 71 72 73 74
(20,*) 0 1 2 3 4 5 6 7 8 9 10 11 12 19 21 22 23 24 25 26 27 28 29 30 31 32 33 34 35 36 37 38 39 40 41 42 43 44 45 46 47 48 49 50 51 52 53 54 55 56 57 58 59 60 61 62 63 64 65 66 67 68 69 70 71 72 73 74
(21,*) 0 1 2 3 4 5 6 7 8 9 10 11 12 19 20 22 23 24 25 26 27 28 29 30 31 32 33 34 35 36 37 38 39 40 41 42 43 44 45 46 47 48 49 50 51 52 53 54 55 56 57 58 59 60 61 62 63 64 65 66 67 68 69 70 71 72 73 74
(22,*) 0 1 2 3 4 5 6 7 8 9 10 11 12 19 20 21 23 24 25 26 27 28 29 30 31 32 33 34 35 36 37 38 39 40 41 42 43 44 45 46 47 48 49 50 51 52 53 54 55 56 57 58 59 60 61 62 63 64 65 66 67 68 69 70 71 72 73 74
(23,*) 0 1 2 3 4 5 6 7 8 9 10 11 12 19 20 21 22 24 25 26 27 28 29 30 31 32 33 34 35 36 37 38 39 40 41 42 43 44 45 46 47 48 49 50 51 52 53 54 55 56 57 58 59 60 61 62 63 64 65 66 67 68 69 70 71 72 73 74
(24,*) 0 1 2 3 4 5 6 7 8 9 10 11 12 19 20 21 22 23 25 26 27 28 29 30 31 32 33 34 35 36 37 38 39 40 41 42 43 44 45 46 47 48 49 50 51 52 53 54 55 56 57 58 59 60 61 62 63 64 65 66 67 68 69 70 71 72 73 74
(25,*) 0 1 2 3 4 5 6 7 8 9 10 11 12 19 20 21 22 23 24 26 27 28 29 30 31 32 33 34 35 36 37 38 39 40 41 42 43 44 45 46 47 48 49 50 51 52 53 54 55 56 57 58 59 60 61 62 63 64 65 66 67 68 69 70 71 72 73 74
(26,*) 0 1 2 3 4 5 6 7 8 9 10 11 12 19 20 21 22 23 24 25 27 28 29 30 31 32 33 34 35 36 37 38 39 40 41 42 43 44 45 46 47 48 49 50 51 52 53 54 55 56 57 58 59 60 61 62 63 64 65 66 67 68 69 70 71 72 73 74
(27,*) 0 1 2 3 4 5 6 7 8 9 10 11 12 19 20 21 22 23 24 25 26 28 29 30 31 32 33 34 35 36 37 38 39 40 41 42 43 44 45 46 47 48 49 50 51 52 53 54 55 56 57 58 59 60 61 62 63 64 65 66 67 68 69 70 71 72 73 74
(28,*) 0 1 2 3 4 5 6 7 8 9 10 11 12 19 20 21 22 23 24 25 26 27 29 30 31 32 33 34 35 36 37 38 39 40 41 42 43 44 45 46 47 48 49 50 51 52 53 54 55 56 57 58 59 60 61 62 63 64 65 66 67 68 69 70 71 72 73 74
(29,*) 0 1 2 3 4 5 6 7 8 9 10 11 12 19 20 21 22 23 24 25 26 27 28 30 31 32 33 34 35 36 37 38 39 40 41 42 43 44 45 46 47 48 49 50 51 52 53 54 55 56 57 58 59 60 61 62 63 64 65 66 67 68 69 70 71 72 73 74
(30,*) 0 1 2 3 4 5 6 7 8 9 10 11 12 19 20 21 22 23 24 25 26 27 28 29 31 32 33 34 35 36 37 38 39 40 41 42 43 44 45 46 47 48 49 50 51 52 53 54 55 56 57 58 59 60 61 62 63 64 65 66 67 68 69 70 71 72 73 74
(31,*) 0 1 2 3 4 5 6 7 8 9 10 11 12 19 20 21 22 23 24 25 26 27 28 29 30 32 33 34 35 36 37 38 39 40 41 42 43 44 45 46 47 48 49 50 51 52 53 54 55 56 57 58 59 60 61 62 63 64 65 66 67 68 69 70 71 72 73 74
(32,*) 0 1 2 3 4 5 6 7 8 9 10 11 12 19 20 21 22 23 24 25 26 27 28 29 30 31 33 34 35 36 37 38 39 40 41 42 43 44 45 46 47 48 49 50 51 52 53 54 55 56 57 58 59 60 61 62 63 64 65 66 67 68 69 70 71 72 73 74
(33,*) 0 1 2 3 4 5 6 7 8 9 10 11 12 19 20 21 22 23 24 25 26 27 28 29 30 31 32 34 35 36 37 38 39 40 41 42 43 44 45 46 47 48 49 50 51 52 53 54 55 56 57 58 59 60 61 62 63 64 65 66 67 68 69 70 71 72 73 74
(34,*) 0 1 2 3 4 5 6 7 8 9 10 11 12 19 20 21 22 23 24 25 26 27 28 29 30 31 32 33 35 36 37 38 39 40 41 42 43 44 45 46 47 48 49 50 51 52 53 54 55 56 57 58 59 60 61 62 63 64 65 66 67 68 69 70 71 72 73 74
(35,*) 0 1 2 3 4 5 6 7 8 9 10 11 12 19 20 21 22 23 24 25 26 27 28 29 30 31 32 33 34 36 37 38 39 40 41 42 43 44 45 46 47 48 49 50 51 52 53 54 55 56 57 58 59 60 61 62 63 64 65 66 67 68 69 70 71 72 73 74
(36,*) 0 1 2 3 4 5 6 7 8 9 10 11 12 19 20 21 22 23 24 25 26 27 28 29 30 31 32 33 34 35 37 38 39 40 41 42 43 44 45 46 47 48 49 50 51 52 53 54 55 56 57 58 59 60 61 62 63 64 65 66 67 68 69 70 71 72 73 74
(37,*) 0 1 2 3 4 5 6 7 8 9 10 11 12 19 20 21 22 23 24 25 26 27 28 29 30 31 32 33 34 35 36 38 39 40 41 42 43 44 45 46 47 48 49 50 51 52 53 54 55 56 57 58 59 60 61 62 63 64 65 66 67 68 69 70 71 72 73 74
(38,*) 0 1 2 3 4 5 6 7 8 9 10 11 12 19 20 21 22 23 24 25 26 27 28 29 30 31 32 33 34 35 36 37 39 40 41 42 43 44 45 46 47 48 49 50 51 52 53 54 55 56 57 58 59 60 61 62 63 64 65 66 67 68 69 70 71 72 73 74
(39,*) 0 1 2 3 4 5 6 7 8 9 10 11 12 19 20 21 22 23 24 25 26 27 28 29 30 31 32 33 34 35 36 37 38 40 41 42 43 44 45 46 47 48 49 50 51 52 53 54 55 56 57 58 59 60 61 62 63 64 65 66 67 68 69 70 71 72 73 74
(40,*) 0 1 2 3 4 5 6 7 8 9 10 11 12 19 20 21 22 23 24 25 26 27 28 29 30 31 32 33 34 35 36 37 38 39 41 42 43 44 45 46 47 48 49 50 51 52 53 54 55 56 57 58 59 60 61 62 63 64 65 66 67 68 69 70 71 72 73 74
(41,*) 0 1 2 3 4 5 6 7 8 9 10 11 12 19 20 21 22 23 24 25 26 27 28 29 30 31 32 33 34 35 36 37 38 39 40 42 43 44 45 46 47 48 49 50 51 52 53 54 55 56 57 58 59 60 61 62 63 64 65 66 67 68 69 70 71 72 73 74
(42,*) 0 1 2 3 4 5 6 7 8 9 10 11 12 19 20 21 22 23 24 25 26 27 28 29 30 31 32 33 34 35 36 37 38 39 40 41 43 44 45 46 47 48 49 50 51 52 53 54 55 56 57 58 59 60 61 62 63 64 65 66 67 68 69 70 71 72 73 74
(43,*) 0 1 2 3 4 5 6 7 8 9 10 11 12 19 20 21 22 23 24 25 26 27 28 29 30 31 32 33 34 35 36 37 38 39 40 41 42 44 45 46 47 48 49 50 51 52 53 54 55 56 57 58 59 60 61 62 63 64 65 66 67 68 69 70 71 72 73 74
(44,*) 0 1 2 3 4 5 6 7 8 9 10 11 12 19 20 21 22 23 24 25 26 27 28 29 30 31 32 33 34 35 36 37 38 39 40 41 42 43 45 46 47 48 49 50 51 52 53 54 55 56 57 58 59 60 61 62 63 64 65 66 67 68 69 70 71 72 73 74
(45,*) 0 1 2 3 4 5 6 7 8 9 10 11 12 19 20 21 22 23 24 25 26 27 28 29 30 31 32 33 34 35 36 37 38 39 40 41 42 43 44 46 47 48 49 50 51 52 53 54 55 56 57 58 59 60 61 62 63 64 65 66 67 68 69 70 71 72 73 74
(46,*) 0 1 2 3 4 5 6 7 8 9 10 11 12 19 20 21 22 23 24 25 26 27 28 29 30 31 32 33 34 35 36 37 38 39 40 41 42 43 44 45 47 48 49 50 51 52 53 54 55 56 57 58 59 60 61 62 63 64 65 66 67 68 69 70 71 72 73 74
(47,*) 0 1 2 3 4 5 6 7 8 9 10 11 12 19 20 21 22 23 24 25 26 27 28 29 30 31 32 33 34 35 36 37 38 39 40 41 42 43 44 45 46 48 49 50 51 52 53 54 55 56 57 58 59 60 61 62 63 64 65 66 67 68 69 70 71 72 73 74
(48,*) 0 1 2 3 4 5 6 7 8 9 10 11 12 19 20 21 22 23 24 25 26 27 28 29 30 31 32 33 34 35 36 37 38 39 40 41 42 43 44 45 46 47 49 50 51 52 53 54 55 56 57 58 59 60 61 62 63 64 65 66 67 68 69 70 71 72 73 74
(49,*) 0 1 2 3 4 5 6 7 8 9 10 11 12 19 20 21 22 23 24 25 26 27 28 29 30 31 32 33 34 35 36 37 38 39 40 41 42 43 44 45 46 47 48 50 51 52 53 54 55 56 57 58 59 60 61 62 63 64 65 66 67 68 69 70 71 72 73 74
(50,*) 0 1 2 3 4 5 6 7 8 9 10 11 12 19 20 21 22 23 24 25 26 27 28 29 30 31 32 33 34 35 36 37 38 39 40 41 42 43 44 45 46 47 48 49 51 52 53 54 55 56 57 58 59 60 61 62 63 64 65 66 67 68 69 70 71 72 73 74
(51,*) 0 1 2 3 4 5 6 7 8 9 10 11 12 19 20 21 22 23 24 25 26 27 28 29 30 31 32 33 34 35 36 37 38 39 40 41 42 43 44 45 46 47 48 49 50 52 53 54 55 56 57 58 59 60 61 62 63 64 65 66 67 68 69 70 71 72 73 74
(52,*) 0 1 2 3 4 5 6 7 8 9 10 11 12 19 20 21 22 23 24 25 26 27 28 29 30 31 32 33 34 35 36 37 38 39 40 41 42 43 44 45 46 47 48 49 50 51 53 54 55 56 57 58 59 60 61 62 63 64 65 66 67 68 69 70 71 72 73 74
(53,*) 0 1 2 3 4 5 6 7 8 9 10 11 12 19 20 21 22 23 24 25 26 27 28 29 30 31 32 33 34 35 36 37 38 39 40 41 42 43 44 45 46 47 48 49 50 51 52 54 55 56 57 58 59 60 61 62 63 64 65 66 67 68 69 70 71 72 73 74
(54,*) 0 1 2 3 4 5 6 7 8 9 10 11 12 19 20 21 22 23 24 25 26 27 28 29 30 31 32 33 34 35 36 37 38 39 40 41 42 43 44 45 46 47 48 49 50 51 52 53 55 56 57 58 59 60 61 62 63 64 65 66 67 68 69 70 71 72 73 74
(55,*) 0 1 2 3 4 5 6 7 8 9 10 11 12 19 20 21 22 23 24 25 26 27 28 29 30 31 32 33 34 35 36 37 38 39 40 41 42 43 44 45 46 47 48 49 50 51 52 53 54 56 57 58 59 60 61 62 63 64 65 66 67 68 69 70 71 72 73 74
(56,*) 0 1 2 3 4 5 6 7 8 9 10 11 12 19 20 21 22 23 24 25 26 27 28 29 30 31 32 33 34 35 36 37 38 39 40 41 42 43 44 45 46 47 48 49 50 51 52 53 54 55 57 58 59 60 61 62 63 64 65 66 67 68 69 70 71 72 73 74
(57,*) 0 1 2 3 4 5 6 7 8 9 10 11 12 19 20 21 22 23 24 25 26 27 28 29 30 31 32 33 34 35 36 37 38 39 40 41 42 43 44 45 46 47 48 49 50 51 52 53 54 55 56 58 59 60 61 62 63 64 65 66 67 68 69 70 71 72 73 74
(58,*) 0 1 2 3 4 5 6 7 8 9 10 11 12 19 20 21 22 23 24 25 26 27 28 29 30 31 32 33 34 35 36 37 38 39 40 41 42 43 44 45 46 47 48 49 50 51 52 53 54 55 56 57 59 60 61 62 63 64 65 66 67 68 69 70 71 72 73 74
(59,*) 0 1 2 3 4 5 6 7 8 9 10 11 12 19 20 21 22 23 24 25 26 27 28 29 30 31 32 33 34 35 36 37 38 39 40 41 42 43 44 45 46 47 48 49 50 51 52 53 54 55 56 57 58 60 61 62 63 64 65 66 67 68 69 70 71 72 73 74
(60,*) 0 1 2 3 4 5 6 7 8 9 10 11 12 19 20 21 22 23 24 25 26 27 28 29 30 31 32 33 34 35 36 37 38 39 40 41 42 43 44 45 46 47 48 49 50 51 52 53 54 55 56 57 58 59 61 62 63 64 65 66 67 68 69 70 71 72 73 74
(61,*) 0 1 2 3 4 5 6 7 8 9 10 11 12 19 20 21 22 23 24 25 26 27 28 29 30 31 32 33 34 35 36 37 38 39 40 41 42 43 44 45 46 47 48 49 50 51 52 53 54 55 56 57 58 59 60 62 63 64 65 66 67 68 69 70 71 72 73 74
(62,*) 0 1 2 3 4 5 6 7 8 9 10 11 12 19 20 21 22 23 24 25 26 27 28 29 30 31 32 33 34 35 36 37 38 39 40 41 42 43 44 45 46 47 48 49 50 51 52 53 54 55 56 57 58 59 60 61 63 64 65 66 67 68 69 70 71 72 73 74
(63,*) 0 1 2 3 4 5 6 7 8 9 10 11 12 19 20 21 22 23 24 25 26 27 28 29 30 31 32 33 34 35 36 37 38 39 40 41 42 43 44 45 46 47 48 49 50 51 52 53 54 55 56 57 58 59 60 61 62 64 65 66 67 68 69 70 71 72 73 74
(64,*) 0 1 2 3 4 5 6 7 8 9 10 11 12 19 20 21 22 23 24 25 26 27 28 29 30 31 32 33 34 35 36 37 38 39 40 41 42 43 44 45 46 47 48 49 50 51 52 53 54 55 56 57 58 59 60 61 62 63 65 66 67 68 69 70 71 72 73 74
(65,*) 0 1 2 3 4 5 6 7 8 9 10 11 12 19 20 21 22 23 24 25 26 27 28 29 30 31 32 33 34 35 36 37 38 39 40 41 42 43 44 45 46 47 48 49 50 51 52 53 54 55 56 57 58 59 60 61 62 63 64 66 67 68 69 70 71 72 73 74
(66,*) 0 1 2 3 4 5 6 7 8 9 10 11 12 19 20 21 22 23 24 25 26 27 28 29 30 31 32 33 34 35 36 37 38 39 40 41 42 43 44 45 46 47 48 49 50 51 52 53 54 55 56 57 58 59 60 61 62 63 64 65 67 68 69 70 71 72 73 74
(67,*) 0 1 2 3 4 5 6 7 8 9 10 11 12 19 20 21 22 23 24 25 26 27 28 29 30 31 32 33 34 35 36 37 38 39 40 41 42 43 44 45 46 47 48 49 50 51 52 53 54 55 56 57 58 59 60 61 62 63 64 65 66 68 69 70 71 72 73 74
(68,*) 0 1 2 3 4 5 6 7 8 9 10 11 12 19 20 21 22 23 24 25 26 27 28 29 30 31 32 33 34 35 36 37 38 39 40 41 42 43 44 45 46 47 48 49 50 51 52 53 54 55 56 57 58 59 60 61 62 63 64 65 66 67 69 70 71 72 73 74
(69,*) 0 1 2 3 4 5 6 7 8 9 10 11 12 19 20 21 22 23 24 25 26 27 28 29 30 31 32 33 34 35 36 37 38 39 40 41 42 43 44 45 46 47 48 49 50 51 52 53 54 55 56 57 58 59 60 61 62 63 64 65 66 67 68 70 71 72 73 74
(70,*) 0 1 2 3 4 5 6 7 8 9 10 11 12 19 20 21 22 23 24 25 26 27 28 29 30 31 32 33 34 35 36 37 38 39 40 41 42 43 44 45 46 47 48 49 50 51 52 53 54 55 56 57 58 59 60 61 62 63 64 65 66 67 68 69 71 72 73 74
(71,*) 0 1 2 3 4 5 6 7 8 9 10 11 12 19 20 21 22 23 24 25 26 27 28 29 30 31 32 33 34 35 36 37 38 39 40 41 42 43 44 45 46 47 48 49 50 51 52 53 54 55 56 57 58 59 60 61 62 63 64 65 66 67 68 69 70 72 73 74
(72,*) 0 1 2 3 4 5 6 7 8 9 10 11 12 19 20 21 22 23 24 25 26 27 28 29 30 31 32 33 34 35 36 37 38 39 40 41 42 43 44 45 46 47 48 49 50 51 52 53 54 55 56 57 58 59 60 61 62 63 64 65 66 67 68 69 70 71 73 74
(73,*) 0 1 2 3 4 5 6 7 8 9 10 11 12 19 20 21 22 23 24 25 26 27 28 29 30 31 32 33 34 35 36 37 38 39 40 41 42 43 44 45 46 47 48 49 50 51 52 53 54 55 56 57 58 59 60 61 62 63 64 65 66 67 68 69 70 71 72 74
(74,*) 0 1 2 3 4 5 6 7 8 9 10 11 12 19 20 21 22 23 24 25 26 27 28 29 30 31 32 33 34 35 36 37 38 39 40 41 42 43 44 45 46 47 48 49 50 51 52 53 54 55 56 57 58 59 60 61 62 63 64 65 66 67 68 69 70 71 72 73
;
set A2:=
(61,*) 62
(62,*) 61
(63,*) 64
(64,*) 63
(65,*) 66
(66,*) 65
;
param BigM:=99999;
param n:= 3;
param d:=
1	3
2	5
3	1
4	4
5	4
6	1
7	1
8	4
9	5
10	4
11	4
12	2
13	1
14	5
15	4
16	1
17	3
18	3
19	5
20	5
21	2
22	3
23	5
24	2
25	5
26	2
27	3
28	3
29	5
30	2
31	5
32	3
33	5
34	3
35	5
36	3
37	3
38	2
39	1
40	4
41	1
42	3
43	3
44	4
45	5
46	4
47	5
48	1
49	4
50	3
51	1
52	3
53	1
54	1
55	5
56	1
57	5
58	3
59	2
60	5
;
param Q:=160;
param w:=
[61,*] 62 65
[62,*] 61 65
[63,*] 64 65
[64,*] 63 65
[65,*] 66 55
[66,*] 65 55
;
param V:=
[61,*] 62 100
[62,*] 61 100
[63,*] 64 80
[64,*] 63 80
[65,*] 66 80
[66,*] 65 80
;
param e:
	61	62	63	64	65	66	67	68	69	70	71	72	73:=
13		0		0		0		1		0		0		0		0		0		0		0		0		0	
14		0		0		1		0		0		1		0		0		0		0		1		0		0	
15		0		0		0		0		0		0		0		0		0		0		0		0		1	
16		1		0		0		0		0		0		0		0		0		0		0		0		0	
17		0		0		0		0		0		0		1		0		0		0		0		0		0	
18		0		0		0		0		0		0		1		0		0		0		0		0		0	
19		0		0		1		0		0		0		0		0		0		0		0		0		0	
20		0		0		0		0		0		0		0		0		0		0		0		1		0	
21		0		0		0		0		0		0		1		1		0		0		0		0		0	
22		0		0		0		1		0		0		0		0		0		0		0		0		0	
23		0		0		0		0		0		0		0		0		0		0		0		0		1	
24		1		0		0		0		0		0		0		0		0		0		0		0		0	
25		0		0		0		0		0		0		0		0		1		1		0		0		0	
26		0		0		0		0		0		0		0		0		0		0		0		1		1	
27		0		1		0		0		0		0		0		0		0		0		0		0		0	
28		0		0		0		0		0		0		0		0		0		1		0		0		0	
29		0		1		0		0		0		1		0		0		0		0		1		0		0	
30		0		1		0		0		0		0		0		0		0		0		1		0		0	
31		0		0		0		0		0		0		1		1		0		0		0		0		0	
32		0		0		1		0		0		1		0		0		0		0		1		0		0	
33		0		0		0		0		0		0		0		0		1		0		0		1		0	
34		0		0		1		0		0		0		0		0		0		0		0		0		0	
35		1		0		0		0		0		0		0		0		0		0		0		0		0	
36		0		0		0		0		1		0		0		0		0		0		0		0		0	
37		0		0		0		0		0		0		0		0		1		0		0		0		0	
38		0		0		0		0		0		0		1		1		0		0		0		0		0	
39		0		0		0		0		0		1		0		0		0		0		1		0		0	
40		0		0		0		1		0		0		0		0		0		0		0		0		0	
41		0		0		0		0		0		0		1		1		0		0		0		0		0	
42		0		0		0		0		0		0		1		1		0		0		0		0		0	
43		0		0		0		0		0		0		0		0		1		0		0		0		1	
44		0		0		0		0		0		1		0		0		0		0		1		0		0	
45		0		0		0		0		0		0		1		1		0		0		0		0		0	
46		0		0		1		0		0		1		0		0		0		0		0		0		0	
47		0		0		0		0		0		0		0		0		1		0		0		0		1	
48		0		1		0		0		0		0		0		0		0		0		0		0		0	
49		0		0		0		0		0		0		0		0		0		1		0		0		0	
50		0		0		0		0		1		0		0		0		0		0		0		0		0	
51		0		0		0		1		0		0		0		0		0		0		0		0		0	
52		0		0		0		0		0		0		0		0		1		0		0		0		1	
53		0		0		1		0		0		1		0		0		0		0		0		0		0	
54		0		0		0		0		1		0		0		0		0		0		0		0		0	
55		0		0		1		0		0		1		0		0		0		0		0		0		0	
56		0		0		0		0		1		0		0		0		0		0		0		0		0	
57		0		0		0		0		0		0		0		0		1		0		0		0		1	
58		0		1		0		0		0		0		0		0		0		0		1		0		0	
59		1		0		0		0		0		0		0		0		0		0		0		0		0	
60		0		1		0		0		0		0		0		0		0		0		1		0		0	
;
param p:=
1	18
2	18
3	18
;
param G:=
61	30
62	70
63	30
64	120
65	30
66	50
67	23
68	22
69	26
70	54
71	51
72	27
73	28
;
param s:=
0	0
1	10
2	10
3	10
4	10
5	10
6	10
7	10
8	10
9	10
10	10
11	10
12	10
19	10
20	10
21	10
22	10
23	10
24	10
25	10
26	10
27	10
28	10
29	10
30	10
31	10
32	10
33	10
34	10
35	10
36	10
37	10
38	10
39	10
40	10
41	10
42	10
43	10
44	10
45	10
46	10
47	10
48	10
49	10
50	10
51	10
52	10
53	10
54	10
55	10
56	10
57	10
58	10
59	10
60	10
61	10
62	10
63	10
64	10
65	10
66	10
67	10
68	10
69	10
70	10
71	10
72	10
73	10
;
param t:
	0	1	2	3	4	5	6	7	8	9	10	11	12	13	14	15	16	17	18	19	20	21	22	23	24	25	26	27	28	29	30	31	32	33	34	35	36	37	38	39	40	41	42	43	44	45	46	47	48	49	50	51	52	53	54	55	56	57	58	59	60	61	62	63	64	65	66	67	68	69	70	71	72	73	74:=
0	0.0	4.6233	3.7074000000000003	3.2041	2.9915	3.9873000000000003	4.1851	3.6696	1.653	4.2506	1.9744000000000002	3.2599	4.6998999999999995	20.336299999999998	6.6593	5.2203	16.3432	8.9821	8.4649	8.2454	3.0575	10.451	20.808400000000002	5.3307	15.0223	4.614199999999999	3.4467	14.3288	8.6651	8.682	13.0602	10.3919	8.0929	0.1679	8.361600000000001	16.8567	10.7179	3.3002	10.5172	7.275	20.051099999999998	9.1074	10.719299999999999	2.6074	11.9028	8.591299999999999	6.5577	3.3509	13.9948	6.8952	13.9171	20.278299999999998	4.9947	7.049600000000001	13.639	7.03	13.8245	3.8459	13.753200000000001	15.7051	9.873299999999999	15.679200000000002	12.9342	8.5804	18.927	13.6347	7.3099	9.8339	10.0293	3.3870999999999998	6.8203000000000005	8.565700000000001	1.6847999999999999	4.6195	0.0
1	4.5873	0.0	4.396199999999999	6.4157	6.8013	8.2161	3.612	6.3528	4.9295	8.050699999999999	3.304	7.0698	9.622	15.9199	10.6718	10.765600000000001	23.7438	6.2779	5.7607	11.8479	7.2863	6.6854	16.392	9.987	22.422900000000002	4.764	7.256600000000001	14.8049	8.3145	11.1859	13.536299999999999	5.9755	13.404399999999999	4.3118	12.374	24.2573	16.2632	5.9834	6.1008000000000004	12.53	15.634799999999998	5.7738000000000005	6.591	6.4173	10.2466	4.9675	10.3675	7.1608	14.4709	6.5446	19.9975	15.8619	9.652700000000001	11.062	19.7194	11.081299999999999	19.9049	8.1621	14.2294	23.105700000000002	11.4843	23.0798	13.4849	12.592799999999999	14.5106	19.7151	12.4423	6.4332	5.6129	6.674300000000001	6.2016	11.1489	5.3258	9.5416	4.5873
2	3.3704	4.159	0.0	5.26	5.0257	7.2956	3.2601	2.8169	2.3705	7.559	2.451	3.7217	6.0758	19.1237	7.1256	7.219399999999999	23.1466	6.4334	5.9161	8.3017	6.3659	9.372200000000001	19.5957	6.4408	21.825599999999998	1.1924000000000001	5.9967	12.1318	5.5694	8.5127	10.8632	8.814	8.5592	3.4255	8.8278	23.6601	12.717	2.4475	9.234200000000001	6.6437	18.8385	7.1959	9.6405	3.9343000000000004	7.5733999999999995	6.0425	7.3231	3.7624	11.797799999999999	3.7995	16.451400000000003	19.0657	6.1065	7.5158000000000005	16.1732	7.535100000000001	16.3588	3.9657	11.5562	22.5084	8.811200000000001	22.482599999999998	10.8118	9.046700000000001	17.7144	16.1689	6.5925	7.285100000000001	8.5646	3.1385	3.4564	8.4758	4.9931	5.9954	3.3704
3	3.4320999999999997	6.023	7.252	0.0	5.1838	5.4693000000000005	6.792800000000001	6.701899999999999	4.6742	5.2111	3.5051	5.4521999999999995	7.1562	18.739099999999997	8.851600000000001	7.4125	16.6645	10.512799999999999	9.9956	10.437700000000001	4.5396	11.8224	19.2111	7.5229	15.3436	7.619800000000001	4.9288	17.6608	11.170399999999999	11.414299999999999	16.3922	11.2642	10.285200000000001	3.4871999999999996	10.553799999999999	17.178	12.9101	6.3325	11.9169	10.007299999999999	18.4539	10.4788	12.0906	4.7997	13.1024	9.6724	9.29	5.5432	17.3268	9.4005	16.1094	18.681099999999997	7.1869	9.2418	15.8312	9.7623	16.0168	6.3361	17.0852	16.0264	14.340200000000001	16.0005	16.340799999999998	10.7726	17.3298	15.8269	10.042200000000001	11.1381	11.429	5.8611	9.0574	11.2979	3.1668000000000003	7.0758	3.4320999999999997
4	2.6772	7.0713	5.4982	5.110399999999999	0.0	2.8285	7.3469	5.3473999999999995	3.0120999999999998	3.6268000000000002	4.3049	1.9885	1.8647	22.7844	7.1892	2.4617	16.626	10.520100000000001	10.0029	6.1051	2.4337	13.4589	23.256400000000003	2.5721	15.305	6.4129	1.5077	13.664200000000001	10.203	10.1365	12.3956	12.8399	8.6228	2.7324	6.3241000000000005	17.139400000000002	7.9593	4.6817	12.965200000000001	7.428100000000001	22.499200000000002	11.2826	13.7272	2.1235999999999997	13.3294	10.1292	7.386699999999999	2.7619000000000002	13.330200000000001	8.4331	11.1585	22.7263	2.1553	5.2802	10.8804	7.5987	11.0659	4.3758	13.088700000000001	15.9878	10.827399999999999	15.962	13.0864	6.5	21.375	10.876100000000001	7.463	11.371799999999999	12.4773	4.2583	8.3583	10.020100000000001	2.7037	1.7843	2.6772
5	4.0727	8.3245	7.7841000000000005	5.361	3.3479	0.0	8.015	8.6395	5.298	0.6212000000000001	5.6981	5.216	4.2256	23.1968	9.4754	3.9203	14.2151	12.7823	12.265	8.2847	0.9168999999999999	14.803	23.6688	3.9466	12.8941	9.705	1.1728	15.9504	12.465200000000001	12.422600000000001	14.681799999999999	14.0931	10.909	4.127800000000001	8.6068	14.7286	9.1114	7.9738	14.218399999999999	10.610299999999999	22.9116	13.8915	14.7087	5.4235	13.8706	12.391399999999999	9.6729	6.167	15.6164	10.6953	11.5481	23.1388	4.5163	7.4782	11.2699	9.8849	11.4555	6.661899999999999	15.374799999999999	13.5769	13.1136	13.5511	16.1745	9.4807	21.7874	11.2657	10.6452	13.634	13.7305	7.5504	10.6204	12.306299999999998	2.9865999999999997	4.1453	4.0727
6	4.0216	2.7743	2.5671	6.8378000000000005	6.339	7.9338	0.0	5.1097	4.1247	8.4729	2.5387	5.6701999999999995	8.2549	17.0278	9.3047	9.3985	20.8018	5.089899999999999	4.5727	10.480799999999999	7.004	7.2763	17.4999	8.6199	19.480900000000002	3.2001999999999997	7.3932	14.1395	6.197100000000001	10.5205	12.871	6.7181999999999995	10.738299999999999	4.0768	11.0069	21.3153	14.8961	4.7403	7.1384	8.9194	16.7427	5.852399999999999	7.5446	5.3611	9.5812	4.699	8.8658	5.7827	13.8056	4.4272	18.6304	16.9698	8.2856	9.6949	18.3523	9.7142	18.5378	5.9142	13.564	20.163700000000002	10.819	20.1378	12.819600000000001	11.225700000000002	15.6185	18.348	8.8682	5.9416	6.4687	5.4142	4.3523000000000005	10.483600000000001	5.6312	8.1745	4.0216
7	3.1924	6.200699999999999	2.4903000000000004	6.3484	4.66	8.2901	5.7533	0.0	1.9565	7.1921	3.8035	2.89	4.3515	21.9101	4.66	5.495	21.4222	8.9266	8.4093	6.2461	5.999	12.1586	22.382099999999998	4.716399999999999	20.1013	2.6726	5.631	9.8615	6.0904	5.4648	8.5929	11.6004	6.0936	3.2475	6.3622	21.9357	10.9926	0.1472	12.0206	4.143800000000001	21.6249	9.6891	12.4269	2.2055	6.479100000000001	8.5357	4.1112	2.0576	9.5275	4.3205	14.727	21.8521	4.3822	5.0502	14.4489	5.0695	14.6344	1.5757	9.2859	20.7841	6.6561	20.758200000000002	9.6605	6.5811	20.500700000000002	14.444600000000001	4.0927	9.7783	11.3509	0.6386000000000001	3.9775	5.3484	4.6263000000000005	4.271100000000001	3.1924
8	1.2395999999999998	5.4248	3.1786	4.2665	2.7796999999999996	5.0497	5.0273	2.7831	0.0	5.313	2.4654000000000003	2.5212	4.2252	20.8908	6.0445	5.0085	17.4056	8.2005	7.6833	7.6306	4.1198999999999995	11.139299999999999	21.3629	4.5996999999999995	16.084600000000002	3.9791	3.7506999999999997	13.4878	7.8835	7.0858	12.2192	10.5812	7.4781	1.2947	7.7467	17.919	10.5061	2.4158000000000004	11.0014	5.7649	20.605700000000002	8.9631	11.4076	2.2134	10.360100000000001	7.809699999999999	5.7166999999999994	2.7361	13.153799999999999	6.1136	13.7053	20.8328	4.2559	6.434699999999999	13.427200000000001	6.4539	13.6127	2.7651999999999997	12.9122	16.767400000000002	8.2771	16.7415	12.093200000000001	7.9655	19.4815	13.4229	5.7137	9.052200000000001	10.331700000000001	2.2596	6.0386999999999995	6.9695	2.7471	4.1448	1.2395999999999998
9	4.3956	8.3978	8.9874	6.6613999999999995	3.6708000000000003	0.6206	9.712	7.6486	5.6209	0.0	7.2543999999999995	5.5389	4.5497	22.5607	9.7983	5.1476999999999995	12.8201	14.2621	13.7448	8.6087	1.2247000000000001	14.876299999999999	23.032700000000002	5.0298	11.4991	9.894200000000001	2.2802	19.3711	16.1157	13.7244	18.1025	14.1664	11.2319	4.4508	8.9308	13.3336	9.9312	7.2793	14.2917	12.3173	22.2755	13.9647	14.7819	5.7463999999999995	16.7989	13.1584	11.600100000000001	6.4899	19.0371	12.1751	11.5906	22.5027	4.8403	7.8022	11.3124	12.0724	11.498	6.9849	18.7956	12.181899999999999	14.915700000000001	12.1561	17.976599999999998	9.804799999999998	21.151400000000002	11.308200000000001	12.3523	14.6241	13.803799999999999	6.8078	12.100200000000001	13.608	2.8489	4.4693000000000005	4.3956
10	2.0067	3.7237	1.944	4.0408	3.9656	6.235600000000001	2.9168000000000003	3.2561999999999998	1.8552	6.4989	0.0	4.2106	5.674	19.9091	7.61	6.1944	18.5915	7.2187	6.7015	8.9645	5.3058000000000005	10.1576	20.3811	7.1035	17.2705	2.8508	4.9366	13.7902	6.9017	10.171100000000001	12.521600000000001	9.5994	9.0436	2.0618000000000003	9.3122	19.1049	11.692	2.8869000000000002	10.0196	7.0659	19.623900000000003	7.9813	10.425799999999999	3.5581	9.2318	6.8279	7.0178	4.3016000000000005	13.4562	5.1318	14.891200000000001	19.851	5.964600000000001	8.0002	14.613100000000001	8.0195	14.7986	4.0663	13.2146	17.9533	10.4696	17.9275	12.4702	9.5311	18.4997	14.608799999999999	7.0148	8.0705	9.3499	3.5606999999999998	5.0569	10.1342	3.933	5.5936	2.0067
11	3.056	7.4639	3.6958	5.7845	2.405	5.1725	6.9948999999999995	3.0349	2.8331999999999997	5.4358	4.6802	0.0	1.8206	22.858400000000003	4.7504	3.0129	18.4942	10.1681	9.6509	4.8119	4.2427	13.1069	23.3305	2.1951	17.173299999999998	4.289	3.376	11.2254	9.655299999999999	7.6977	9.9568	12.5488	6.184	3.1111999999999997	5.0309	19.0077	8.5105	3.3885	12.969	5.8853	22.5733	10.9307	13.375200000000001	1.276	9.212299999999999	9.777299999999999	4.9479	0.8026	10.891399999999999	6.896	12.2415	22.8004	1.8514000000000002	3.9871	11.9634	5.1598999999999995	12.1489	2.1704	10.649899999999999	17.856099999999998	8.3886	17.8302	11.516200000000001	5.2068	21.449099999999998	11.959100000000001	5.9201999999999995	11.0198	12.299299999999999	1.9934	6.553	7.581300000000001	3.9837	1.7403	3.056
12	4.3778999999999995	9.882299999999999	6.5462	6.811	1.8668	4.1487	8.694	5.2888	4.7127	4.9505	6.0056	2.1406	0.0	25.5917	5.648899999999999	1.3287	17.280900000000003	11.8672	11.35	4.4786	3.6711	15.840200000000001	26.0637	0.5393	15.9599	6.3542	2.5826	13.4019	10.4279	8.0375	10.8554	15.2821	6.4417	4.433	4.8007	17.794400000000003	6.8263	4.6231	15.702200000000001	6.6304	25.3065	12.6298	16.1085	2.9751	9.9849	11.4764	5.9028	2.5017	11.7899	9.5688	10.585700000000001	25.5337	0.3915	3.6721	10.3075	6.0584	10.4931	3.8695	11.548399999999999	16.6427	9.2288	16.6169	12.2887	5.6747	24.1824	10.3033	6.6654	12.719	15.0326	4.1997	9.225700000000002	7.9211	4.4043	0.0804	4.3778999999999995
13	20.7802	16.8033	19.71	18.869	22.9943	24.756700000000002	17.3167	22.252599999999997	21.267599999999998	23.9775	19.4969	22.8131	25.3978	0.0	26.447599999999998	26.5413	30.099400000000003	15.8192	16.0393	27.6237	22.5321	13.4933	2.86	25.7628	28.7784	20.3431	23.563	30.8005	21.6077	27.1815	29.5319	12.738299999999999	27.8812	20.5047	28.1498	30.6129	34.5454	21.883200000000002	12.874600000000001	26.0623	3.4153000000000002	13.1897	13.7616	22.504	26.2422	14.1882	26.0087	22.9256	30.4665	20.0619	35.6593	2.3299000000000003	25.4285	26.837799999999998	35.3812	26.8571	35.5667	23.0571	30.2249	29.4612	27.4799	29.4354	29.4805	28.368599999999997	2.1953	35.3769	26.052400000000002	15.037700000000001	12.3757	22.5571	20.5274	27.1445	20.5716	25.317400000000003	20.7802
14	6.2607	10.319799999999999	6.9837	9.1556	6.5645	9.4909	10.246799999999999	4.527399999999999	5.8586	9.7542	7.8884	4.601	5.448300000000001	26.0292	0.0	5.987100000000001	21.094	13.42	12.9028	2.299	8.5611	16.2777	26.5012	5.8228	19.773	6.7917	7.5355	7.2635	6.5524	3.7358000000000002	5.995	15.7195	2.2222	6.3159	2.4151	21.6075	10.5967	4.7363	16.1397	2.3001	25.744	14.1826	16.546	4.7546	5.831300000000001	13.029200000000001	0.986	4.3771	6.9295	8.0954	13.033299999999999	25.9712	5.479	2.4983	12.7552	1.198	12.940700000000001	3.485	6.688	20.4558	4.426699999999999	20.43	6.7174	2.7096	24.6199	12.7509	2.3350999999999997	14.271700000000001	15.4701	3.9781999999999997	7.1973	3.6194	7.1883	5.3679	6.2607
15	4.9992	10.5219	7.1858	7.4323999999999995	2.4880999999999998	3.8279	10.4489	5.9283	5.3341	4.6297	6.6269	2.8781	1.3377999999999999	26.2313	6.1884	0.0	15.5625	13.6221	13.104899999999999	5.018	4.164899999999999	16.4798	26.7033	1.2103	14.2416	6.9938	3.4778000000000002	13.520299999999999	10.9673	8.5769	11.3948	15.9216	6.9811000000000005	5.054399999999999	5.3401000000000005	16.076	5.773	5.2627	16.3418	7.169899999999999	25.946099999999998	14.3846	16.748	3.7126	13.9103	13.231200000000001	6.4422	3.2391	13.5496	10.2083	7.2871999999999995	26.1732	1.3762	4.2115	7.009	6.597899999999999	7.1946	5.7737	12.0878	14.9244	9.7682	14.8985	12.8282	6.2141	24.821900000000003	7.0047	7.2048000000000005	14.473799999999999	15.6721	4.839300000000001	9.8653	8.4605	5.0257	1.4182000000000001	4.9992
16	16.166700000000002	19.4537	20.043200000000002	16.5024	15.4419	13.1764	20.7679	22.918	17.392	12.3973	18.310200000000002	17.309900000000003	18.3059	29.7389	22.3206	16.6177	0.0	25.3179	24.8007	21.150299999999998	12.9958	25.9321	30.210900000000002	18.2252	2.0171	25.838	13.9934	30.8712	29.3885	24.7803	31.8842	25.2222	23.113400000000002	16.221799999999998	21.4724	1.9613	18.2007	22.2524	25.3475	23.3732	29.4537	25.020599999999998	25.837799999999998	17.5175	31.3206	24.214299999999998	22.655900000000003	18.261	30.900599999999997	27.618599999999997	17.909599999999998	29.6809	18.3443	20.343799999999998	17.6315	23.1282	17.817	19.702099999999998	31.5763	1.4849	25.9715	1.459	33.0034	22.346400000000003	28.3296	17.627200000000002	23.408099999999997	25.6799	24.8597	21.829	27.275599999999997	24.6639	14.6199	18.3863	16.166700000000002
17	8.7938	5.6064	6.6773	10.373899999999999	10.449200000000001	12.719100000000001	5.1556999999999995	9.219899999999999	8.235	12.9825	7.3262	9.7804	12.3651	16.186600000000002	13.4149	13.508700000000001	28.681099999999997	0.0	0.8045	14.591	11.789399999999999	4.9031	16.6586	12.7301	27.3601	7.3105	11.420200000000001	18.2498	7.0281	14.630799999999999	16.9812	4.3449	14.8485	8.849	15.1172	29.1945	19.0063	8.8506	4.6602	11.5605	15.901399999999999	2.7462	5.1713000000000005	9.4714	13.6915	2.0739	12.976	9.8929	17.9158	5.4823	22.7407	16.1285	12.3958	13.8051	22.4625	13.824399999999999	22.6481	10.0245	17.6742	28.042900000000003	14.929200000000002	28.017	16.9298	15.336	14.7772	22.4582	11.4728	1.9315	4.1998999999999995	9.5244	5.9478	11.681899999999999	10.4166	12.2847	8.7938
18	8.312299999999999	5.1248000000000005	6.1958	9.8924	9.9677	12.2376	4.6742	8.7384	7.7534	12.5009	6.844600000000001	9.2989	11.8836	15.705	12.933399999999999	13.0271	28.1995	1.1295	0.0	14.1095	11.307799999999999	4.5661000000000005	16.1771	12.2486	26.8786	6.8289	10.9387	17.7682	8.0935	14.1492	16.4997	4.0079	14.367	8.3675	14.6356	28.713	18.5248	8.369	5.815600000000001	12.5481	15.419799999999999	2.4091	4.8343	8.989799999999999	13.2099	1.2748	12.494399999999999	9.4114	17.4342	6.5477	22.2591	15.647	11.914299999999999	13.3236	21.981	13.342799999999999	22.1665	9.5429	17.192700000000002	27.561400000000003	14.447700000000001	27.5355	16.4483	14.8544	14.2957	21.9767	12.538200000000002	1.5945	5.145899999999999	9.0429	7.013199999999999	14.1123	9.9351	11.8032	8.312299999999999
19	7.9524	11.9547	8.6186	10.8399	5.9129	8.5184	11.8817	6.2116999999999996	7.7126	9.320200000000002	10.1126	5.586	4.4976	27.664099999999998	2.503	5.065600000000001	20.1725	15.0549	14.537700000000001	0.0	7.7173	17.912599999999998	28.1361	4.8721000000000005	18.8515	8.4266	6.6288	8.742799999999999	8.3664	5.215	7.4742	17.354400000000002	3.0914	8.0076	0.3173	20.6859	9.6751	6.6955	17.7746	3.7793	27.3789	15.8174	18.180799999999998	6.0565	7.3105	14.664	2.7005	5.4597	8.4088	9.9094	12.111799999999999	27.606	4.5283	0.9372	11.8337	2.9125	12.019200000000001	5.0241999999999996	8.1672	19.534299999999998	5.906	19.5085	8.1967	2.3244000000000002	26.2547	11.8294	3.8143000000000002	15.906600000000001	17.1049	5.517399999999999	9.011299999999999	5.0986	8.8801	4.4172	7.9524
20	3.2123000000000004	7.4076	6.9237	4.5006	2.4875	0.9298	7.1546	6.4654	4.437600000000001	1.1080999999999999	4.8377	4.355600000000001	3.6323000000000003	23.1206	8.615	4.230300000000001	13.382	11.921899999999999	11.4047	7.6913	0.0	13.8861	23.5927	4.2376000000000005	12.0611	7.5569	1.3628	15.09	11.6048	11.562299999999999	13.821399999999999	13.176200000000001	10.0486	3.2675	8.013399999999999	13.8955	9.962299999999999	6.096	13.3015	9.7499	22.8355	12.9745	13.7917	4.5631	13.010200000000001	11.531	8.8125	5.3066	14.756	9.8349	12.399	23.0626	3.9229000000000003	6.8848	12.120899999999999	9.0245	12.3064	5.8016000000000005	14.5145	12.7439	12.253200000000001	12.718	15.3141	8.867	21.711299999999998	12.1166	9.784799999999999	12.7736	12.813600000000001	5.6245	9.7601	11.4459	2.1262	3.5519000000000003	3.2123000000000004
21	10.7425	6.8241000000000005	9.6392	12.0875	13.411100000000001	13.8879	7.2459	12.181899999999999	11.1969	13.7226	9.197700000000001	12.742299999999998	15.327	13.136	16.3768	16.470599999999997	29.4157	4.860600000000001	5.9686	17.553	12.958200000000001	0.0	13.6081	15.692	28.0947	10.2724	13.4118	20.7297	11.537	17.1107	19.4612	1.1830999999999998	17.8104	10.4671	18.079099999999997	29.9292	21.9682	11.8125	1.4057	15.9915	12.8509	2.6035	0.2622	12.4333	16.1714	3.6118	15.937899999999999	12.8548	20.395799999999998	9.991200000000001	25.702599999999997	13.078	15.357700000000001	16.767	25.424400000000002	16.7863	25.61	12.9864	20.1542	28.7775	17.409200000000002	28.7517	19.4098	18.297900000000002	11.726700000000001	25.4202	15.9817	4.0790999999999995	1.0651	12.4863	10.456700000000001	17.0738	10.9977	15.2466	10.7425
22	20.917	16.940099999999997	19.846799999999998	19.0058	23.1311	24.8934	17.453400000000002	22.389400000000002	21.404400000000003	24.1143	19.6337	22.949900000000003	25.534599999999998	2.5048000000000004	26.584400000000002	26.678099999999997	30.2362	15.956	16.1761	27.7605	22.6689	13.6301	0.0	25.8996	28.915200000000002	20.4799	23.6998	30.9373	21.7445	27.3183	29.6687	12.8751	28.018	20.6415	28.2866	30.7497	34.682199999999995	22.02	13.0114	26.199099999999998	3.4145	13.3265	13.898399999999999	22.6408	26.379	14.325	26.145400000000002	23.0624	30.6033	20.198700000000002	35.796099999999996	0.5301	25.5653	26.9746	35.518	26.9938	35.7035	23.193900000000003	30.3617	29.598	27.6167	29.572200000000002	29.6173	28.5054	2.3321	35.5137	26.1892	15.1745	12.5125	22.693900000000003	20.6642	27.281299999999998	20.7084	25.4542	20.917
23	4.9528	10.0036	6.6675	7.3858999999999995	2.4417	4.1578	9.9305	5.41	5.7615	4.9596	8.1615	2.5854	0.629	25.7129	6.0513	1.3888	17.289900000000003	13.1038	12.5865	4.8809	4.494800000000001	15.9614	26.185	0.0	15.969	6.4755	3.8076999999999996	13.3762	11.4599	9.9307	11.257700000000002	15.4033	6.844	5.008	5.203	17.8034	6.8864	4.7443	15.8235	7.0328	25.427799999999998	13.866299999999999	16.2297	3.4199	13.392	12.7129	6.3051	2.9464	13.4056	9.69	10.594700000000001	25.6549	0.6675	4.0744	10.316600000000001	6.4607	10.5021	5.2553	11.950700000000001	16.651799999999998	11.1219	16.6259	12.691	6.077	24.3036	10.312299999999999	7.067699999999999	13.9555	15.153799999999999	4.3209	9.347	9.8143	4.9792	0.7094	4.9528
24	14.8909	18.1779	23.776400000000002	15.1625	14.1661	11.9007	19.492099999999997	21.2243	16.1162	11.1215	17.0345	16.034200000000002	16.612099999999998	28.045099999999998	20.626900000000003	14.9239	2.0193	24.0422	23.524900000000002	19.456599999999998	11.72	24.6564	28.5172	16.5314	0.0	24.144299999999998	12.717600000000001	29.1775	27.6948	23.015400000000003	30.1904	23.9465	21.4196	14.9461	19.7787	2.5328000000000004	16.507	20.5586	24.0718	21.608400000000003	27.76	23.744799999999998	24.562	16.2417	29.6268	22.9385	21.380200000000002	16.9852	29.206799999999998	25.9249	16.215799999999998	27.987099999999998	16.650599999999997	18.6501	15.937700000000001	21.0364	16.1232	18.426299999999998	29.8825	1.3812	24.2067	1.3553	31.3096	20.6526	26.6358	15.933399999999999	21.6433	24.4042	23.5839	20.1352	25.581799999999998	22.899099999999997	13.3442	16.6925	14.8909
25	4.6983999999999995	4.5106	1.3484	8.1546	6.295100000000001	10.08	4.1941999999999995	2.1679	3.6319	8.8676	3.2155	4.4193	6.1414	20.0577	6.2655	7.285	23.2122	7.3674	6.8502	7.8516	7.6745	10.3062	20.529799999999998	6.506399999999999	21.8912	0.0	7.564100000000001	12.4482	4.7147	8.8292	11.1797	9.7481	7.6991000000000005	4.7536000000000005	7.9677	23.7257	12.7826	2.413	10.168299999999999	5.461600000000001	19.772599999999997	8.13	10.5745	4.0879	7.8899	6.9766	6.462899999999999	4.460100000000001	12.1142	2.9448000000000003	16.517	19.9997	6.1721	6.6556999999999995	16.238799999999998	6.6749	16.424400000000002	3.038	11.8727	22.574	9.1277	22.5482	11.1283	8.1865	18.648400000000002	16.2346	5.410399999999999	8.219100000000001	9.4986	2.8056	2.6018000000000003	8.7923	6.301699999999999	6.061	4.6983999999999995
26	3.5926	6.8418	7.304	4.8808	1.1898	1.6985999999999999	7.5348999999999995	7.8475	4.8179	1.8769	5.217899999999999	3.4432	2.5493	22.5548	8.9952	3.1473	14.1767	12.302100000000001	11.7849	6.6083	1.3002	13.3203	23.0269	3.1546	12.8557	8.913	0.0	15.826600000000001	11.985100000000001	10.167200000000001	14.2017	12.6104	8.571399999999999	3.6477	6.9304	14.6902	8.879299999999999	7.1818	12.735700000000001	8.7601	22.2697	12.408700000000001	13.2259	3.6595	15.8295	11.911299999999999	8.0325	5.6869	15.1362	10.215200000000001	11.316	22.4968	2.8399	5.8018	11.037799999999999	9.4047	11.2234	6.1818	14.8947	13.5385	12.6334	13.5127	14.4184	7.804399999999999	21.1455	11.0336	8.795	13.153799999999999	12.2478	6.7584	10.1403	10.050799999999999	2.5064	2.4689	3.5926
27	12.8265	14.510399999999999	13.5885	15.093	13.1303	16.0567	16.392400000000002	9.885299999999999	11.4722	16.32	16.1894	11.166799999999999	12.054	30.2198	6.7214	12.5929	32.4187	19.6288	19.1115	8.7783	15.1269	20.4683	30.6918	12.4285	31.0977	13.742299999999998	14.101299999999998	0.0	10.0338	4.7871999999999995	1.3047	19.9101	6.1185	12.8817	8.8944	32.932199999999995	16.1178	10.094299999999999	20.330299999999998	5.7892	29.9346	19.1247	20.7366	11.3204	6.0388	18.3184	6.894	10.9429	0.5919	11.576799999999999	16.979200000000002	30.1618	12.084700000000002	8.6883	17.1289	6.52	17.5394	10.050799999999999	1.0342	31.7805	3.803	31.7547	2.2814	7.4621	28.8105	17.3496	5.9354	19.784	19.660700000000002	10.544	10.678700000000001	4.7501999999999995	13.7542	11.973600000000001	12.8265
28	8.8657	8.0074	6.141100000000001	11.6515	10.5211	12.791	6.838100000000001	6.1165	8.3284	13.0543	7.3981	9.604	10.376299999999999	20.782700000000002	6.9482	12.515600000000001	31.2613	6.8304	7.5752	8.3591	11.8613	11.0312	21.2548	11.737	29.9404	5.625	11.4921	9.8931	0.0	5.557300000000001	8.6245	10.4731	6.3453	8.9209	8.475200000000001	31.7748	15.524700000000001	6.3616	10.8933	5.3195	20.4976	8.855	11.2995	9.5648	4.5623000000000005	7.7016	6.441	9.344100000000001	9.5591	2.2736	17.961299999999998	20.724700000000002	10.407	7.610399999999999	17.6832	6.746899999999999	17.8687	6.9867	9.3176	30.6232	6.559399999999999	30.5973	8.5731	7.688899999999999	19.3734	17.678900000000002	5.2318	8.9441	10.223600000000001	6.7543	2.2019	5.441	10.4885	10.2959	8.8657
29	8.6655	10.9939	7.892600000000001	10.812700000000001	9.0961	11.8203	10.482299999999999	5.397	6.9838000000000005	12.0837	8.8309	7.1327	7.905	26.7033	3.1634	8.4438	23.5507	11.5808	12.3256	5.2203	10.890600000000001	16.9518	27.1753	8.2795	22.2297	7.7	10.0671	4.7738000000000005	5.481	0.0	3.5052	16.3936	2.5606	8.3526	5.3365	24.0641	13.0533	5.605899999999999	16.8138	1.5347	26.4181	15.6082	17.22	7.2863	2.5251	12.452	2.7135	6.9087	4.4398	7.024	15.49	26.6452	7.9357	5.1303	15.2119	2.5178000000000003	15.3974	5.2091	4.198300000000001	22.9125	1.3819000000000001	22.8867	3.7481	3.9042	25.2939	15.207600000000001	1.4470999999999998	13.6945	16.1441	5.6386	6.1259	0.1536	9.7132	7.8246	8.6655
30	11.565700000000001	13.249600000000001	12.3277	13.8321	11.8695	14.7958	15.1316	8.6245	10.2114	15.0592	14.928600000000001	9.906	10.7932	28.959	5.4605	11.332	31.6933	18.367900000000002	17.8507	7.517399999999999	13.866100000000001	19.2075	29.431	11.1677	30.372400000000003	12.4815	12.840399999999999	1.3273	8.7729	3.5263	0.0	18.6493	4.8576999999999995	11.6208	7.6336	32.2068	15.3925	8.8334	19.0695	4.5283999999999995	28.6738	17.8639	19.4757	10.0596	4.7779	17.0575	5.6331999999999995	9.6821	0.9933	10.3159	16.2538	28.9009	10.8239	7.4274	16.403599999999997	5.2592	16.814	8.79	0.7517999999999999	31.0552	2.5421	31.0293	1.5469000000000002	6.2013	27.549599999999998	16.624200000000002	4.674600000000001	18.5232	18.3998	9.2832	9.4178	3.4894000000000003	12.4933	10.7128	11.565700000000001
31	10.5038	6.275	9.0901	11.385	12.8621	13.1855	6.6968000000000005	11.6328	10.6478	13.020100000000001	9.2205	12.193299999999999	14.778	12.293899999999999	15.8277	15.9215	28.7132	4.3116	5.4195	17.0039	12.255700000000001	1.1905	12.7659	15.1429	27.3922	9.7233	13.2865	20.1807	10.9879	16.5616	18.9121	0.0	17.261400000000002	10.228299999999999	17.53	29.2267	21.4191	11.263399999999999	0.4457	15.4424	12.008700000000001	2.0544000000000002	1.0962	11.8842	15.622399999999999	3.0628	15.3888	12.3058	19.846700000000002	9.4421	25.1535	12.235899999999999	14.8087	16.218	24.875400000000003	16.2372	25.0609	12.437299999999999	19.6051	28.075	16.8601	28.0492	18.8607	17.7488	10.8846	24.8711	15.4326	3.5301	0.5048	11.9372	9.9076	16.5247	10.295200000000001	14.6976	10.5038
32	7.7744	11.8335	8.497399999999999	10.6693	8.078199999999999	11.0046	11.7605	6.0411	7.3723	11.2679	9.4021	6.1147	6.3782	26.393900000000002	1.6693	6.917	22.0239	12.441600000000001	13.186399999999999	3.1024000000000003	10.0748	16.642400000000002	26.866	6.7527	20.702900000000003	8.305399999999999	9.0492	6.0968	6.3418	2.569	4.8282	16.0843	0.0	7.8296	3.2186	22.5374	11.5266	6.25	16.5045	1.5697999999999999	26.1088	14.4662	16.910700000000002	6.2683	4.6645	13.3128	1.8419	5.8908000000000005	5.7628	7.8848	13.9632	26.335900000000002	6.4089	3.0124	13.6851	1.4679	13.8706	4.9986999999999995	5.521199999999999	21.3857	3.26	21.359900000000003	5.5507	1.7863	24.984599999999997	13.6808	1.6229	14.555299999999999	15.8348	5.491899999999999	6.9867	2.4526	8.702	6.2978000000000005	7.7744
33	0.6924	4.4833	4.0674	3.0641	2.8515	3.8473	4.5634	4.3697	1.9795999999999998	4.110600000000001	2.3344	3.1199	4.5598	20.1963	6.5193	5.0802	16.203200000000002	9.3421	8.8248	8.1054	2.9175	10.434	20.6683	5.1907	14.882200000000001	4.9742	3.3066999999999998	14.1887	10.9333	8.542	12.920200000000001	10.2518	7.9529	0.0	8.2216	16.7167	10.5779	4.0003	10.3771	7.135	19.911099999999998	9.090399999999999	10.7023	2.4674	11.8858	8.9512	6.4177	3.2109	13.854700000000001	7.2551000000000005	13.7771	20.1383	4.8546000000000005	6.9095	13.498899999999999	6.89	13.6845	3.7059	13.6132	15.565	9.7333	15.539200000000001	12.7942	8.4404	18.787	13.4947	7.169899999999999	10.1938	9.889299999999999	3.5288000000000004	7.1802	8.425600000000001	1.5448	4.4795	0.6924
34	8.0688	12.071	8.7349	10.9562	6.235	8.8405	11.998	6.328	7.829	9.642299999999999	10.229	5.7023	4.8197	27.7804	2.6194	5.3877	20.4946	15.1712	14.654	0.3599	8.039399999999999	18.0289	28.2524	5.1941999999999995	19.173599999999997	8.543	6.9509	8.8591	8.4828	5.3313999999999995	7.5905	17.4708	3.2077	8.123899999999999	0.0	21.008	9.997200000000001	6.8118	17.890900000000002	3.8956999999999997	27.4952	15.9338	18.2972	6.1728000000000005	7.4269	14.7804	2.8168	5.5761	8.5251	10.025799999999998	12.4339	27.7224	4.8504	1.2592999999999999	12.155700000000001	3.0289	12.341299999999999	5.1406	8.2836	19.8564	6.0223	19.830599999999997	8.313	2.4406999999999996	26.3711	12.1515	3.9306	16.023	17.2213	5.6337	9.1277	5.215	8.9964	4.7393	8.0688
35	17.096400000000003	20.3834	25.982	17.3681	16.3716	14.106200000000001	21.6977	23.4298	18.3218	13.3271	19.24	18.2397	18.817700000000002	30.250700000000002	22.8324	17.1294	1.7179	26.247700000000002	25.7305	21.6621	13.925600000000001	26.861900000000002	30.7227	18.736900000000002	2.5289	26.3498	14.9231	31.383	29.900299999999998	25.221	32.396	26.152	23.6252	17.1516	21.9842	0.0	18.7125	22.7641	26.2773	23.8139	29.9655	25.950400000000002	26.767599999999998	18.447200000000002	31.8324	25.144	23.5857	19.1907	31.4124	28.1304	18.421400000000002	30.1926	18.856099999999998	20.8556	18.1432	23.2419	18.328799999999998	20.6318	32.088	1.3296	26.4123	1.287	33.5152	22.8581	28.8413	18.138900000000003	23.8488	26.6097	25.7894	22.340700000000002	27.7874	25.104599999999998	15.549700000000001	18.898	17.096400000000003
36	10.610700000000001	16.133399999999998	12.7973	13.0438	8.0996	11.1125	16.060299999999998	11.5398	10.9456	11.914299999999999	12.2384	8.4895	6.9493	34.0794	12.6287	5.8415	16.4374	19.2336	18.7163	11.4584	11.4495	22.0913	34.5514	6.8218000000000005	15.1165	12.6053	10.7624	14.1415	17.4076	15.0172	15.154399999999999	21.533099999999997	13.4214	10.665899999999999	11.7804	16.9509	0.0	10.8741	21.9533	13.6102	33.7942	19.9961	22.3595	9.3241	16.964599999999997	18.8427	12.8826	8.8506	14.1708	15.819799999999999	1.5527	34.021300000000004	6.9877	10.6519	1.2746	13.038200000000002	1.4601	11.3851	14.8465	15.799299999999999	16.2085	15.773399999999999	16.2737	9.9456	32.67	1.2703	13.645100000000001	20.0853	21.2836	10.450700000000001	15.476799999999999	14.900799999999998	12.976600000000001	7.0296	10.610700000000001
37	3.0169	6.0253000000000005	2.3872	5.9702	4.4846	8.424	5.6503000000000005	0.7271	1.7811	7.0167	3.6281	3.0239000000000003	4.485399999999999	21.5138	4.707	5.629	21.5562	8.8235	8.306299999999998	6.293100000000001	5.823600000000001	11.7624	21.9859	4.8504	20.2352	2.197	8.0739	9.9085	6.2835	5.5118	8.639899999999999	11.2042	6.1406	3.0721	6.4092	22.0697	11.1266	0.0	11.6244	4.1908	21.2287	9.5861	12.0306	2.2525	9.4137	8.4327	4.1582	2.2323000000000004	9.5745	4.5136	14.861	21.4558	4.516100000000001	5.0972	14.582799999999999	5.1165	14.7684	1.6227	9.3329	20.9181	6.7031	20.8922	9.7074	6.628100000000001	20.1045	14.5786	4.139600000000001	9.6753	10.9547	0.6856	4.1705	5.3953999999999995	4.4508	4.405	3.0169
38	10.6295	6.6526000000000005	9.299299999999999	11.5107	12.8435	13.311200000000001	6.906	11.841899999999999	10.857	13.1458	9.346200000000001	12.4024	14.9871	12.4196	16.0369	16.1307	28.838900000000002	4.5207	4.2603	17.213	12.3814	1.4130999999999998	12.8916	15.3521	27.5179	9.9325	13.4122	20.3898	11.197	16.770799999999998	19.121299999999998	0.4457	17.4705	10.354	17.7392	29.352400000000003	21.6283	11.4726	0.0	15.6516	12.1344	2.2636	1.3188	12.093399999999999	15.8315	3.2719	15.598	12.514899999999999	20.055799999999998	9.651299999999999	25.3627	12.361600000000001	15.0178	16.4271	25.0845	16.4464	25.2701	12.6465	19.8143	28.2007	17.0693	28.1749	19.0698	17.958	11.010299999999999	25.0802	15.6418	3.7392	0.596	12.1464	10.1168	16.7338	10.4209	14.9067	10.6295
39	7.3031999999999995	9.822799999999999	6.4874	9.4505	7.5998	10.4581	10.3175	3.9918	5.578600000000001	10.7214	7.4257	5.6364	6.4087	25.368299999999998	1.9362000000000001	6.9475	22.054299999999998	11.416	12.1608	3.9931	9.5283	15.6169	25.840400000000002	6.7832	20.733400000000003	6.2948	8.570799999999998	6.0745	5.3163	1.7888	4.806	15.0587	1.8067	6.990399999999999	4.1091999999999995	22.5678	11.557	4.200699999999999	15.4789	0.0	25.0832	13.4406	15.8851	5.789899999999999	3.934	12.2872	1.025	5.4124	5.7405	6.8591999999999995	13.9937	25.310299999999998	6.4394	3.6428000000000003	13.7155	1.2984	13.9011	3.7128	5.499	21.4162	2.9800999999999997	21.3903	5.5283999999999995	2.6769000000000003	23.959	13.7113	0.4167	13.5298	14.8092	3.8102	5.9611	1.6724	8.351	6.3283000000000005	7.3031999999999995
40	20.7332	16.756400000000003	19.663	18.822	22.9473	24.7097	17.2697	22.205599999999997	21.2207	23.9306	19.45	22.766099999999998	25.3508	2.321	26.400599999999997	26.494400000000002	30.052400000000002	15.772200000000002	15.9924	27.576700000000002	22.4852	13.446399999999999	1.5964	25.715799999999998	28.7315	20.296200000000002	23.516	30.7535	21.5607	27.1345	29.485	12.6913	27.8342	20.4578	28.1029	30.565900000000003	34.4985	21.836299999999998	12.8276	26.0153	0.0	13.142700000000001	13.7146	22.457099999999997	26.1952	14.1413	25.9617	22.8786	30.4195	20.015	35.6124	1.0919	25.3815	26.7908	35.334199999999996	26.8101	35.519800000000004	23.0102	30.178	29.4143	27.433	29.3884	29.4336	28.3217	2.1484	35.33	26.0055	14.9907	12.3288	22.510099999999998	20.4805	27.0976	20.5247	25.270400000000002	20.7332
41	9.623	5.4738999999999995	7.506399999999999	10.2414	11.2783	12.91	5.9849	10.049100000000001	9.0641	12.7446	8.1553	10.6095	13.1942	12.8654	14.244	14.3378	28.5485	2.7231	2.4627	15.420200000000001	11.9802	2.532	13.3375	13.5592	27.2276	8.1396	12.0616	19.3795	9.404200000000001	15.7605	18.111	1.9739	15.6776	9.6781	15.946299999999999	29.062	19.8354	9.6797	2.2891999999999997	13.8587	12.5803	0.0	2.8003	10.3005	14.821200000000001	1.4743	13.8051	10.722	19.0455	7.8584	23.5698	12.8074	13.2249	14.6342	23.2916	14.6535	23.4772	10.8536	18.804	27.910400000000003	16.059	27.8845	18.0596	16.1651	11.456100000000001	23.2874	13.8489	1.9416	1.8289000000000002	10.3535	8.3239	15.723600000000001	10.2996	13.1138	9.623
42	11.0182	7.0998	9.9149	11.9932	13.6868	13.7936	7.5216	12.457600000000001	11.4726	13.628200000000001	9.4735	13.018	15.6027	13.4118	16.6525	16.746299999999998	29.3213	5.1363	6.2443	17.8287	12.8638	0.2622	13.883799999999999	15.9677	28.000400000000003	10.5481	13.6875	21.0055	11.812700000000001	17.386400000000002	19.736900000000002	1.0887	18.0861	10.742799999999999	18.3548	29.834799999999998	22.2439	12.0882	1.3113	16.2672	13.1266	2.8792	0.0	12.709	16.4471	3.8876	16.2136	13.1305	20.6715	10.2669	25.9783	13.3537	15.6335	17.0428	25.700200000000002	17.062	25.8857	13.2621	20.4299	28.6832	17.684900000000003	28.6573	19.6855	18.5736	12.0024	25.6959	16.2574	4.3548	0.9707	12.762	10.7324	17.3495	10.9033	15.5224	11.0182
43	2.5517	6.9596	3.5031999999999996	4.998600000000001	2.4271	5.7818000000000005	6.3933	2.8423000000000003	2.2315	6.0451999999999995	4.179399999999999	0.6981	2.4021	22.2568	4.3072	3.5943	18.516299999999998	9.5665	9.049299999999999	5.8933	4.8521	12.5053	22.7288	2.7765999999999997	17.195400000000003	4.0964	3.3981	10.782200000000001	9.2519	7.2545	9.5136	11.9472	5.7408	2.6068000000000002	6.0095	19.029799999999998	9.092	2.2266	12.367299999999998	5.4421	21.9716	10.329	12.7736	0.0	8.8089	9.175600000000001	4.5047	0.61	10.4482	6.703399999999999	12.823	22.1988	2.4328000000000003	4.6974	12.544799999999999	4.7166999999999994	12.7304	1.9779	10.206700000000001	17.8782	7.945399999999999	17.8523	10.2361	6.2283	20.8475	12.5406	5.477	10.4182	11.697700000000001	1.8008	6.360399999999999	7.1381000000000006	3.4793000000000003	2.3217	2.5517
44	13.129299999999999	10.167	9.2452	13.811	15.899700000000001	16.339100000000002	12.049	6.9725	8.559299999999999	16.5622	11.846	8.8764	9.648700000000002	25.8764	5.2333	14.8468	32.1182	11.0534	11.798200000000001	7.2902	15.4093	16.1249	26.3484	14.068200000000001	30.7972	9.3989	15.7986	6.583399999999999	4.7361	2.4119	5.3149	15.5667	4.6305	12.8538	7.4064	32.6317	14.7971	7.1814	15.9869	3.7561	25.5912	14.7813	16.3932	9.03	0.0	13.975	5.406	8.6165	6.2494	6.4967	17.233700000000002	25.8184	9.6794	6.8828000000000005	16.955599999999997	5.032	17.141099999999998	7.4235	6.007899999999999	31.48	2.7104	31.4542	5.2634	5.9741	24.4671	16.9513	3.6684	15.4406	15.3173	7.2141	5.4001	2.375	11.6156	9.568299999999999	13.129299999999999
45	8.488	4.7106	6.3713999999999995	9.4781	10.1434	12.4133	4.8499	8.914100000000001	7.9291	12.6766	7.0203	9.4745	12.0592	13.824	13.109	13.2028	27.7852	2.1721999999999997	1.2683	14.285200000000001	11.4835	3.5414	14.296	12.4242	26.464299999999998	7.0046	11.1143	17.943900000000003	8.269200000000001	14.3249	16.6753	2.9833000000000003	14.5427	8.5431	14.8113	28.2987	18.700400000000002	8.5447	3.2986	12.723700000000001	13.538799999999998	1.3845	3.8097	9.1655	13.3856	0.0	12.6701	9.587	17.609900000000003	6.7234	22.4348	13.766	12.09	13.4993	22.1567	13.5185	22.342200000000002	9.7186	17.3684	27.1471	14.623299999999999	27.1212	16.623900000000003	15.030100000000001	12.4147	22.1524	12.713899999999999	1.4698	2.8383000000000003	9.2185	7.188899999999999	14.2879	10.110700000000001	11.9789	8.488
46	6.798	10.828100000000001	7.255	8.945200000000002	6.8358	9.7622	10.5181	4.0546999999999995	5.7104	10.0255	8.453700000000001	4.8723	5.873399999999999	26.5411	0.4245	6.4121999999999995	21.519099999999998	11.996	13.174100000000001	2.717	8.8324	16.549	27.0132	6.2479	20.1981	7.063	7.8068	6.8995	5.896199999999999	2.708	5.6309	15.9908	1.8580999999999999	6.4851	2.8331999999999997	22.0325	11.021700000000001	4.2636	16.7219	1.3009000000000002	26.2559	14.453899999999999	16.8173	5.0259	4.8532	13.3005	0.0	4.6484	6.5655	7.4392	13.4584	26.4831	5.904100000000001	2.9164	13.180299999999999	0.3715	13.3658	3.7563	6.324	20.8809	4.0626999999999995	20.8551	6.3534	2.3456	25.1318	13.176	1.3359	14.543	15.7414	4.2495	6.5411	2.5916	7.8457	5.793	6.798
47	2.6054	7.0133	3.2451999999999996	5.3339	3.3734	5.8356	6.2621	2.5843000000000003	2.0953000000000004	6.0988999999999995	4.2331	0.9615	2.6655	22.125700000000002	4.2998	3.8578	19.014200000000002	9.4354	8.9181	5.8858999999999995	4.9058	12.3742	22.5977	3.04	17.6933	3.8383000000000003	3.896	10.774799999999999	9.2047	7.247	9.506200000000002	11.816	5.7334	2.6605	6.002	19.5277	9.3554	1.9686	12.2362	5.434699999999999	21.8405	10.197899999999999	12.6425	0.9993	8.761700000000001	9.0445	4.4973	0.0	10.4408	6.445399999999999	13.0865	22.067700000000002	2.6963000000000004	4.69	12.8083	4.7093	12.9939	1.7198	10.199200000000001	18.376099999999997	7.938	18.3502	11.0655	6.220899999999999	20.7164	12.804	5.469600000000001	10.2871	11.566600000000001	1.5427	6.102399999999999	7.1307	3.533	2.5852	2.6054
48	12.5054	14.1893	13.2674	14.771799999999999	12.8092	15.7356	16.0713	9.564200000000001	11.1511	15.998899999999999	15.8683	10.8457	11.732899999999999	29.8987	6.4002	12.271700000000001	32.2188	19.307599999999997	18.7904	8.4571	14.8058	20.1472	30.3707	12.1074	30.8978	13.4212	13.780100000000001	0.5684	9.7126	4.466	0.9836	19.589	5.7974	12.5605	8.5733	32.7323	15.9179	9.773100000000001	20.0092	5.468100000000001	29.6135	18.8036	20.4154	10.9993	5.7176	17.9972	6.5729	10.621799999999999	0.0	11.255600000000001	16.7793	29.8406	11.7636	8.3671	16.929	6.1989	17.3395	9.729700000000001	0.6757000000000001	31.580599999999997	3.4818000000000002	31.5548	2.0815	7.141	28.4893	17.1497	5.6143	19.4629	19.3395	10.2229	10.3575	4.4291	13.433	11.6525	12.5054
49	6.9997	6.1414	4.2751	9.7855	8.655100000000001	10.925	4.9721	4.2505	6.4624	11.1883	5.532100000000001	8.0445	9.506	19.517799999999998	8.36	10.6496	28.092599999999997	5.5655	6.3102	9.7708	9.995299999999999	9.7663	19.9898	9.871	26.7716	3.759	9.626100000000001	11.928600000000001	2.1988000000000003	6.9691	10.66	9.2081	7.7571	7.0549	9.887	28.606099999999998	16.1472	4.4956000000000005	9.6283	6.731199999999999	19.232599999999998	7.59	10.034600000000001	7.6988	6.2062	6.4366	7.8527	6.205	11.5946	0.0	19.8816	19.4597	9.536700000000002	9.022200000000002	19.6034	8.1586	19.789	5.1207	11.353	27.4544	8.1604	27.4286	10.534	9.100700000000002	18.108400000000003	19.5991	6.6436	7.6792	8.9586	4.8883	0.7995	6.8527	8.6225	9.425600000000001	6.9997
50	13.6645	17.4429	14.1068	15.9196	11.1534	11.681	17.369799999999998	12.8493	13.9994	12.4828	15.292200000000001	9.799	8.258799999999999	34.6479	13.1972	7.1509	17.0059	20.5431	20.0258	12.0269	12.0181	23.4008	35.1199	8.1313	15.685	13.9148	11.3309	14.8788	17.9761	15.585799999999999	15.8918	22.842599999999997	13.99	13.719700000000001	12.349	17.5194	1.6339000000000001	12.1836	23.2628	14.178700000000001	34.3627	21.3056	23.669	12.6547	17.533099999999997	20.1522	13.4511	10.1601	14.9082	17.1293	0.0	34.5899	8.2972	11.2204	0.4735	13.6067	0.4177	12.836200000000002	15.5839	16.3678	16.777099999999997	16.3419	17.011	13.2229	33.2385	0.49510000000000004	14.2136	21.3948	22.5931	11.760200000000001	16.7863	15.4694	13.5451	8.3391	13.6645
51	20.3869	16.4101	19.3167	18.4757	22.601	24.363400000000002	16.9234	21.859299999999998	20.8744	23.5842	19.1037	22.4198	25.0045	1.9747000000000001	26.054299999999998	26.1481	29.7061	15.4259	15.6461	27.230400000000003	22.138900000000003	13.100100000000001	0.5301	25.3695	28.3852	19.949900000000003	23.169700000000002	30.4072	21.2144	26.7882	29.1386	12.345	27.4879	20.1115	27.7565	30.2196	34.1522	21.49	12.4813	25.669	2.9101	12.7964	13.3683	22.110799999999998	25.8489	13.7949	25.6154	22.5323	30.0732	19.6687	35.2661	0.0	25.0352	26.4445	34.9879	26.4638	35.1735	22.6639	29.8317	29.068	27.086599999999997	29.042099999999998	29.0872	27.9754	1.802	34.983599999999996	25.659200000000002	14.6444	11.9824	22.1638	20.1342	26.7512	20.1784	24.9241	20.3869
52	4.4974	9.8322	6.4961	6.9305	1.9863	4.0987	9.7592	5.2387	4.832199999999999	4.9005	6.125100000000001	2.2601	0.1195	25.5416	5.7684	1.2786	17.2308	12.9324	12.4152	4.5981000000000005	3.7906	15.7901	26.0137	0.48919999999999997	15.9099	6.3042	2.7020999999999997	13.351799999999999	10.5474	8.157	10.9748	15.232	6.5611999999999995	4.5525	4.9201999999999995	17.7443	6.7762	4.573	15.6521	6.749899999999999	25.256400000000003	13.695	16.0584	3.0946	13.2207	12.5416	6.0223	2.6212	13.3811	9.5187	10.5356	25.4836	0.0	3.7916	10.2575	6.177899999999999	10.443	3.989	11.6679	16.5927	9.3483	16.5668	12.4082	5.7942	24.1323	10.253200000000001	6.7848999999999995	13.7842	14.9825	4.1496	9.1757	8.0406	4.5238000000000005	0.1999	4.4974
53	6.7012	10.7992	7.463100000000001	9.6925	5.1064	7.7119	10.7261	5.0643	6.5571	8.5137	8.9571	4.3796	3.6911	26.5085	2.815	4.2591	19.366	13.8994	13.382100000000001	0.9372	6.9108	16.757	26.9806	4.0656	18.045	7.271100000000001	5.8223	8.7651	7.5939	5.2374	7.4966	16.1989	3.1138000000000003	6.7563	1.2592999999999999	19.8794	8.8686	5.2732	16.6191	3.7965	26.2234	14.6619	17.025299999999998	4.901	7.1509	13.5085	3.0689	4.3042	8.4312	9.136899999999999	11.305299999999999	26.4505	3.7218	0.0	11.0272	3.2245	11.2127	3.8768000000000002	8.1896	18.7278	5.9283	18.702	9.454799999999999	2.3467	25.0992	11.0229	3.8314	14.751100000000001	15.949399999999999	4.37	8.2388	5.121	7.6288	3.6107	6.7012
54	13.191	16.9693	13.6332	15.446	10.6799	11.2075	16.8963	12.3758	13.5259	12.0093	14.818700000000002	9.3255	7.7852	34.1743	12.723700000000001	6.6774	16.532400000000003	20.0695	19.5523	11.5534	11.5445	22.9272	34.6464	7.6578	15.2115	13.4413	10.8574	14.9774	17.502599999999997	15.112200000000001	15.9904	22.3691	13.516399999999999	13.2462	11.875399999999999	17.045900000000003	1.1602999999999999	11.7101	22.7892	13.705200000000001	33.889199999999995	20.832099999999997	23.1955	12.1811	17.0596	19.6787	12.9776	9.6866	15.0068	16.6558	0.9987999999999999	34.1163	7.8237	10.746799999999999	0.0	13.1332	0.9062	12.3627	15.6825	15.8943	16.3035	15.8684	17.109599999999997	12.7494	32.765	0.7163999999999999	13.7401	20.921200000000002	22.1196	11.286700000000002	16.3127	14.9958	13.0716	7.865600000000001	13.191
55	6.8424	10.9015	7.5653999999999995	9.315	7.146199999999999	10.0726	10.8285	5.109100000000001	6.440300000000001	10.335899999999999	8.4701	5.1827	6.2843	26.6109	0.7373	6.8231	21.93	14.001700000000001	13.4845	3.0274	9.1428	16.8594	27.082900000000002	6.6588	20.609	7.373399999999999	8.1172	6.5183	6.3991999999999996	2.4969	5.2497	16.3012	1.4769	6.897600000000001	3.1435999999999997	22.4434	11.4326	5.318	16.721400000000003	1.0899	26.3257	14.764299999999999	17.1277	5.3363000000000005	5.086	13.610899999999999	0.3715	4.9588	6.1843	7.9422	13.869299999999999	26.5529	6.315	3.2268000000000003	13.5911	0.0	13.7767	4.0667	5.942699999999999	21.2918	3.6815	21.265900000000002	5.9722	1.9643	25.2016	13.5869	1.1248	14.853399999999999	16.0518	4.5599	7.0441	2.3805	7.77	6.2039	6.8424
56	13.8976	17.675900000000002	14.339799999999999	16.1526	11.3865	11.914100000000001	17.6029	13.0824	14.2325	12.7159	15.5253	10.0321	8.4918	34.881	13.430299999999999	7.384	17.239	20.7761	20.2589	12.26	12.251100000000001	23.6338	35.353	8.3644	15.9181	14.1479	11.564	15.2682	18.2092	15.8188	16.281200000000002	23.0757	14.223	13.9528	12.5821	17.7525	1.867	12.4167	23.4958	14.4118	34.595800000000004	21.538700000000002	23.902099999999997	12.8877	17.7662	20.3853	13.6842	10.3932	15.297600000000001	17.3624	0.5535	34.822900000000004	8.530299999999999	11.4535	0.7066	13.839799999999999	0.0	13.0693	15.9732	16.600900000000003	17.010099999999998	16.575	17.4004	13.456	33.471599999999995	0.7282000000000001	14.4467	21.6279	22.8262	11.9933	17.019299999999998	15.7025	13.7782	8.5722	13.8976
57	3.4341999999999997	6.8932	3.5576999999999996	5.8762	4.3933	6.6644	6.6433	1.5540999999999998	2.4764	6.9277	4.3235	2.207	4.2334	22.5068	3.9385	5.377	21.3042	9.8165	9.299299999999999	5.5246	5.7346	12.7553	22.9788	4.5984	19.9832	3.3651	5.3643	10.4135	7.9356	5.6005	9.1449	12.1972	5.3721000000000005	3.4894000000000003	5.6408000000000005	21.817700000000002	10.874600000000001	1.2711	12.617299999999998	4.2796	22.2216	10.579	13.0236	1.7333	7.0739	9.425600000000001	4.136	1.5854000000000001	10.0795	4.929600000000001	14.609	22.4488	4.2641	4.3286999999999995	14.3308	4.348	14.516399999999999	0.0	9.838	20.666	6.7918	20.6402	9.7962	5.8596	21.0975	14.3265	4.2284	10.6682	11.947700000000001	0.5095	4.5865	5.4841999999999995	4.3618999999999994	4.153	3.4341999999999997
58	11.9594	13.6433	12.7215	14.2259	12.263200000000001	15.1896	15.5253	9.0183	10.6051	15.4529	15.322299999999998	10.2998	11.187	29.352700000000002	5.8543	11.7258	32.0162	18.7617	18.2445	7.9112	14.259799999999998	19.601200000000002	29.8248	11.5615	30.6952	12.8753	13.234200000000001	1.0342	9.1667	3.9200999999999997	0.4377	19.0431	5.251399999999999	12.0146	8.0274	32.5297	15.7153	9.2272	19.4632	4.9221	29.0675	18.2576	19.8695	10.453299999999999	5.1716999999999995	17.4513	6.027	10.0758	0.9342999999999999	10.709700000000002	16.576700000000002	29.294700000000002	11.2177	7.8212	16.7264	5.653	17.1369	9.1838	0.0	31.378	2.9359	31.3522	1.9405999999999999	6.5951	27.9434	16.9471	5.0684	18.917	18.793599999999998	9.6769	9.8116	3.8830999999999998	12.8871	11.1066	11.9594
59	16.1489	19.4359	25.0344	16.4205	15.424100000000001	13.158700000000001	20.7501	22.482200000000002	17.374200000000002	12.3795	18.2924	17.292099999999998	17.870099999999997	29.303099999999997	21.884900000000002	16.1819	0.6381	25.300099999999997	24.7829	20.7145	12.978	25.9144	29.7751	17.7894	1.5813	25.4022	13.9756	30.4355	28.9527	24.273400000000002	31.448400000000003	25.2044	22.677599999999998	16.204	21.0366	1.1516	17.765	21.816599999999998	25.3297	22.866400000000002	29.0179	25.0028	25.82	17.4997	30.8848	24.1965	22.638099999999998	18.2432	30.4648	27.1828	17.4738	29.245099999999997	17.9086	19.908	17.195700000000002	22.2943	17.3812	19.6843	31.1405	0.0	25.4647	0.3394	32.5676	21.9106	27.8938	17.1914	22.9013	25.6621	24.841900000000003	21.3932	26.8398	24.157	14.6021	17.9505	16.1489
60	9.967600000000001	11.1723	10.2505	12.234	10.2713	13.197700000000001	13.0543	6.5805	8.167300000000001	13.461	12.851299999999998	8.3079	9.0885	26.881700000000002	3.8624	9.6273	24.7342	12.764299999999999	13.5091	5.9193	12.268	17.130200000000002	27.3537	9.463	23.4132	10.4043	11.242299999999998	3.8013000000000003	6.6645	1.3740999999999999	2.5326999999999997	16.5721	3.2595	10.0227	6.0355	25.247700000000002	14.236799999999999	6.7894	16.9922	2.7182	26.5965	15.7866	17.3985	8.4615	2.7035	14.9803	4.0351	8.084	3.4673000000000003	8.2075	16.6735	26.823700000000002	9.119200000000001	5.8293	16.395400000000002	3.6611	16.5809	7.1918999999999995	3.2258	24.096	0.0	24.0702	2.936	4.6032	25.4724	16.391099999999998	2.6306	16.446	16.3226	6.822100000000001	7.309399999999999	1.3371	10.8952	9.0081	9.967600000000001
61	15.8095	19.0965	24.695	16.0811	15.084700000000002	12.8193	20.410700000000002	22.142799999999998	17.0348	12.0401	17.953	16.9527	17.5307	28.9637	21.5455	15.8425	1.3708	24.9607	24.4435	20.3751	12.6386	25.575	29.4357	17.45	1.242	25.0628	13.6362	30.0961	28.6133	23.934	31.109	24.865	22.3382	15.864600000000001	20.697200000000002	1.5017	17.4256	21.4772	24.990299999999998	22.527	28.6785	24.663400000000003	25.4806	17.1603	30.5454	23.8571	22.2988	17.9038	30.125400000000003	26.843400000000003	17.134400000000003	28.9057	17.569200000000002	19.5686	16.8563	21.954900000000002	17.0418	19.344900000000003	30.801099999999998	0.3501	25.1253	0.0	32.2282	21.5712	27.5544	16.852	22.5619	25.3227	24.5025	21.0538	26.500400000000003	23.8176	14.2627	17.611099999999997	15.8095
62	11.476600000000001	12.7203	11.7985	13.743	11.780299999999999	14.706700000000001	14.6024	8.5354	10.1223	14.9701	14.399299999999998	9.8169	10.7041	28.4297	5.3713999999999995	11.242899999999999	32.0039	17.8387	17.3215	7.4283	13.777	18.6782	28.901799999999998	11.0786	30.6829	11.9523	12.751299999999999	2.0490999999999997	8.0908	3.4372	0.7806000000000001	18.120099999999997	4.7686	11.5317	7.5445	32.5174	15.703100000000001	8.744299999999999	18.5403	4.4393	28.144599999999997	17.3347	18.9465	9.9705	4.2486999999999995	16.528299999999998	5.5441	9.593	1.7150999999999998	10.226799999999999	16.564400000000003	28.3717	10.7348	7.3383	16.7141	5.170100000000001	17.124599999999997	8.700899999999999	1.4735999999999998	31.3657	2.142	31.3399	0.0	6.1122	27.020400000000002	16.9348	4.5855	17.994	17.8706	9.194	9.328700000000001	3.4003	12.404200000000001	10.623700000000001	11.476600000000001
63	6.9394	10.9417	7.605600000000001	9.8269	6.0073	8.5836	10.8686	5.198600000000001	6.6996	9.385399999999999	9.0996	4.573	4.5919	26.651	1.49	5.1307	20.237599999999997	14.0419	13.5246	1.3162	8.293299999999999	16.8996	27.123099999999997	4.966399999999999	18.9166	7.413600000000001	6.7231000000000005	7.7859	7.3534	4.258100000000001	6.5173000000000005	16.3414	2.1345	6.9946	1.4323	20.751099999999997	9.7403	5.6823999999999995	16.761599999999998	2.8225	26.3659	14.8044	17.1678	5.0435	6.3536	13.651	1.6875	4.4467	7.451899999999999	8.8964	12.1769	26.593	4.6226	1.2261	11.8988	1.8995	12.084299999999999	4.0112	7.2103	19.599400000000003	4.9491000000000005	19.5736	7.2398	0.0	25.2417	11.8945	2.8574	14.893600000000001	16.0919	4.5043	7.9983	4.1418	7.867100000000001	4.5115	6.9394
64	18.7422	14.7653	17.672	16.831	20.9563	22.718700000000002	15.2787	20.214599999999997	19.229599999999998	21.9395	17.4589	20.7751	23.3598	2.213	24.409599999999998	24.5033	28.061400000000003	13.7812	14.001299999999999	25.5857	20.4941	11.4553	2.685	23.7248	26.7404	18.3051	21.525	28.7625	19.5697	25.1435	27.4939	10.700299999999999	25.8432	18.4667	26.1118	28.574900000000003	32.507400000000004	19.845200000000002	10.8366	24.0243	1.9278	11.1517	11.723600000000001	20.466	24.2042	12.1502	23.9707	20.8876	28.4285	18.0239	33.621300000000005	2.1549	23.3905	24.799799999999998	33.343199999999996	24.8191	33.5287	21.019099999999998	28.1869	27.4232	25.4419	27.3974	27.4425	26.330599999999997	0.0	33.3389	24.014400000000002	12.9997	10.3377	20.519099999999998	18.4894	25.1065	18.5336	23.279400000000003	18.7422
65	13.472299999999999	17.2506	13.9145	15.7273	10.961200000000002	11.4888	17.177599999999998	12.657	13.8072	12.2906	15.1	9.6068	8.0665	34.4556	13.005	6.958699999999999	16.8137	20.3508	19.833599999999997	11.8346	11.8258	23.2085	34.927699999999994	7.939100000000001	15.492700000000001	13.7225	11.1387	15.258700000000001	17.783900000000003	15.3935	16.2717	22.650299999999998	13.7977	13.5275	12.1567	17.3272	1.4416	11.9914	23.0705	13.9865	34.1705	21.113400000000002	23.4768	12.462399999999999	17.3409	19.96	13.258799999999999	9.9679	15.2881	16.937099999999997	0.4228	34.3976	8.105	11.0281	0.2813	13.4145	0.3302	12.644	15.963799999999999	16.1755	16.584799999999998	16.1497	17.390900000000002	13.030700000000001	33.0463	0.0	14.0214	21.2025	22.4009	11.568	16.594	15.2771	13.3529	8.1469	13.472299999999999
66	7.2184	9.781	6.4455	9.3657	7.649100000000001	10.373299999999999	10.2756	3.9499	5.5368	10.6366	7.3838	5.6856	6.4578999999999995	25.3265	2.0374	6.9967	22.1036	11.3742	12.1189	4.0943000000000005	9.4435	15.575	25.7985	6.8324	20.7826	6.2528999999999995	8.6201	6.2098	5.2744	1.7643	4.9412	15.0168	1.908	6.905600000000001	4.2105	22.617099999999997	11.6063	4.1588	15.437	0.4433	25.0413	13.398700000000002	15.8433	5.8392	3.9095	12.245299999999999	1.1262	5.4616999999999996	5.8758	6.817399999999999	14.0429	25.2685	6.4886	3.692	13.7648	1.3996	13.950299999999999	3.7620999999999998	5.6342	21.465400000000002	2.9556	21.4396	5.321899999999999	2.7782	23.9172	13.7605	0.0	13.4879	14.7674	4.1915	5.9193	1.6479000000000001	8.266200000000001	6.3775	7.2184
67	9.496	6.1501	7.3795	10.9176	11.151399999999999	13.421299999999999	5.8579	9.9221	8.9372	13.6846	8.0284	10.4826	13.0673	14.6809	14.1171	14.210899999999999	29.2248	1.8549	1.4412	15.2932	12.4915	4.045	15.153	13.4323	27.9038	8.0126	12.122399999999999	18.952	9.2772	15.3329	17.683400000000002	3.4868	15.5507	9.551200000000001	15.8193	29.7383	19.7085	9.552700000000002	3.8021	13.7318	14.3958	1.8881	4.3132	10.1735	14.393600000000001	1.4698	13.6782	10.5951	18.618	7.7314	23.4428	14.6229	13.098	14.507299999999999	23.1647	14.5266	23.3502	10.726600000000001	18.3764	28.586599999999997	15.6314	28.5608	17.632	16.0381	13.271600000000001	23.160400000000003	13.7219	0.0	3.3418	10.226600000000001	8.197	15.296	11.118799999999998	12.9869	9.496
68	10.141200000000001	6.1643	8.839	11.0225	12.3552	12.822899999999999	6.4456999999999995	11.3817	10.396700000000001	12.6575	8.857899999999999	11.9421	14.5268	11.931299999999998	15.576600000000001	15.670399999999999	28.3506	4.0604000000000005	3.8	16.7528	11.8931	1.0725	12.4034	14.8918	27.029700000000002	9.4722	12.9239	19.9295	10.736799999999999	16.3105	18.661	0.3798	17.0102	9.8657	17.2789	28.864099999999997	21.168	11.0123	0.596	15.1913	11.6462	1.8033	0.9782000000000001	11.6331	15.3712	2.8116	15.1377	12.0546	19.595599999999997	9.191	24.9024	11.873299999999999	14.5575	15.9668	24.624200000000002	15.9861	24.8098	12.186200000000001	19.354	27.7125	16.609	27.6866	18.609599999999997	17.497700000000002	10.522	24.62	15.1815	3.2789	0.0	11.6861	9.6565	16.273600000000002	9.9326	14.446399999999999	10.141200000000001
69	3.0834	6.7357	3.4002	6.0728	6.272399999999999	8.0145	6.5154	1.4427999999999999	2.4915	8.8163	4.3385	2.6144000000000003	4.0759	22.3789	4.0355	5.219399999999999	21.1466	9.688600000000001	9.1714	5.6216	5.9312	12.6274	22.850900000000003	4.4408	19.8257	3.2076	7.6644	10.5105	7.9399	5.6048	9.2419	12.0693	5.4691	3.1385	5.7378	21.6601	10.717	1.1135	12.4894	4.2838	22.093700000000002	10.4511	12.895700000000001	1.9299000000000002	7.0782	9.2977	4.233	1.8364	10.1765	4.8704	14.4514	22.3209	4.1066	4.4257	14.1733	4.445	14.358799999999999	0.9344	9.934899999999999	20.5085	6.7961	20.482599999999998	9.8005	5.956600000000001	20.9696	14.169	4.2326999999999995	10.540299999999998	11.819799999999999	0.0	4.527399999999999	5.4883999999999995	4.5585	3.9955	3.0834
70	6.914	5.823300000000001	3.957	9.4674	8.5694	10.8393	4.8864	3.9324	6.3767	11.1026	5.4464	7.7264	9.187899999999999	20.0033	7.5788	10.3315	27.7745	6.051	6.7958	8.989700000000001	9.9095	10.2518	20.4754	9.5529	26.4535	3.4409	9.5404	11.1474	2.2192	6.1879	9.8789	9.693700000000002	6.975899999999999	6.9692	9.105799999999999	28.288	15.8291	4.1775	10.1139	5.9501	19.7182	8.0756	10.520100000000001	7.613	5.2315	6.9222	7.0715	5.8869	10.8134	0.8094	19.5635	19.9453	9.2186	8.241	19.2853	7.3774	19.4709	4.8026	10.5719	27.1363	7.3792	27.1105	9.7529	8.3195	18.594	19.281	5.8624	8.1647	9.4442	4.5702	0.0	6.0716	8.5368	9.1075	6.914
71	8.549100000000001	10.9569	7.7762	10.696399999999999	8.979700000000001	11.704	10.3659	5.280600000000001	6.8675	11.9673	8.7145	7.0163	7.788600000000001	26.6663	3.0471	8.327399999999999	23.4343	11.4644	12.209200000000001	5.104	10.7742	16.9148	27.1383	8.1631	22.1133	7.583600000000001	9.950700000000001	4.7368999999999994	5.3647	0.1536	3.4683	16.3567	2.4442	8.2363	5.2201	23.9478	12.937	5.4895	16.776799999999998	1.4184	26.3811	15.571200000000001	17.1831	7.169899999999999	2.4880999999999998	12.335600000000001	2.5970999999999997	6.7924	4.4029	6.9077	15.3736	26.6083	7.8193	5.0139	15.0955	2.4014	15.281	5.0927	4.1613	22.7961	1.3449	22.7703	3.7112	3.7878000000000003	25.257	15.0912	1.3307	13.5782	16.107200000000002	5.5222	6.0095	0.0	9.5968	7.7082	8.549100000000001
72	1.9750999999999999	4.5121	5.703399999999999	3.2634000000000003	2.5998	2.7263	5.8264	5.245	3.2173000000000003	2.9544	3.3687	3.9951999999999996	4.5533	20.2252	7.3946000000000005	4.8285	15.047	10.7015	10.184299999999999	8.9807	1.7965	10.9906	20.697200000000002	4.938899999999999	13.726	6.3365	2.2838000000000003	13.8696	12.2406	9.8493	12.601	10.280700000000001	8.8282	2.0303	9.0969	15.5605	10.3261	4.8756	10.406	8.4423	19.94	10.0791	10.8963	3.3427	11.797600000000001	10.3106	7.725	4.0862	13.5356	8.614600000000001	13.32	20.1672	4.8439	7.7848999999999995	13.0419	7.8041	13.2274	4.5812	13.2941	14.4088	11.0328	14.383	14.1015	9.315700000000001	18.815900000000003	13.037600000000001	8.4772	10.7384	9.9181	4.404100000000001	8.5397	9.732899999999999	0.0	4.472899999999999	1.9750999999999999
73	4.2975	10.0131	6.677	6.730600000000001	1.7864	4.229100000000001	8.6136	5.4195	4.6324	5.0309	5.9252	2.0602	0.0804	25.7225	5.5686	1.409	17.3613	11.7869	11.2696	4.3983	3.5907	15.971	26.1945	0.6196	16.0403	6.485	2.5021999999999998	13.6166	10.3475	7.9571000000000005	10.775	15.412799999999999	6.3613	4.3527	4.7203	17.8748	6.9067	4.7539	15.833	6.5501000000000005	25.4373	12.5494	16.2393	2.8948	9.9045	11.396	5.8225	2.4213	11.7096	9.6996	10.6661	25.6645	0.36839999999999995	3.5917	10.3879	5.9781	10.5735	3.7891999999999997	11.468	16.7231	9.148399999999999	16.6973	12.2084	5.5943000000000005	24.313200000000002	10.3836	6.585	12.6386	15.1634	4.3305	9.3565	7.8407	4.3239	0.0	4.2975
;
