set K:= 1	2	3	4	5;
set C_H:= 1	2	3	4	5	6;
set C_S:= 7	8	9	10	11	12;
set C_F:= 13	14	15	16	17	18;
set M:= 19	20	21	22	23	24;
set M_B:= 25	26	27	28	29	30;
set L_B:= 31	32;
set A1:=
(0,*) 1 2 3 4 5 6 13 14 15 16 17 18 19 20 21 22 23 24 25 26 27 28 29 30 31 32
(1,*) 0 2 3 4 5 6 13 14 15 16 17 18 19 20 21 22 23 24 25 26 27 28 29 30 31 32
(2,*) 0 1 3 4 5 6 13 14 15 16 17 18 19 20 21 22 23 24 25 26 27 28 29 30 31 32
(3,*) 0 1 2 4 5 6 13 14 15 16 17 18 19 20 21 22 23 24 25 26 27 28 29 30 31 32
(4,*) 0 1 2 3 5 6 13 14 15 16 17 18 19 20 21 22 23 24 25 26 27 28 29 30 31 32
(5,*) 0 1 2 3 4 6 13 14 15 16 17 18 19 20 21 22 23 24 25 26 27 28 29 30 31 32
(6,*) 0 1 2 3 4 5 13 14 15 16 17 18 19 20 21 22 23 24 25 26 27 28 29 30 31 32
(13,*) 0 1 2 3 4 5 6 14 15 16 17 18 19 20 21 22 23 24 25 26 27 28 29 30 31 32
(14,*) 0 1 2 3 4 5 6 13 15 16 17 18 19 20 21 22 23 24 25 26 27 28 29 30 31 32
(15,*) 0 1 2 3 4 5 6 13 14 16 17 18 19 20 21 22 23 24 25 26 27 28 29 30 31 32
(16,*) 0 1 2 3 4 5 6 13 14 15 17 18 19 20 21 22 23 24 25 26 27 28 29 30 31 32
(17,*) 0 1 2 3 4 5 6 13 14 15 16 18 19 20 21 22 23 24 25 26 27 28 29 30 31 32
(18,*) 0 1 2 3 4 5 6 13 14 15 16 17 19 20 21 22 23 24 25 26 27 28 29 30 31 32
(19,*) 0 1 2 3 4 5 6 13 14 15 16 17 18 20 21 22 23 24 25 26 27 28 29 30 31 32
(20,*) 0 1 2 3 4 5 6 13 14 15 16 17 18 19 21 22 23 24 25 26 27 28 29 30 31 32
(21,*) 0 1 2 3 4 5 6 13 14 15 16 17 18 19 20 22 23 24 25 26 27 28 29 30 31 32
(22,*) 0 1 2 3 4 5 6 13 14 15 16 17 18 19 20 21 23 24 25 26 27 28 29 30 31 32
(23,*) 0 1 2 3 4 5 6 13 14 15 16 17 18 19 20 21 22 24 25 26 27 28 29 30 31 32
(24,*) 0 1 2 3 4 5 6 13 14 15 16 17 18 19 20 21 22 23 25 26 27 28 29 30 31 32
(25,*) 0 1 2 3 4 5 6 13 14 15 16 17 18 19 20 21 22 23 24 26 27 28 29 30 31 32
(26,*) 0 1 2 3 4 5 6 13 14 15 16 17 18 19 20 21 22 23 24 25 27 28 29 30 31 32
(27,*) 0 1 2 3 4 5 6 13 14 15 16 17 18 19 20 21 22 23 24 25 26 28 29 30 31 32
(28,*) 0 1 2 3 4 5 6 13 14 15 16 17 18 19 20 21 22 23 24 25 26 27 29 30 31 32
(29,*) 0 1 2 3 4 5 6 13 14 15 16 17 18 19 20 21 22 23 24 25 26 27 28 30 31 32
(30,*) 0 1 2 3 4 5 6 13 14 15 16 17 18 19 20 21 22 23 24 25 26 27 28 29 31 32
(31,*) 0 1 2 3 4 5 6 13 14 15 16 17 18 19 20 21 22 23 24 25 26 27 28 29 30 32
(32,*) 0 1 2 3 4 5 6 13 14 15 16 17 18 19 20 21 22 23 24 25 26 27 28 29 30 31
;
param BigM:=99999;
param n:= 5;
param d:=
1	24
2	9
3	13
4	27
5	12
6	30
7	14
8	17
9	23
10	5
11	9
12	6
13	19
14	15
15	11
16	24
17	21
18	3
;
param Q:=100;
param e:
	19	20	21	22	23	24	25	26	27	28	29	30	31	32:=
7		1		0		0		0		0		0		1		0		0		0		0		0		0		0	
8		0		0		0		0		0		0		0		0		0		0		0		0		0		1	
9		0		1		0		0		0		0		0		1		0		0		0		0		0		0	
10		0		0		0		0		1		0		0		0		0		0		1		0		0		0	
11		0		0		1		0		0		1		0		0		1		0		0		1		0		0	
12		0		0		0		0		0		0		0		0		0		0		0		0		1		0	
13		0		0		0		0		0		1		0		0		0		0		0		1		0		0	
14		0		0		0		1		0		0		0		0		0		1		0		0		0		0	
15		0		0		1		0		0		0		0		0		1		0		0		0		0		0	
16		1		0		0		0		0		0		1		0		0		0		0		0		0		0	
17		0		1		0		0		0		0		0		1		0		0		0		0		0		0	
18		0		0		0		1		0		0		0		0		0		1		0		0		0		0	
;
param p:=
1	3
2	3
3	3
4	3
5	3
;
param G:=
19	87
20	76
21	80
22	78
23	62
24	87
25	87
26	76
27	80
28	78
29	62
30	87
31	64
32	63
;
param s:=
0	0
1	10
2	10
3	10
4	10
5	10
6	10
13	10
14	10
15	10
16	10
17	10
18	10
19	10
20	10
21	10
22	10
23	10
24	10
25	10
26	10
27	10
28	10
29	10
30	10
31	10
32	10
;
param t:
	0	1	2	3	4	5	6	7	8	9	10	11	12	13	14	15	16	17	18	19	20	21	22	23	24	25	26	27	28	29	30	31	32:=
0	0.0	6.1402	2.6527	8.7032	4.2296000000000005	6.5859	7.8222	14.8572	5.0855	14.5261	10.5626	6.0125	2.2443	9.366299999999999	20.3342	6.9727	14.584299999999999	13.6757	19.9083	15.6462	12.9348	8.5804	18.784200000000002	13.6341	7.3102	15.6462	12.9348	8.5804	18.784200000000002	13.6341	7.3102	1.9215	3.0622
1	6.516100000000001	0.0	4.2726999999999995	13.289399999999999	8.793899999999999	11.5706	12.232899999999999	24.2159	10.824200000000001	16.7011	17.1152	9.6446	4.456600000000001	9.587200000000001	15.177299999999999	11.5588	23.943099999999998	15.850700000000002	14.7515	25.004900000000003	15.1833	13.0652	13.6273	20.186799999999998	11.0067	25.004900000000003	15.1833	13.0652	13.6273	20.186799999999998	11.0067	5.203	8.9873
2	3.1462	3.9642	0.0	12.2974	6.5984	10.5786	10.191	17.3375	7.629	14.4831	12.931299999999998	7.6138	1.6989	9.978	17.6625	10.566799999999999	17.0646	13.632700000000002	17.2367	18.1264	12.9653	10.949200000000001	16.1126	16.0029	9.679	18.1264	12.9653	10.949200000000001	16.1126	16.0029	9.679	2.8295	5.1671000000000005
3	8.7454	14.8578	12.141	0.0	5.4701	2.4235	4.0362	18.991400000000002	9.68	10.046899999999999	9.0345	6.1416	11.113100000000001	8.7369	29.0517	1.9968	18.7185	11.332600000000001	28.6259	19.7803	12.3055	5.6914	27.5018	7.4899	6.6817	19.7803	12.3055	5.6914	27.5018	7.4899	6.6817	9.4382	8.2177
4	3.5276	8.8066	6.302899999999999	5.854100000000001	0.0	3.7368	5.4384	14.748299999999999	3.5543	14.813799999999999	7.1494	8.7211	5.2186	9.7456	23.501099999999997	4.123600000000001	14.4754	12.3412	23.0753	15.5372	13.3141	6.7218	21.9511	10.2209	7.6903999999999995	15.5372	13.3141	6.7218	21.9511	10.2209	7.6903999999999995	4.0513	2.7476
5	7.8021	12.454799999999999	9.738	2.4231	3.6108000000000002	0.0	2.1769000000000003	16.5884	7.2768999999999995	11.6898	6.6315	4.2822	8.7101	6.8776	26.6487	0.6925	16.3155	9.4732	26.222900000000003	17.377299999999998	10.4461	3.8321	25.0988	9.703100000000001	4.8224	17.377299999999998	10.4461	3.8321	25.0988	9.703100000000001	4.8224	7.0352	6.3584
6	8.4975	13.4101	10.969	4.0739	5.0768	2.1769000000000003	0.0	18.627299999999998	9.3158	9.17	8.670399999999999	3.8550999999999997	9.6654	6.310899999999999	27.604	2.3434	18.354400000000002	8.3195	27.1782	19.4162	8.426200000000001	2.5539	26.0541	11.742	4.0435	19.4162	8.426200000000001	2.5539	26.0541	11.742	4.0435	7.805899999999999	7.8244
7	15.105	24.2613	17.0684	23.78	14.353	21.3863	23.3643	0.0	13.9815	29.3738	15.4296	21.0774	17.0634	28.6722	28.4026	22.0495	0.8661	30.0281	27.9768	1.1047	31.5367	24.6477	26.8526	16.1588	22.3751	1.1047	31.5367	24.6477	26.8526	16.1588	22.3751	17.2117	11.9115
8	7.102399999999999	10.8364	6.8662	9.9981	4.181100000000001	7.6044	9.5824	12.6324	0.0	19.3888	8.6418	10.875200000000001	6.8612	14.229	24.064400000000003	8.2675	12.3596	18.538400000000003	23.6386	13.4214	17.7975	13.6249	22.514400000000002	11.2856	12.1729	13.4214	17.7975	13.6249	22.514400000000002	11.2856	12.1729	7.0095	2.2291
9	15.4004	16.3583	15.430299999999999	12.3943	13.1997	10.4973	9.2088	31.1668	17.1315	0.0	17.044900000000002	7.3864	16.226399999999998	7.328399999999999	30.5523	10.6637	30.894	1.1492	30.1265	31.9558	2.4824	7.6631	29.002299999999998	17.5506	6.1593	31.9558	2.4824	7.6631	29.002299999999998	17.5506	6.1593	14.8638	15.332600000000001
10	10.5633	18.036900000000003	15.930399999999999	8.9854	7.3144	6.5916999999999994	8.569700000000001	14.1608	9.1911	14.727	0.0	10.3033	12.2542	12.8986	33.0011	7.254899999999999	13.8879	15.3813	32.5753	14.9497	16.8899	9.8531	31.4511	2.5804	10.8435	14.9497	16.8899	9.8531	31.4511	2.5804	10.8435	11.087	9.2608
11	6.2267	10.452	8.6982	5.8458000000000006	6.3731	3.9486999999999997	3.6780999999999997	19.894299999999998	10.5829	7.3216	9.9374	0.0	6.7073	3.1938	24.646	4.1152	19.6215	6.4712	24.220200000000002	20.6833	7.1935	3.5895	23.096	13.009	1.3086	20.6833	7.1935	3.5895	23.096	13.009	1.3086	5.0303	8.4565
12	2.1067	4.8226	1.3959000000000001	10.3464	5.8335	8.6275	9.2899	18.0058	6.687399999999999	15.3416	12.1664	6.605	0.0	7.0739	19.016599999999997	8.6158	17.7329	14.491100000000001	18.590799999999998	18.7948	13.823799999999999	10.122200000000001	17.4666	15.238	7.6662	18.7948	13.823799999999999	10.122200000000001	17.4666	15.238	7.6662	1.5904	4.6642
13	9.1477	9.508899999999999	11.658700000000001	8.3676	8.8949	6.4706	6.3393999999999995	22.4162	13.1048	7.8062	12.459299999999999	3.1835999999999998	7.1876999999999995	0.0	23.9754	6.6371	22.1433	6.9558	23.549599999999998	23.2052	6.214899999999999	4.793699999999999	22.4254	15.530899999999999	2.3083	23.2052	6.214899999999999	4.793699999999999	22.4254	15.530899999999999	2.3083	6.4345	11.3774
14	20.5888	15.200899999999999	17.7269	28.6199	23.904799999999998	26.9011	27.5634	28.4701	24.1845	30.8056	33.1027	24.7555	19.1414	26.3005	0.0	26.8893	28.197200000000002	29.9552	1.5876	29.2591	29.2878	28.3957	2.0007	35.7465	28.2461	29.2591	29.2878	28.3957	2.0007	35.7465	28.2461	20.3138	22.224
15	7.0177	13.1301	10.4133	2.0221	3.7425	0.6958	2.3085999999999998	17.2637	7.9523	10.4553	7.3069	4.4139	9.385399999999999	7.0092	27.324099999999998	0.0	16.9909	9.604899999999999	26.8983	18.0527	10.5778	3.9637	25.774099999999997	10.3784	4.9541	18.0527	10.5778	3.9637	25.774099999999997	10.3784	4.9541	7.7105	6.49
16	14.8445	24.000799999999998	16.8079	23.519599999999997	14.092600000000001	21.1259	23.103900000000003	0.9213	13.7211	29.1133	15.1692	20.8169	16.803	28.4117	28.1421	21.789	0.0	29.767599999999998	27.7163	1.7103	31.2762	24.3873	26.592200000000002	15.898399999999999	22.1146	1.7103	31.2762	24.3873	26.592200000000002	15.898399999999999	22.1146	16.9512	11.651
17	12.3004	15.512	14.584	11.548	12.353399999999999	9.651	8.3626	30.4772	16.2852	1.1458	16.3553	6.540100000000001	15.3802	6.4821	29.706	9.8175	30.2043	0.0	29.2802	31.2662	1.7928	6.8168999999999995	28.156	16.861	5.313	31.2662	1.7928	6.8168999999999995	28.156	16.861	5.313	14.0175	14.4863
18	20.7364	15.3485	17.874599999999997	28.767599999999998	24.052400000000002	27.0487	27.7111	28.6177	24.332099999999997	30.9533	33.2503	24.9031	19.289099999999998	26.4482	0.18519999999999998	27.037	28.344900000000003	30.1028	0.0	29.4067	29.4354	28.543400000000002	2.1484	35.8941	28.3938	29.4067	29.4354	28.543400000000002	2.1484	35.8941	28.3938	20.4615	22.371599999999997
19	15.7968	24.9531	17.7602	24.4719	15.0449	22.078200000000002	24.0562	0.9825	14.673399999999999	30.0656	16.1215	21.7692	17.7553	29.364	29.0944	22.7413	1.5579	30.719900000000003	28.668599999999998	0.0	32.2285	25.339599999999997	27.5445	16.8507	23.0669	0.0	32.2285	25.339599999999997	27.5445	16.8507	23.0669	17.9035	12.603299999999999
20	13.2953	14.3672	13.439200000000001	12.5153	13.0426	10.6182	7.662100000000001	30.5552	17.2524	2.251	16.4333	5.4357	14.235299999999999	4.7908	28.5612	10.7847	30.282400000000003	1.4005999999999998	28.1354	31.3442	0.0	6.1164	27.011200000000002	16.939	4.208699999999999	31.3442	0.0	6.1164	27.011200000000002	16.939	4.208699999999999	12.8727	15.5251
21	7.6804	12.593	10.1518	4.731199999999999	5.2585	2.8341	1.5457	18.779700000000002	9.4683	7.9836	8.822899999999999	3.038	8.8483	5.1245	26.786900000000003	3.0006	18.5069	7.133100000000001	26.361099999999997	19.5687	7.2398	0.0	25.237	11.8944	2.8571	19.5687	7.2398	0.0	25.237	11.8944	2.8571	6.9888	8.312899999999999
22	18.7453	13.3575	15.8835	26.7765	22.061400000000003	25.0577	25.72	26.6267	22.341099999999997	28.9622	31.2593	22.9121	17.298	24.457099999999997	2.3535999999999997	25.045900000000003	26.3538	28.1118	1.9278	27.4157	27.4444	26.5523	0.0	33.9031	26.4027	27.4157	27.4444	26.5523	0.0	33.9031	26.4027	18.4704	20.380599999999998
23	13.741100000000001	21.2147	19.1082	7.502800000000001	10.4922	9.7695	11.7476	15.3636	12.3689	15.2239	2.5988	13.4811	15.4321	16.0764	34.5892	10.4327	15.0907	15.878200000000001	34.1634	16.1525	17.3868	13.030899999999999	33.039300000000004	0.0	14.0213	16.1525	17.3868	13.030899999999999	33.039300000000004	0.0	14.0213	14.2648	12.438600000000001
24	7.218	11.0016	9.6895	6.5968	7.1241	4.6997	4.3265	20.6453	11.3339	6.406	10.6885	1.2270999999999999	7.6828	2.6386	25.468	4.8662	20.3725	5.5556	25.0422	21.4343	5.6621999999999995	2.7808	23.9181	13.76	0.0	21.4343	5.6621999999999995	2.7808	23.9181	13.76	0.0	6.0057	9.447799999999999
25	15.7968	24.9531	17.7602	24.4719	15.0449	22.078200000000002	24.0562	0.9825	14.673399999999999	30.0656	16.1215	21.7692	17.7553	29.364	29.0944	22.7413	1.5579	30.719900000000003	28.668599999999998	0.0	32.2285	25.339599999999997	27.5445	16.8507	23.0669	0.0	32.2285	25.339599999999997	27.5445	16.8507	23.0669	17.9035	12.603299999999999
26	13.2953	14.3672	13.439200000000001	12.5153	13.0426	10.6182	7.662100000000001	30.5552	17.2524	2.251	16.4333	5.4357	14.235299999999999	4.7908	28.5612	10.7847	30.282400000000003	1.4005999999999998	28.1354	31.3442	0.0	6.1164	27.011200000000002	16.939	4.208699999999999	31.3442	0.0	6.1164	27.011200000000002	16.939	4.208699999999999	12.8727	15.5251
27	7.6804	12.593	10.1518	4.731199999999999	5.2585	2.8341	1.5457	18.779700000000002	9.4683	7.9836	8.822899999999999	3.038	8.8483	5.1245	26.786900000000003	3.0006	18.5069	7.133100000000001	26.361099999999997	19.5687	7.2398	0.0	25.237	11.8944	2.8571	19.5687	7.2398	0.0	25.237	11.8944	2.8571	6.9888	8.312899999999999
28	18.7453	13.3575	15.8835	26.7765	22.061400000000003	25.0577	25.72	26.6267	22.341099999999997	28.9622	31.2593	22.9121	17.298	24.457099999999997	2.3535999999999997	25.045900000000003	26.3538	28.1118	1.9278	27.4157	27.4444	26.5523	0.0	33.9031	26.4027	27.4157	27.4444	26.5523	0.0	33.9031	26.4027	18.4704	20.380599999999998
29	13.741100000000001	21.2147	19.1082	7.502800000000001	10.4922	9.7695	11.7476	15.3636	12.3689	15.2239	2.5988	13.4811	15.4321	16.0764	34.5892	10.4327	15.0907	15.878200000000001	34.1634	16.1525	17.3868	13.030899999999999	33.039300000000004	0.0	14.0213	16.1525	17.3868	13.030899999999999	33.039300000000004	0.0	14.0213	14.2648	12.438600000000001
30	7.218	11.0016	9.6895	6.5968	7.1241	4.6997	4.3265	20.6453	11.3339	6.406	10.6885	1.2270999999999999	7.6828	2.6386	25.468	4.8662	20.3725	5.5556	25.0422	21.4343	5.6621999999999995	2.7808	23.9181	13.76	0.0	21.4343	5.6621999999999995	2.7808	23.9181	13.76	0.0	6.0057	9.447799999999999
31	1.9134	5.2322	2.6794000000000002	8.7679	4.1627	7.049	7.711399999999999	16.741799999999998	6.9701	13.8236	11.1433	5.0393	1.6515	6.4043	20.3405	7.0373	16.4689	12.9732	19.9146	17.5308	12.3058	8.530899999999999	18.7905	14.2149	6.1004	17.5308	12.3058	8.530899999999999	18.7905	14.2149	6.1004	0.0	4.9468000000000005
32	3.2177	9.9223	5.952100000000001	8.236	2.9874	6.118600000000001	7.8203000000000005	12.0	2.4482	15.3065	9.2608	9.9611	5.947100000000001	13.3149	23.150299999999998	6.5054	11.7271	14.456	22.7245	12.789	16.8834	8.898700000000002	21.6004	12.3324	11.258799999999999	12.789	16.8834	8.898700000000002	21.6004	12.3324	11.258799999999999	4.9216999999999995	0.0
;
