set K:= 1	2	3	4	5;
set C_H:= 1	2	3	4	5	6;
set C_S:= 7	8	9	10	11	12;
set C_F:= 13	14	15	16	17	18;
set M:= 19	20	21	22	23	24;
set L_B:= 25	26;
set A1:=
(0,*) 1 2 3 4 5 6 13 14 15 16 17 18 19 20 21 22 23 24 25 26 27
(1,*) 0 2 3 4 5 6 13 14 15 16 17 18 19 20 21 22 23 24 25 26 27
(2,*) 0 1 3 4 5 6 13 14 15 16 17 18 19 20 21 22 23 24 25 26 27
(3,*) 0 1 2 4 5 6 13 14 15 16 17 18 19 20 21 22 23 24 25 26 27
(4,*) 0 1 2 3 5 6 13 14 15 16 17 18 19 20 21 22 23 24 25 26 27
(5,*) 0 1 2 3 4 6 13 14 15 16 17 18 19 20 21 22 23 24 25 26 27
(6,*) 0 1 2 3 4 5 13 14 15 16 17 18 19 20 21 22 23 24 25 26 27
(13,*) 0 1 2 3 4 5 6 14 15 16 17 18 19 20 21 22 23 24 25 26 27
(14,*) 0 1 2 3 4 5 6 13 15 16 17 18 19 20 21 22 23 24 25 26 27
(15,*) 0 1 2 3 4 5 6 13 14 16 17 18 19 20 21 22 23 24 25 26 27
(16,*) 0 1 2 3 4 5 6 13 14 15 17 18 19 20 21 22 23 24 25 26 27
(17,*) 0 1 2 3 4 5 6 13 14 15 16 18 19 20 21 22 23 24 25 26 27
(18,*) 0 1 2 3 4 5 6 13 14 15 16 17 19 20 21 22 23 24 25 26 27
(19,*) 0 1 2 3 4 5 6 13 14 15 16 17 18 20 21 22 23 24 25 26 27
(20,*) 0 1 2 3 4 5 6 13 14 15 16 17 18 19 21 22 23 24 25 26 27
(21,*) 0 1 2 3 4 5 6 13 14 15 16 17 18 19 20 22 23 24 25 26 27
(22,*) 0 1 2 3 4 5 6 13 14 15 16 17 18 19 20 21 23 24 25 26 27
(23,*) 0 1 2 3 4 5 6 13 14 15 16 17 18 19 20 21 22 24 25 26 27
(24,*) 0 1 2 3 4 5 6 13 14 15 16 17 18 19 20 21 22 23 25 26 27
(25,*) 0 1 2 3 4 5 6 13 14 15 16 17 18 19 20 21 22 23 24 26 27
(26,*) 0 1 2 3 4 5 6 13 14 15 16 17 18 19 20 21 22 23 24 25 27
(27,*) 0 1 2 3 4 5 6 13 14 15 16 17 18 19 20 21 22 23 24 25 26
;
set A2:=
(19,*) 20
(20,*) 19
(21,*) 22
(22,*) 21
(23,*) 24
(24,*) 23
;
param BigM:=99999;
param n:= 5;
param d:=
1	19
2	11
3	15
4	3
5	25
6	16
7	25
8	18
9	24
10	14
11	23
12	13
13	29
14	21
15	9
16	14
17	4
18	27
;
param Q:=100;
param w:=
[19,*] 20 0.5
[20,*] 19 0.5
[21,*] 22 0.5
[22,*] 21 0.5
[23,*] 24 0.5
[24,*] 23 0.5
;
param V:=
[19,*] 20 178
[20,*] 19 178
[21,*] 22 122
[22,*] 21 122
[23,*] 24 181
[24,*] 23 181
;
param e:
	19	20	21	22	23	24	25	26:=
7		0		1		0		0		0		0		0		0	
8		0		0		0		1		0		0		0		0	
9		0		0		1		0		0		0		1		0	
10		1		0		0		0		0		0		0		0	
11		1		0		0		0		0		0		0		0	
12		0		0		1		0		0		0		1		0	
13		0		0		1		0		0		1		1		0	
14		0		0		0		0		1		0		0		0	
15		0		0		0		0		0		0		0		1	
16		0		1		0		0		0		0		0		0	
17		0		0		1		0		0		1		0		0	
18		0		0		0		1		0		0		0		0	
;
param p:=
1	1
2	1
3	1
4	1
5	1
;
param G:=
19	87
20	91
21	51
22	71
23	83
24	98
25	50
26	89
;
param s:=
0	0
1	10
2	10
3	10
4	10
5	10
6	10
13	10
14	10
15	10
16	10
17	10
18	10
19	10
20	10
21	10
22	10
23	10
24	10
25	10
26	10
;
param t:
	0	1	2	3	4	5	6	7	8	9	10	11	12	13	14	15	16	17	18	19	20	21	22	23	24	25	26	27:=
0	0.0	3.6391	4.0345	1.338	3.7788000000000004	2.6953	2.5379	14.3587	20.799799999999998	7.6935	14.617299999999998	14.2537	7.8528	7.502	10.801200000000001	4.1485	14.0334	6.6668	20.7669	15.679200000000002	12.9348	8.5804	18.918400000000002	13.640600000000001	7.3102	6.8542	6.0851999999999995	0.0
1	3.4038000000000004	0.0	4.9545	2.6894	6.146100000000001	2.6404	1.1302	11.8561	23.0649	4.8098	16.5031	16.1395	4.7282	4.5306999999999995	8.351	6.5356000000000005	11.5308	5.3024	23.0321	17.5649	11.9383	5.4131	21.1836	12.1706	6.3758	3.9223000000000003	8.994200000000001	3.4038000000000004
2	4.1795	5.209899999999999	0.0	5.101	7.0199	2.4219	5.4607	19.1843	22.8068	8.321299999999999	10.8781	10.5145	8.2056	7.9472	9.287600000000001	9.459299999999999	18.859	11.4924	22.774	11.9399	17.7604	9.5886	20.9255	12.132700000000002	12.1358	6.871899999999999	9.643600000000001	4.1795
3	1.3268	2.7585	5.184399999999999	0.0	4.9287	3.3533000000000004	1.6573	12.2829	21.9136	6.8129	15.7672	15.4036	6.9722	6.6213999999999995	10.6565	5.3843000000000005	11.9577	5.7292	21.8808	16.829	11.796	7.6998999999999995	20.0323	13.4958	6.171399999999999	6.4713	6.9743	1.3268
4	4.0541	6.4533000000000005	5.617	4.9924	0.0	5.7095	5.3521	17.0984	18.1191	10.507700000000002	15.642299999999999	15.2787	10.667	10.3163	13.6155	5.1715	16.7731	10.0204	18.0862	16.7042	15.7491	11.3947	16.2377	16.4548	10.6639	9.6684	6.267	4.0541
5	4.0458	2.8894	2.5839000000000003	4.0734	5.9088	0.0	3.3495999999999997	15.636899999999999	23.4716	6.111800000000001	14.01	13.6464	5.9962	5.7378	7.976100000000001	7.9516	13.3769	7.0315	23.4387	15.0719	13.9932	7.3792	21.5902	10.6084	8.3695	4.6624	8.757	4.0458
6	2.5603000000000002	1.1896	5.7317	2.4854000000000003	5.476	3.2746999999999997	0.0	10.7141	22.5452	5.244	17.137400000000003	16.773799999999998	5.4033	5.0526	8.8334	6.015899999999999	10.3888	4.1603	22.5123	18.1992	10.1388	6.131	20.6639	12.653	5.3793999999999995	4.4047	8.324200000000001	2.5603000000000002
7	12.9586	11.5551	16.116799999999998	12.8705	17.3566	13.6402	11.2638	0.0	30.6962	8.2392	30.7058	30.342200000000002	8.3985	8.5246	16.2024	16.3687	0.38060000000000005	7.2281	30.6633	31.767599999999998	2.2943000000000002	7.475	28.814799999999998	17.3625	5.9712	10.3572	15.5175	12.9586
8	20.9181	22.987299999999998	23.9155	21.1369	18.212400000000002	22.836	22.3783	30.967599999999997	0.0	27.6196	28.5274	28.1638	27.7789	27.2742	33.872099999999996	16.8794	30.642400000000002	26.536	0.2515	29.5892	29.6184	28.5066	2.3321	35.531099999999995	28.576700000000002	27.2047	15.6936	20.9181
9	8.313799999999999	5.5286	9.896700000000001	7.6046000000000005	11.0357	7.6137	6.0534	8.393	27.7531	0.0	19.1459	18.7823	0.126	0.6009	9.8964	11.3091	8.0678	1.985	27.720200000000002	20.2078	7.8178	1.9455	25.8717	12.5287	3.4351	2.4183000000000003	12.574399999999999	8.313799999999999
10	14.8572	15.8876	10.8716	15.7787	15.6265	13.0416	16.1384	29.172900000000002	28.4726	19.3518	0.0	0.6592	19.236099999999997	18.977700000000002	15.6098	19.421799999999998	29.1869	20.2715	28.439700000000002	1.7103	31.2759	20.6191	26.5912	15.899700000000001	21.6095	17.5504	19.606099999999998	14.8572
11	16.7331	16.950200000000002	13.334700000000002	17.8137	18.7171	15.3495	18.1732	28.5137	35.1738	18.6926	11.4543	0.0	18.577	18.3186	14.9506	21.937099999999997	28.5277	19.612299999999998	35.1409	12.5161	30.616799999999998	19.96	33.2924	15.2405	20.9503	16.891299999999998	22.1214	16.7331
12	8.1878	5.4026000000000005	9.770700000000001	7.4786	10.909799999999999	7.4877	5.9274	8.267	27.6271	0.2748	19.0199	18.656299999999998	0.0	0.4749	9.7704	11.1831	7.9418	1.859	27.5943	20.081799999999998	7.6918	1.8195	25.7458	12.402700000000001	3.3091	2.2924	12.4484	8.1878
13	7.8527	5.0675	7.9998000000000005	7.1435	10.5746	6.3389	5.5923	8.5278	27.292	0.4235	18.0013	17.637700000000002	0.4908	0.0	8.751700000000001	10.848	8.2025	2.0077000000000003	27.2591	19.0631	7.9525	2.0801999999999996	25.4106	11.384	3.5698000000000003	1.8669	12.113299999999999	7.8527
14	11.0037	8.8461	9.5435	10.758299999999998	13.5635	8.4366	9.8392	14.1365	33.771800000000006	9.0251	14.3879	14.024299999999998	8.9094	8.651	0.0	15.8397	14.1505	9.944799999999999	33.7389	15.4498	16.2396	10.292399999999999	31.890400000000003	1.9259000000000002	11.2828	7.2237	17.105	11.0037
15	4.1155	5.7606	8.350700000000002	4.3343	4.8905	6.8916	5.1516	14.4146	16.886599999999998	10.393	19.169900000000002	18.8063	10.552299999999999	10.0475	15.027700000000001	0.0	14.0893	9.309299999999999	16.8538	20.2317	13.065299999999999	11.2799	15.0053	18.4022	8.9205	9.9781	4.330100000000001	4.1155
16	12.6495	11.246	15.807799999999999	12.561399999999999	17.0475	13.331100000000001	10.9547	0.3968	30.3871	7.9301	30.3967	30.033099999999997	8.0894	8.2155	15.8933	16.0596	0.0	6.919	30.3543	31.4585	1.9853	7.166	28.5058	17.0534	5.662100000000001	10.0481	15.2084	12.6495
17	6.6887	4.685899999999999	9.2477	6.0013000000000005	9.4106	6.771	4.3946000000000005	7.355	26.2022	1.8849	19.332	18.968400000000003	2.0443	2.0643000000000002	10.0825	9.7582	7.0297	0.0	26.169400000000003	20.3938	7.9834	2.7719	24.3209	12.7147	1.6164	3.7024	11.0236	6.6887
18	20.8853	22.9544	23.8827	21.104	18.1795	22.803099999999997	22.3454	30.9348	0.2515	27.5868	28.4945	28.1309	27.7461	27.2413	33.8392	16.8465	30.6095	26.5031	0.0	29.5563	29.5855	28.4738	2.2992	35.4982	28.5438	27.1719	15.6607	20.8853
19	15.8095	16.8399	11.8239	16.731	16.578799999999998	13.9939	17.090700000000002	30.1252	29.4249	20.3041	1.5579	1.6115	20.1884	19.93	16.562099999999997	20.3741	30.139200000000002	21.2238	29.392	0.0	32.2282	21.5714	27.5435	16.852	22.561799999999998	18.5028	20.558400000000002	15.8095
20	11.6	10.196399999999999	14.7582	11.5118	15.553600000000001	12.2815	9.905100000000001	2.0825	28.8932	6.8805	30.2823	29.9187	7.0398000000000005	7.1659	15.778799999999999	14.565700000000001	1.7572	5.8694	28.8603	31.344099999999997	0.0	6.1164	27.0118	16.939	4.208699999999999	8.9985	13.7145	11.6
21	7.679600000000001	4.894399999999999	9.2625	6.9704	10.4016	6.9795	5.4192	7.815	27.1189	0.7641	18.5118	18.1482	0.9234	1.0495999999999999	9.2622	10.6749	7.4897	1.3508	27.0861	19.5736	7.2398	0.0	25.237599999999997	11.8945	2.8571	2.8821	11.9402	7.679600000000001
22	18.743299999999998	20.8125	21.7407	18.9621	16.0376	20.6612	20.2035	28.7928	2.685	25.4449	26.3526	25.989	25.604200000000002	25.099400000000003	31.6973	14.704600000000001	28.467599999999997	24.3612	2.6521	27.4144	27.4436	26.331799999999998	0.0	33.356300000000005	26.4019	25.03	13.518799999999999	18.743299999999998
23	13.742299999999998	9.997399999999999	12.2821	13.496799999999999	16.302	11.1751	12.5777	15.2879	34.9179	11.7636	15.0879	14.7243	11.6479	11.3895	1.9443	19.2955	15.3018	12.6833	34.8851	16.1497	17.390900000000002	13.030899999999999	33.0366	0.0	14.0213	9.962299999999999	20.5609	13.742299999999998
24	7.218	6.0606	10.4201	6.177899999999999	9.94	8.1456	5.7692	6.2375	25.8	3.545	20.3774	20.0138	3.7043000000000004	3.6092	11.127799999999999	10.0771	5.9121999999999995	1.516	25.7672	21.4392	5.6621999999999995	2.7808	23.9187	13.7601	0.0	4.7477	10.774700000000001	7.218
25	6.9338	4.3809	7.3782	6.7467	9.9195	5.2786	4.9516	10.2028	27.1734	2.2405999999999997	16.513099999999998	16.1495	2.125	1.8665999999999998	7.2636	10.7294	9.877600000000001	3.5321	27.1406	17.574900000000003	10.493799999999998	3.8798000000000004	25.292099999999998	9.8959	4.870100000000001	0.0	11.9948	6.9338
26	6.1949	9.0565	8.495	6.413600000000001	6.2254	8.1127	7.9553	15.7317	15.6515	12.603299999999999	22.675099999999997	22.3115	12.7626	12.2579	17.2381	3.0918	15.4064	11.5197	15.6187	23.736900000000002	14.3824	13.4903	13.7702	20.612599999999997	13.3407	12.1884	0.0	6.1949
;
