vehicles
vehicle_idx, capacity, cost_per_unit_distance
1,160,18
2,160,18
3,160,18
depot
node_idx,x,y
0,25.049446486001663,121.51552910838933
home delivery customers
node_idx,x,y,service_time,demand
1,25.047385782484955,121.53720688444885,10,5
2,25.02429395228861,121.42181676318074,10,4
3,25.0429769,121.57058334999999,10,3
4,25.05711478866224,121.5454179498968,10,2
5,25.002452362202575,121.54146280349366,10,4
6,25.08778705920736,121.52073406774063,10,4
7,25.08210373774749,121.50890766365676,10,4
8,25.08551802877222,121.5094273582962,10,2
9,25.130958699999997,121.53042349999997,10,2
10,25.113330300000005,121.51829075,10,3
11,25.08584537287263,121.47883213343795,10,2
12,25.07312802820728,121.48849742067935,10,5
13,25.02258093779701,121.57007120242345,10,1
14,25.072385764873616,121.60609792427245,10,1
15,25.066854049999996,121.59422590000001,10,2
16,25.057818449999996,121.5291758,10,5
17,24.991032877877522,121.51546657809062,10,5
18,25.091388309396542,121.50991301742236,10,5
19,25.0867239714053,121.50737888558058,10,3
20,25.019764401992678,121.49854052023439,10,2
21,25.018113025386448,121.49595875469359,10,2
22,25.048090783807673,121.61511537399501,10,1
23,24.987132059762295,121.58402785230156,10,5
24,25.092482618974397,121.50201838273651,10,4
25,25.10310338791229,121.5906037143967,10,1
26,25.0715902597207,121.60896071336765,10,3
self pickup customers
node_idx,x,y,service_time,demand,locker_idxs
27,24.973385304295746,121.53880162560739,10,3,85-87
28,25.041347314495287,121.57074376224537,10,3,92-83-95
29,25.178862483403716,121.44986925838859,10,2,84
30,25.0446392,121.58409375,10,3,92-86
31,24.961050749999995,121.42078605,10,4,81
32,25.022331790360813,121.56809863190655,10,4,83-90
33,25.043691420332557,121.61968653853998,10,4,82
34,24.969707599032503,121.53912666751818,10,2,85-87
35,25.108685014016924,121.52800492218307,10,3,88-94
36,25.029434770749514,121.53035705297528,10,1,89-90
37,25.06415579317596,121.52866205588599,10,4,93-94
38,24.9577157,121.53946470000001,10,1,85
39,25.057043625807037,121.57726440905216,10,3,86-95-92
40,24.980350830276066,121.55633525800671,10,5,87
41,25.105971762970047,121.53300586666667,10,1,88-94
42,24.985669916484195,121.5697826314208,10,5,87
43,25.018501435563152,121.55267001395704,10,3,90-83
44,25.137410050713804,121.5416629043719,10,2,91
45,25.042660149244643,121.5776064970506,10,1,92-86
46,25.09674024578598,121.52643967835536,10,3,94-88
47,24.962246884389607,121.54078631273414,10,1,85-87
48,25.045107319353967,121.61665197031151,10,3,82
49,25.09844735,121.5196541,10,3,94-88
50,25.17703865961931,121.44755865014275,10,5,84
51,25.046233039747566,121.57571953540965,10,1,86-92-95
52,25.049346600000003,121.55673385000001,10,3,95-86-83
flexible customers
node_idx,x,y,service_time,demand,locker_idxs
53,25.05029802037701,121.57271712557838,10,2,95-86
54,25.11182245,121.51975550000002,10,5,88-94
55,24.98867926094994,121.56352026846682,10,2,87
56,25.17237545,121.44618235000002,10,1,84
57,25.15582938446493,121.54291191546643,10,1,91
58,24.959424727253083,121.4182010993446,10,5,81
59,25.056919843171215,121.53285828467605,10,4,93-89
60,25.064112337458955,121.53399878133807,10,1,93-94
61,25.057129731492573,121.6328131070878,10,3,82
62,25.04298217468041,121.57507145000687,10,3,92-86-95
63,25.045806778289766,121.56047313898569,10,3,95-83-86
64,25.023227599430204,121.52693108709117,10,2,89-90
65,25.13636245201819,121.54830046557514,10,2,91
66,25.025678771486305,121.57124450959655,10,5,83-92-90
67,25.04338130049284,121.62344176678968,10,4,82
68,24.985317335267993,121.54889870761953,10,4,87
69,25.02865715791392,121.52163085130357,10,4,89-90
70,25.123300174259466,121.52798664574358,10,1,88
71,25.050454776691197,121.57574285819572,10,5,86-95-92
72,25.02236591987434,121.5391172032262,10,5,90-89
73,24.96112749413015,121.41307918359139,10,2,81
74,25.028531700000002,121.5647172,10,1,83-90-92
75,25.083455173883078,121.50922762108648,10,5,94
76,25.172452701888393,121.43865129702698,10,5,84
77,25.044541399999996,121.57189135,10,2,92-95-86
78,25.020760849999995,121.55568,10,4,90-83
79,24.965884165732064,121.42187749014043,10,2,81
80,25.027756379549718,121.52701684843822,10,5,89-90
lockers
node_idx,x,y,service_time,capacity,cost_per_unit_good
81,24.9595637,121.4197544,10,30
82,25.0553158,121.617896,10,70
83,25.0328676,121.5697576,10,30
84,25.1678849,121.4456164,10,120
85,24.9579858,121.5375799,10,30
86,25.0500706,121.5774743,10,50
87,24.9804556,121.5562945,10,52
88,25.1137162,121.5237685,10,57
89,25.0331792,121.5202608,10,21
90,25.0287294,121.5495069,10,22
91,25.1525423,121.5474799,10,22
92,25.0416572,121.5789742,10,43
93,25.0637568,121.5334625,10,51
94,25.0877726,121.5262248,10,42
95,25.0510737,121.5689671,10,60
mrt lines
start_node_idx,end_node_idx,freight_capacity,cost_per_unit_good
81,82,100,65
82,81,100,65
distance matrix
,0,1,2,3,4,5,6,7,8,9,10,11,12,13,14,15,16,17,18,19,20,21,22,23,24,25,26,27,28,29,30,31,32,33,34,35,36,37,38,39,40,41,42,43,44,45,46,47,48,49,50,51,52,53,54,55,56,57,58,59,60,61,62,63,64,65,66,67,68,69,70,71,72,73,74,75,76,77,78,79,80,81,82,83,84,85,86,87,88,89,90,91,92,93,94,95,
0,0.0,3.2084,11.8741,6.4894,4.1207,6.9688,4.7924,4.7478,4.5,10.7281,8.7645,7.409,5.379,8.279200000000001,14.5074,11.8624,2.2487,7.9941,4.9755,5.2251,4.6131,4.8545,13.292,13.623700000000001,5.992,14.866200000000001,14.232,10.8186,6.488300000000001,20.6986,7.5998,15.4971,8.4696,13.952,10.966700000000001,7.973199999999999,3.9599,3.2795,13.9171,8.6298,11.2349,8.0791,12.311200000000001,6.9656,14.3796,7.229,7.009399999999999,13.4724,13.776399999999999,6.2616000000000005,20.477,6.7823,5.4963999999999995,7.0388,8.555,10.6629,19.057599999999997,17.296200000000002,15.7051,2.788,3.6403000000000003,14.447899999999999,7.0136,5.1629,4.6626,13.9099,8.1305,14.7388,9.6906,3.3944,9.646600000000001,7.0655,5.3034,16.2589,7.4325,4.4361999999999995,19.6115,6.4733,6.7948,14.9149,4.1326,15.679200000000002,12.9342,8.5804,18.927,13.6347,7.3099,11.222700000000001,8.527700000000001,3.0913000000000004,6.179399999999999,15.9907,7.3264,3.3098,5.2878,5.8573
1,3.1953,0.0,14.263,4.5764,2.2685,6.4338,5.9312,6.214899999999999,6.2105,11.0498,9.0861,9.8074,8.1877,6.211399999999999,12.1966,9.5516,2.0132,9.4339,6.686,6.663399999999999,7.7523,8.3672,10.0298,11.6089,7.676699999999999,12.2565,11.9212,10.8188,4.4205,22.275299999999998,5.9545,19.7664,5.9431,10.6898,10.431700000000001,8.2949,3.2826999999999997,2.8821999999999997,13.9173,5.4203,9.5776,8.400799999999998,10.2965,4.9509,14.7012,5.4266000000000005,7.3311,13.4726,10.514100000000001,7.972,22.0536,4.6817,2.9904,4.533,8.8766,8.8011,20.6342,17.617900000000002,19.974400000000003,1.7788,2.4825999999999997,12.347299999999999,5.0964,3.0623,4.4733,14.2315,6.0626999999999995,11.476600000000001,9.1556,5.214,9.9683,4.5601,3.337,20.528200000000002,5.2107,6.1467,21.188200000000002,4.3727,4.828399999999999,19.9257,4.0794,19.9485,10.8336,6.5126,20.5036,13.6349,4.756399999999999,9.5654,8.8494,5.838100000000001,4.0507,16.3124,5.2586,2.25,5.6094,3.7725
2,12.0174,13.986,0.0,17.807,15.140600000000001,17.7464,16.584799999999998,14.4688,15.3741,21.9621,19.6965,12.4984,10.4683,19.0568,25.209799999999998,22.564700000000002,14.0517,13.8074,15.8496,14.9461,11.441600000000001,12.3515,26.1268,20.994,15.7129,27.3063,24.9344,17.2685,17.265900000000002,21.023,18.9174,9.8765,19.2472,26.7867,18.1922,17.9019,14.7375,13.2081,19.3938,19.9475,18.5905,18.0078,19.4242,17.743299999999998,24.3083,18.5467,18.0743,18.949099999999998,26.611099999999997,17.1356,20.801299999999998,18.0999,16.8141,18.3564,19.1268,18.5053,19.3819,27.2249,10.0845,13.8096,16.7931,27.2826,18.3312,16.4806,15.4402,23.8386,18.908099999999997,27.5735,17.1794,14.172,19.5753,18.383200000000002,16.081,10.6383,18.210099999999997,14.5631,19.9359,17.7909,17.572400000000002,9.5443,13.8684,10.0586,25.8435,19.3581,19.2513,19.1113,18.627599999999997,18.5783,18.456400000000002,13.8689,16.957,25.919400000000003,18.104,13.7868,15.2164,18.0198
3,6.4861,4.3892,17.832900000000002,0.0,4.8186,6.9062,10.2728,10.5564,10.552,15.3913,13.427700000000002,13.367799999999999,11.3378,2.7048,7.1343000000000005,5.0305,6.4045,9.9134,11.0275,11.005,10.1915,10.5835,5.9342,9.0785,12.0183,9.906799999999999,6.858899999999999,10.414399999999999,0.3255,26.616799999999998,1.8589,20.7275,2.8952,6.5942,12.311399999999999,12.6364,6.025,7.2238,13.5129,3.5877,9.298200000000001,11.0431,7.766100000000001,4.5513,17.078799999999998,0.8368,11.0435,13.068200000000001,6.4185,12.313600000000001,26.3952,0.8479,2.7105,1.1914,13.218200000000001,7.9489,24.9758,19.9955,20.9354,6.1225,6.824199999999999,7.3978,0.6166,2.377,6.9125,16.609099999999998,2.5561,7.381,10.3252,6.8792,14.309899999999999,1.2181,5.3898,21.4893,2.335,10.4882,25.529700000000002,0.3009,4.1587,20.8868,6.4655,20.909599999999998,6.4248,2.417,24.845200000000002,13.2305,1.5535999999999999,9.286,13.1909,7.311,3.8777,18.6899,1.163,6.591600000000001,9.951,1.6835
4,4.0409,2.0561,15.0254,4.6257,0.0,8.273,5.6306,6.1541999999999994,6.1498,10.7492,8.7855,9.746799999999999,8.127,6.2607,7.2269,5.9426000000000005,1.73,10.2575,6.6253,6.6028,9.5915,10.2064,10.0792,13.4481,7.6161,9.974200000000002,7.6018,10.7585,4.4698,22.0678,6.0038,21.6056,6.4511,10.7391,12.2709,7.9943,5.1218,2.5816,13.8571,4.719600000000001,10.2544,8.1002,12.1357,5.1008000000000004,14.4006,5.476,7.0305,13.4124,10.5635,6.842,21.8462,4.2989,2.2897,3.8323,8.576,9.4779,20.4268,17.3173,21.813599999999997,1.4845,2.182,11.5428,5.1457,3.034,6.3125,13.9309,6.112,11.5259,9.603200000000001,7.0531999999999995,9.6677,3.8594,5.1762,22.3674,5.414,6.086,20.980700000000002,3.9898000000000002,5.0238000000000005,21.7649,5.9186000000000005,21.7877,9.6235,6.562,20.296200000000002,13.5746,4.0557,10.2422,8.5488,5.6083,4.1609,16.0118,5.308,1.9494,5.3088,3.0718
5,6.8785,6.648,16.681,6.5591,8.468200000000001,0.0,12.1288,12.4124,12.408,17.2473,15.283700000000001,16.005,11.4865,5.7988,14.0529,11.182,8.2129,4.7702,12.8835,12.860899999999999,6.372,6.9868999999999994,12.0126,6.1828,13.8743,15.3014,13.7775,4.2471000000000005,6.4032,28.4728,7.9372,16.3699,5.7347,12.6725,4.3401000000000005,14.4924,4.2403,9.0797,5.6053999999999995,9.065,4.0639,14.5983,4.675,3.434,20.898799999999998,7.4093,13.5286,4.839899999999999,12.4969,14.1696,28.251099999999997,7.2081,6.6014,7.339600000000001,15.074200000000001,3.6940999999999997,26.831799999999998,23.8154,16.5778,7.9785,8.6801,13.4761,7.0791,6.2679,3.1024000000000003,20.4291,5.7002,14.4716,2.7218,3.8430999999999997,16.1658,7.459,4.2666,17.131700000000002,4.9483999999999995,12.3442,27.3857,6.899100000000001,3.9791999999999996,16.5292,4.1912,16.552,13.369399999999999,6.7554,26.7012,5.323,7.746,4.051699999999999,15.046899999999999,4.4672,4.129899999999999,22.509900000000002,7.2413,8.4475,11.807,7.0905
6,4.8567,6.0638000000000005,14.8031,10.161700000000002,5.8326,12.019200000000001,0.0,2.3709000000000002,1.8369000000000002,6.652399999999999,4.3868,5.2245,5.4669,11.7968,13.249600000000001,10.6046,4.5672,13.0108,2.5118,2.0373,9.3947,9.6361,14.1666,17.1943,3.1254,12.9554,12.974200000000002,16.4041,10.005799999999999,16.1292,11.5399,20.7908,11.5285,14.826600000000001,16.0171,4.0182,7.581,3.9273000000000002,19.5027,9.8885,15.163,4.1242,15.8818,10.536200000000001,10.4405,10.4093,2.6121999999999996,19.058,14.6509,1.6579000000000002,15.9075,9.9626,7.974399999999999,9.517,3.8171,14.3865,14.488100000000001,13.3571,20.9988,4.6996,3.9345,15.3225,10.681700000000001,8.343200000000001,10.0587,9.970799999999999,11.648,15.6134,14.741,7.6141000000000005,5.6917,9.5442,8.9223,21.552599999999998,10.796100000000001,2.14,15.0421,9.6536,10.4137,20.208599999999997,7.7538,20.972900000000003,13.883299999999998,12.098,14.3576,19.220200000000002,9.7405,15.150799999999998,4.5728,7.311,9.636,12.0516,10.844,4.6947,0.9863,8.7566
7,4.5377,6.623399999999999,13.6168,10.6678,6.3387,12.5253,2.1797,0.0,0.5883999999999999,7.557,5.2915,4.2264,4.0181,12.3029,12.8624,10.2174,5.4563999999999995,11.7544,1.5158,0.9658,8.999,9.2404,13.7795,17.700400000000002,1.7326,14.959,12.5871,16.9103,10.512,16.4393,12.7869,23.0515,12.034600000000001,14.4394,16.5232,5.0596000000000005,7.7202,5.3022,20.0088,12.1051,15.6691,5.1655,16.388,11.042399999999999,11.165700000000001,10.9893,3.6692,19.5641,14.2638,2.7306,16.2176,10.5426,8.373700000000001,9.9163,4.7218,14.8926,14.7983,14.0824,23.259400000000003,5.2109,4.4458,14.9353,11.187899999999999,8.923200000000001,10.5648,10.696,12.154200000000001,15.2262,15.2471,7.1547,6.6159,12.6273,9.4285,23.813299999999998,11.302200000000001,0.17880000000000001,15.3522,10.233600000000001,10.9199,22.7193,7.8929,23.2336,13.4962,12.6041,14.6677,19.7264,12.4536,15.6569,5.6141000000000005,6.8516,10.1422,12.7768,11.350100000000001,5.2009,3.0159000000000002,9.155899999999999
8,4.9654,6.7598,13.7533,10.8043,6.4752,12.6618,1.9542,0.6701,0.0,7.3315,5.066,3.889,4.1546,12.4393,12.998899999999999,10.3539,5.592899999999999,12.1821,1.2903,0.8159,8.8563,9.0978,13.915899999999999,17.8369,1.59,15.0955,12.7235,17.0467,10.648399999999999,16.2967,12.923399999999999,22.9088,12.171100000000001,14.575899999999999,16.6597,4.8341,8.1479,5.4387,20.1453,12.2416,15.8056,4.94,16.5244,11.178799999999999,10.940299999999999,11.6546,3.4436999999999998,19.700599999999998,14.4002,2.5051,16.075,10.9702,8.510200000000001,10.0528,4.4963,15.029,14.6556,13.8569,23.116799999999998,5.347300000000001,4.5823,15.0718,11.3243,9.3509,10.7013,10.4705,12.2906,15.3627,15.3836,7.5824,6.3904,12.7638,9.5649,23.6706,11.438600000000001,0.42,15.2096,10.661200000000001,11.056299999999998,22.5766,8.3206,23.0909,13.632700000000002,12.7406,14.525,19.8628,12.5901,15.7934,5.3886,7.2793,10.2786,12.5514,11.486600000000001,5.3373,2.7904,9.2923
9,10.5417,11.0496,20.169,15.1475,10.8184,17.005,6.6496,7.474399999999999,6.9403999999999995,0.0,2.9107,10.3279,10.5703,16.7826,18.235400000000002,15.590399999999999,9.5531,17.996599999999997,7.6152,7.1407,15.092799999999999,15.334200000000001,19.1524,22.1801,7.4701,16.2089,17.96,21.3899,14.991700000000002,16.3558,15.2524,29.687900000000003,16.5143,19.8124,21.0029,3.0936999999999997,12.566799999999999,8.913200000000002,24.4885,14.1445,20.148799999999998,4.3582,20.8677,15.5221,9.2005,15.395100000000001,4.861,24.0438,19.6368,5.1116,16.1342,14.9484,12.9603,14.502799999999999,2.8319,19.3723,14.714799999999999,6.0968,29.8959,9.6855,8.920399999999999,20.3083,15.6676,13.329,15.0445,9.031799999999999,16.6339,20.5992,19.7268,12.5999,1.4637,14.53,13.9082,30.4497,15.7819,7.243399999999999,15.2687,14.6394,15.3996,29.355700000000002,12.739600000000001,29.87,18.8692,17.0838,14.584200000000001,24.2061,14.7676,20.136599999999998,2.684,12.2968,14.6219,5.9655,15.829799999999999,9.6806,5.9112,13.7424
10,8.6789,9.1868,17.4434,13.284799999999999,8.9557,15.142299999999999,3.924,4.7488,4.2148,3.1645,0.0,7.6023000000000005,7.8447,14.919799999999999,16.372700000000002,13.7276,7.690300000000001,16.1339,4.889600000000001,4.415100000000001,13.23,13.4715,17.2897,20.317400000000003,5.5032,14.346200000000001,16.0973,19.5272,13.1289,14.1785,13.3896,26.9623,14.6516,17.9497,19.1402,2.14,10.7041,7.0504,22.625799999999998,12.281799999999999,18.286099999999998,2.6733000000000002,19.004900000000003,13.6593,11.3331,13.532399999999999,2.9981999999999998,22.181099999999997,17.774,2.6740999999999997,13.9569,13.085600000000001,11.0975,12.6401,0.31,17.5095,12.5375,9.0257,27.1703,7.8227,7.057600000000001,18.4456,13.804799999999998,11.466299999999999,13.181799999999999,10.8634,14.7711,18.7364,17.864099999999997,10.737200000000001,2.2233,12.6673,12.045399999999999,27.7241,13.9191,4.5178,13.0914,12.7766,13.5368,26.6301,10.8768,27.1444,17.006400000000003,15.2211,12.4069,22.3433,12.9049,18.2739,0.791,10.4341,12.7591,12.9442,13.9671,7.8178,4.0484,11.8796
11,6.7743,9.7219,12.4891,13.3745,9.4372,13.3139,5.0455,4.1858,3.6518,10.422799999999999,8.1573,0.0,2.1425,15.401399999999999,15.960899999999999,13.3159,8.5549,14.539200000000001,4.3865,3.912,10.248,10.4894,16.878,20.7989,4.888199999999999,18.0575,15.6856,17.163700000000002,13.6105,14.7095,15.885399999999999,19.5135,15.1331,17.5379,17.311799999999998,7.9254,10.305,8.4007,20.2622,15.2036,18.767599999999998,8.0313,19.4865,14.1409,14.031600000000001,14.1142,6.535,19.8175,17.362299999999998,5.5964,14.4878,13.667399999999999,11.4722,13.0148,7.5876,17.9911,13.0684,16.9482,19.7215,8.3094,7.5443,18.0338,13.898700000000002,12.048,11.007700000000002,13.5618,15.2527,18.3247,16.035700000000002,9.7395,9.4817,15.7258,12.527,20.275299999999998,14.4007,3.9548,13.622399999999999,13.3584,14.0184,19.1813,10.4777,19.6956,16.5947,15.7026,12.9378,19.9798,15.552100000000001,18.7554,8.479899999999999,9.436399999999999,13.2407,15.642700000000001,14.4486,8.2994,5.8816999999999995,12.2544
12,5.552899999999999,7.5215,10.457,11.3425,7.747,11.281799999999999,5.6458,4.1945,4.4351,11.023100000000001,8.7576,2.1626999999999996,0.0,13.711200000000002,14.2708,11.6258,6.8648,12.507200000000001,4.9106000000000005,4.888,8.2159,8.4574,15.1878,19.108700000000002,5.7088,16.3674,13.9954,15.1316,11.9203,16.447200000000002,14.1953,17.4815,13.4429,15.8478,15.2797,8.5256,8.273,6.7106,18.2302,13.5135,17.0775,8.6316,17.7963,12.450700000000001,14.6318,12.0821,7.1353,17.7855,15.6721,6.1967,16.2255,11.635399999999999,10.3495,11.8919,8.187899999999999,16.3009,14.8061,17.5485,17.689400000000003,6.6192,5.854100000000001,16.343700000000002,11.866700000000002,10.016,8.975700000000002,14.1621,13.5625,16.6346,14.0036,7.7075,10.082,14.0356,10.836799999999998,18.2432,12.7105,4.1845,15.360100000000001,11.3264,12.3282,17.1493,8.4457,17.6636,14.9045,14.0125,14.6755,17.9477,13.862,17.0653,9.080200000000001,7.4044,11.5505,16.2429,12.7584,6.6091999999999995,5.9204,10.564200000000001
13,7.9862,5.8893,19.543599999999998,2.5216,6.1706,5.7446,11.7205,12.004100000000001,11.9997,16.839,14.875399999999999,15.0785,13.0485,0.0,9.4573,7.3038,7.804600000000001,8.7518,12.475200000000001,12.4526,9.0298,9.6447,7.7398,8.7142,13.466,12.193,9.182,9.2527,2.3657,28.0645,3.6644,19.5658,0.2803,8.399700000000001,11.149799999999999,14.084100000000001,5.2412,8.6714,12.351299999999998,6.3425,8.9339,13.3293,7.401800000000001,2.8544,19.365,3.1366,13.120299999999999,11.906600000000001,8.2241,13.7612,27.8428,3.6216999999999997,4.2032,4.2188,14.665899999999999,7.5846,26.4235,22.2817,19.773799999999998,7.5702,8.271799999999999,9.2034,3.0416,3.8695999999999997,5.7509,18.8953,0.5685,9.1865,7.5807,5.6282,15.7575,4.0217,4.2282,20.327599999999997,1.0299,11.9359,26.977400000000003,2.8526,2.4923,19.725099999999998,5.2747,19.7479,8.2304,2.3581,26.292900000000003,12.0689,3.848,8.921700000000001,14.6386,6.2522,3.0596,20.9761,2.9686,8.0392,11.398700000000002,3.9698
14,12.440700000000001,9.7456,23.9497,7.184,7.1068999999999996,12.499799999999999,13.5844,12.3781,12.373700000000001,18.9617,16.6962,15.9707,14.3509,9.9481,0.0,2.3075,12.211799999999998,15.507,12.849200000000002,12.8267,20.113599999999998,20.7285,3.4984,15.6368,13.84,5.6135,0.3763,18.344900000000003,8.018699999999999,28.4385,6.6258,26.321099999999998,10.1385,4.158399999999999,18.4378,12.6623,11.947799999999999,12.1029,19.0504,5.6978,18.8387,11.2506,14.324399999999999,10.1449,17.2863,7.242,11.251,18.4857,3.9827,14.135299999999999,28.216900000000003,7.231199999999999,7.2923,6.8571,13.2441,14.507100000000001,26.7975,20.203,26.529,11.966299999999999,11.0581,4.6543,7.639600000000001,7.9482,16.8346,16.816599999999998,9.799299999999999,4.9452,15.9188,12.412600000000001,14.335799999999999,6.2363,10.9834,27.082900000000002,8.6036,12.309899999999999,27.3514,7.5017,9.7523,26.4803,12.0591,26.5032,3.2151,8.5982,26.666900000000002,18.824099999999998,6.0626999999999995,18.8265,13.2168,13.0366,9.4713,18.8975,6.9986999999999995,11.4707,14.4206,6.3938999999999995
15,13.088799999999999,7.8324,21.709400000000002,5.5101,5.7223999999999995,10.5866,11.344100000000001,10.137799999999999,10.1335,16.7215,14.4559,13.7304,12.110700000000001,7.2835,1.7829000000000002,0.0,9.9715,13.5938,10.609,10.5864,17.8733,18.4882,5.5063,12.972299999999999,11.5997,5.5548,2.1576999999999997,14.0948,5.3542,26.1983,3.9613,31.2283,7.4738999999999995,6.1662,15.9918,11.254100000000001,13.4037,9.8626,17.1933,3.7845999999999997,13.192,9.8424,11.659799999999999,8.2317,15.8781,4.4256,9.842799999999999,16.7486,5.990600000000001,11.895,25.976599999999998,4.5666,5.3791,4.4224,13.8862,11.842600000000001,24.5572,18.794700000000002,31.4363,9.726,8.8178,6.662100000000001,4.9751,6.035,14.594299999999999,15.4084,7.1348,6.953,14.005600000000001,15.335,12.9275,3.8016,9.070200000000002,31.990099999999998,6.9136999999999995,10.069600000000001,25.1112,4.9616999999999996,7.8391,30.896099999999997,10.1459,31.410400000000003,5.223,5.9336,24.426599999999997,16.9109,3.628,13.179799999999998,11.8086,15.959100000000001,7.5581000000000005,17.4892,4.3342,9.2304,9.194799999999999,4.4807
16,2.2404,2.1567,13.445799999999998,6.192699999999999,1.872,8.0502,3.9297,5.265899999999999,5.2615,9.0483,7.0846,8.8584,7.2387,7.8277,11.257299999999999,8.6123,0.0,9.6953,5.737,5.7143999999999995,6.7915,7.0329,12.174299999999999,13.225299999999999,6.222899999999999,13.3539,10.9819,12.4351,6.0368,20.3669,7.5708,17.6755,7.5595,12.834299999999999,12.0481,6.293399999999999,4.0092,0.8807,15.533700000000001,6.3433,11.194,6.3993,11.912799999999999,6.5672,12.6997,7.043,5.3296,15.089,12.658700000000001,5.141100000000001,20.1453,6.227,3.9134,5.456,6.875100000000001,10.417399999999999,18.725900000000003,15.6164,17.8834,0.5393,1.2937,13.330200000000001,6.7127,4.5693,6.0897,12.23,7.679,13.6211,10.772,4.2987,7.9668,5.4832,4.9533000000000005,18.4373,6.827100000000001,5.1977,19.279799999999998,5.918,6.4447,17.0932,3.9311,17.857599999999998,11.8911,8.129,18.595299999999998,15.2512,5.6795,11.181799999999999,6.847899999999999,3.9956,5.667,14.3109,6.875,1.0611,3.6079,4.695600000000001
17,8.7697,10.7851,13.756,9.806,10.723799999999999,5.235600000000001,13.24,14.0583,14.7055,18.3585,16.3948,16.1186,12.6927,9.0457,17.299799999999998,14.4289,9.896700000000001,0.0,17.020599999999998,14.5357,4.9593,5.3884,15.2594,7.5508999999999995,15.3025,18.548299999999998,17.0244,3.8254,9.6501,27.095,11.1841,12.040799999999999,8.9816,15.9194,5.2945,15.6036,7.2028,13.216899999999999,6.496,12.3119,5.1473,15.7095,5.9811000000000005,6.6929,22.01,10.6562,14.6398,6.0513,15.743799999999998,16.6549,26.8733,10.455,9.8483,10.5865,16.1854,5.0622,25.4539,24.926599999999997,12.2488,12.1156,12.817200000000001,16.723,10.326,9.5148,6.667800000000001,21.5403,8.9471,17.7305,3.7361999999999997,6.1799,17.277,10.7059,7.525600000000001,12.8026,8.1953,14.152700000000001,26.007900000000003,10.146,7.226100000000001,12.2001,6.5981000000000005,12.2229,16.6163,10.0022,25.3233,6.2136000000000005,10.992899999999999,5.1351,16.1581,6.3583,7.496,23.6211,10.4882,12.584700000000002,12.9181,10.337399999999999
18,5.3393999999999995,7.1338,14.1273,11.1783,6.8491,13.0358,2.238,1.5075,0.9735,7.6153,5.3498,4.2943999999999996,4.5285,12.8133,13.3729,10.727799999999998,5.9668,12.5561,0.0,0.9622999999999999,9.4933,9.7347,14.2899,18.2108,1.1737,15.4695,13.0975,17.4207,11.0224,15.953299999999999,13.2974,23.5458,12.545,14.9499,17.0336,5.1179,8.521799999999999,5.8126999999999995,20.5192,12.6156,16.1796,5.2238,16.898400000000002,11.5528,11.224,12.0285,3.7275,20.0745,14.7742,2.7889,15.7317,11.3442,8.8841,10.4267,4.7801,15.403,14.312299999999999,14.1407,23.753700000000002,5.7213,4.9562,15.445799999999998,11.6983,9.7248,11.075299999999999,10.754299999999999,12.6646,15.736600000000001,15.7575,7.956300000000001,6.6742,13.1377,9.9389,24.3075,11.8126,1.2765,14.866200000000001,11.035200000000001,11.430299999999999,23.2136,8.694600000000001,23.7279,14.0066,13.1145,14.181700000000001,20.2368,12.964,16.1674,5.6724,7.6532,10.6526,12.8351,11.8605,5.7113000000000005,3.0742,9.6663
19,5.1808000000000005,6.9752,16.1171,11.0197,6.690600000000001,12.8772,1.8976,1.033,0.499,7.2749,5.009399999999999,3.8844000000000003,4.3698999999999995,12.6547,13.2143,10.5693,5.8083,13.7941,0.8258,0.0,9.083200000000001,9.3247,14.1313,18.0522,1.2201,15.3109,12.9389,17.2621,10.8638,15.9268,13.1388,23.1357,12.3864,14.7913,16.8751,4.777399999999999,8.3632,5.654100000000001,20.360599999999998,12.457,16.021,4.8834,16.7398,11.394200000000001,10.8836,11.87,3.3870999999999998,19.9159,14.6156,2.4484,15.7051,11.1856,8.7256,10.2681,4.4397,15.244399999999999,14.2857,13.8003,23.343700000000002,5.5626999999999995,4.7976,15.2872,11.5397,9.5662,10.9167,10.4139,12.506,15.578100000000001,15.599,7.7977,6.3338,12.9791,9.780299999999999,23.8975,11.654,0.8021,14.8397,10.8766,11.271700000000001,22.8035,8.536,23.3178,13.848,12.956,14.1552,20.078200000000002,12.8055,16.0088,5.332,7.4947,10.494,12.4947,11.7019,5.5527,2.7338,9.507700000000002
20,4.6967,6.6484,11.468200000000001,10.084200000000001,8.6023,7.1961,11.5105,9.464799999999999,10.1119,16.8878,13.188600000000001,10.1899,8.1598,9.148100000000001,20.346,17.701,6.7142,5.2267,10.8466,9.9421,0.0,0.7948999999999999,15.537700000000001,12.431700000000001,10.709,20.8511,20.0706,8.7062,9.9283,23.6546,11.462299999999999,13.0655,9.084100000000001,16.1976,10.1753,12.3973,4.8871,7.3132,11.3769,14.614600000000001,10.0282,12.5033,10.8619,7.5541,18.8037,10.9345,11.4335,10.9322,16.022,12.0613,23.433,12.767100000000001,11.4813,10.8628,12.9791,9.943,22.0136,21.720299999999998,13.2735,7.2535,8.024,20.4327,10.6042,11.1477,4.89,18.334,9.0495,16.9844,8.617,3.8645,14.070799999999998,13.0504,5.8372,13.8273,8.2977,9.5592,22.5675,12.4581,7.328600000000001,13.2248,4.2824,13.2476,18.919,10.104700000000001,21.883,11.0944,13.294799999999999,10.0159,12.951799999999999,4.0717,7.218100000000001,20.4148,10.7665,7.791399999999999,9.7119,10.1262
21,7.5265,8.322700000000001,11.6694,11.777700000000001,10.1993,6.5679,10.8139,8.7682,9.4154,16.191200000000002,13.9257,11.112200000000001,9.0821,9.491299999999999,19.6494,17.0044,7.7578000000000005,5.7826,10.15,9.2456,0.9217000000000001,0.0,18.580299999999998,13.7776,10.0124,20.1545,19.3741,9.348700000000001,11.957600000000001,24.719099999999997,12.888,13.6214,9.427200000000001,19.240299999999998,11.245700000000001,13.4991,4.6616,8.805299999999999,12.4472,13.9181,10.5276,13.605,12.4651,7.1195,19.9054,12.517299999999999,12.5353,12.0025,19.0646,11.364799999999999,24.497400000000003,12.0706,10.7847,12.3271,13.356,10.5855,23.078,22.8221,13.8294,8.2971,9.1662,19.7362,12.3018,10.4512,4.2618,19.4357,9.392700000000001,20.027099999999997,9.2595,3.744,15.1725,12.3538,5.6117,14.3832,8.6409,8.8626,23.632,11.7616,7.6716999999999995,13.780700000000001,4.0569,13.8035,18.2225,10.447799999999999,22.947400000000002,12.1648,12.5982,10.5154,14.053600000000001,3.9224,6.9926,21.516599999999997,12.7957,8.8189,10.813600000000001,11.9904
22,11.9357,9.3598,25.2024,6.1478,9.0812,12.1415,14.837200000000001,13.6309,13.6265,20.2145,17.948900000000002,17.2234,15.6037,7.9212,3.6551,5.1075,13.4646,15.148700000000002,14.102,14.0794,15.4268,16.0331,0.0,13.746799999999999,15.092799999999999,9.0767,3.3796999999999997,15.8535,5.991899999999999,29.6913,4.5988999999999995,31.1523,8.111600000000001,1.1077000000000001,15.946399999999999,17.717,11.4747,13.3556,16.5589,6.4639,16.3473,14.0721,12.434299999999999,9.7866,20.1078,5.2151000000000005,16.326700000000002,15.994299999999999,0.9321,15.388,29.4696,5.2043,7.4416,5.8391,17.3792,12.6171,28.0502,23.0245,31.3603,13.219100000000001,12.3109,2.8898,5.6128,7.8267,12.1478,19.638099999999998,7.7725,1.8945,14.2625,12.3288,19.2733,5.2183,10.6251,31.914099999999998,7.551399999999999,13.562700000000001,28.604200000000002,5.599399999999999,9.394,31.3116,11.700899999999999,31.334400000000002,1.9169,6.5713,27.9196,16.929299999999998,5.0446,16.3351,18.2715,12.7607,9.113,21.7189,4.9719,12.7234,15.6733,6.1043
23,12.9571,12.2829,21.0976,8.9792,12.628200000000001,6.4148000000000005,17.7637,18.0473,18.042900000000003,22.8823,20.918599999999998,21.6399,20.0201,8.854299999999999,15.9558,13.0658,13.8478,7.5755,18.5184,18.495900000000002,12.6119,13.226799999999999,12.4249,0.0,19.5092,17.8074,15.6805,5.8341,8.8233,34.107699999999994,9.4265,19.3838,9.0447,11.5786,5.927,20.127299999999998,10.8316,14.7147,7.192399999999999,12.1046,3.5147,20.2333,2.0056,7.3584,26.5337,8.8986,19.1635,6.4269,11.947700000000001,19.8045,33.8861,9.383799999999999,10.6608,10.4045,20.7091,2.5514,32.4667,29.450400000000002,19.5918,13.6134,14.315100000000001,14.499799999999999,9.071,10.3273,9.1811,26.064,8.7056,11.798,4.3079,9.921700000000001,21.8008,9.783700000000001,9.0912,20.145599999999998,8.4845,17.9791,33.0206,9.3103,7.6585,19.5431,10.8651,19.565900000000003,13.520100000000001,7.5043999999999995,32.3361,6.91,9.61,3.5025,20.6818,10.5458,8.6953,28.1448,8.7306,14.0825,17.4419,10.4274
24,5.988300000000001,7.8475,16.3296,11.7002,7.6806,12.1796,2.8743000000000003,2.0231,1.4890999999999999,7.5327,5.2672,4.0609,5.36,13.49,14.2043,11.559299999999999,6.0846,14.0066,1.1737,1.1236,9.2958,9.5372,15.1214,19.0423,0.0,16.3009,13.929,16.0294,11.6991,15.1821,14.1288,23.3483,13.3765,15.7813,16.1775,5.0987,9.1707,6.0101,19.1279,13.447,17.011,5.2046,17.7299,12.3843,11.860299999999999,12.4399,4.3638,18.6832,15.6057,3.4252,14.9604,11.9931,9.752600000000001,11.295200000000001,4.6975,16.2345,13.541,14.777,23.5562,6.5528,5.7877,16.2772,12.2244,10.373700000000001,9.8734,11.390600000000001,13.341299999999999,16.568099999999998,14.901399999999999,8.6052,6.591600000000001,13.9692,10.7704,24.1101,12.6434,1.7920999999999998,14.095,11.6841,12.2618,23.016099999999998,9.3435,23.5304,14.8381,13.7913,13.4105,18.8455,13.7955,16.9988,5.6532,8.302200000000001,11.3902,13.4714,12.5373,6.542800000000001,3.7105,10.534799999999999
25,17.5521,12.3299,26.1727,9.7683,10.1506,15.084100000000001,15.8074,14.6011,14.5967,15.7073,13.7436,18.1937,16.573900000000002,12.286100000000001,5.1533,5.7919,14.4348,18.0913,15.0722,15.0496,22.336599999999997,22.951400000000003,8.4396,17.9749,16.063,0.0,5.3175,18.592200000000002,10.3568,27.0259,8.963899999999999,35.6916,12.4765,9.0995,20.4893,12.9523,17.8669,14.3258,21.6908,8.2821,18.194599999999998,11.5406,16.6624,12.7292,17.576400000000003,9.4282,11.541,21.2461,8.9239,12.378,26.8042,9.5692,9.8766,9.4251,13.5341,16.845200000000002,25.384900000000002,20.493,35.8995,14.1893,13.2811,9.5954,9.9777,10.5325,19.057599999999997,17.1067,12.1374,9.886299999999999,18.5031,19.798299999999998,14.6258,8.804200000000002,13.5677,36.453300000000006,11.187899999999999,14.5329,25.9388,9.9644,12.3366,35.3594,18.6636,35.8737,8.1563,10.936200000000001,25.2543,21.4084,8.630600000000001,18.1824,13.5069,20.4223,12.0556,19.1875,9.336799999999998,13.6936,12.197799999999999,8.978200000000001
26,12.2117,9.5166,23.7207,6.955,8.703,12.2708,13.3554,12.1491,12.1448,18.7328,16.467200000000002,15.741700000000002,14.122,9.719100000000001,0.4111,2.6609000000000003,11.9828,15.278,12.620299999999999,12.597700000000001,19.8846,20.4995,3.2694,15.4078,13.611,5.8813,0.0,18.1159,7.7898000000000005,28.2096,6.3968,26.0921,9.9095,3.9294000000000002,18.2088,12.930200000000001,11.7188,11.873899999999999,18.8214,5.4688,18.6098,11.5185,14.0954,9.915899999999999,17.5542,7.013,11.5189,18.256700000000002,3.7537,13.9063,27.9879,7.0022,7.0633,6.6282,15.8975,14.2782,26.5685,20.4708,26.3,11.7373,10.8291,4.4253,7.4106000000000005,7.7192,16.6056,17.0845,9.5704,4.7162,15.6898,12.1836,14.6036,6.0074,10.7544,26.853900000000003,8.3747,12.0809,27.1225,7.2726999999999995,9.523299999999999,26.2514,11.8301,26.2742,2.9861999999999997,8.369200000000001,26.437900000000003,18.5951,5.833699999999999,18.5975,13.4847,12.8077,9.242299999999998,19.1653,6.769699999999999,11.241700000000002,14.191600000000001,6.164899999999999
27,10.5499,10.8911,17.324099999999998,9.912,10.829799999999999,4.6863,16.3719,16.6556,16.6512,21.4905,19.526799999999998,17.0098,14.9798,9.1517,17.4058,14.5349,12.456,3.802,17.1267,17.1041,8.838299999999998,9.4532,15.2286,5.7863,18.912200000000002,18.654400000000003,17.1304,0.0,9.7561,33.4906,11.2902,15.0838,9.0877,14.382299999999999,0.6449,18.735599999999998,7.9117,13.322899999999999,2.2925999999999997,12.418,2.3888000000000003,18.8415,4.074,6.7989,25.1419,10.7623,17.7718,1.5271,14.7514,18.4127,33.269,10.561,9.9544,10.6925,19.3173,4.132,31.8496,28.0586,15.291799999999999,12.2217,12.9233,17.3035,10.432,9.620899999999999,6.773899999999999,24.6722,9.0531,14.601700000000001,3.2694,7.5145,20.409,10.8119,7.631600000000001,15.845600000000001,8.3013,16.587400000000002,32.4035,10.252,7.332199999999999,15.2431,7.8626000000000005,15.2659,16.3238,10.1083,31.719,2.0102,11.099,2.3766,19.2901,8.1386,7.602,26.7531,10.594299999999999,12.690700000000001,16.0501,10.4435
28,6.1603,4.0635,17.7252,0.272,4.4929,6.5805,9.9471,10.2307,10.226299999999998,15.0656,13.102,13.260200000000001,11.2301,2.3790999999999998,7.5696,5.416,6.0788,9.5877,10.701799999999999,10.679200000000002,9.8658,10.257700000000002,5.852,8.752799999999999,11.6926,10.2449,7.2942,10.088700000000001,0.0,26.2911,1.7767,20.401799999999998,2.5695,6.512,11.985700000000001,12.3107,5.6993,6.898,13.1872,4.0085,8.9725,11.381200000000002,7.4403999999999995,4.2256,17.416900000000002,1.2488,11.3469,12.7425,6.3363000000000005,11.9879,26.0694,1.1187,2.3848000000000003,1.3752,12.8925,7.6231,24.6501,20.333599999999997,20.6097,5.7968,6.498399999999999,7.315600000000001,0.9186,2.0513000000000003,6.5868,16.947200000000002,2.2304,7.2988,9.9995,6.5535,13.9841,2.1339,5.064100000000001,21.1636,2.0093,10.1625,25.204,0.571,3.833,20.561,6.1398,20.5839,6.3426,2.3348,24.5195,12.9048,1.9602,8.9603,12.865200000000002,6.9853000000000005,3.552,19.028,1.0808,6.2658000000000005,9.6253,2.0216
29,20.807299999999998,22.3615,21.3294,26.459400000000002,22.1303,28.3169,16.1088,16.8421,16.3081,16.386,14.1205,14.787,16.4896,28.0945,28.8738,26.2288,20.865,27.4991,15.9882,15.9759,24.7407,24.6617,29.7908,33.492,15.1685,27.520799999999998,28.5984,33.5625,26.3036,0.0,28.798299999999998,29.2814,27.8262,30.4508,34.4862,15.562700000000001,23.878700000000002,20.225099999999998,35.6877,25.456400000000002,34.8844,16.159,32.1796,26.8339,24.7718,26.707,16.1729,35.243,30.2752,15.3465,0.6239,26.2603,24.2721,25.814700000000002,14.427,30.6842,2.1678,22.9039,29.4893,20.997400000000003,20.2323,30.9467,26.9795,24.640900000000002,26.3564,24.6032,27.9458,31.237599999999997,33.4733,23.4242,15.4449,25.841900000000003,25.2201,30.0431,27.093799999999998,16.611099999999997,1.6703,25.9513,26.7115,28.9492,24.0515,29.4635,29.5076,28.3957,2.2224,35.405300000000004,26.0795,34.8722,14.5836,23.1211,25.933799999999998,21.8805,27.1417,20.9925,17.2231,25.054299999999998
30,7.7157,5.1398,18.652099999999997,1.9277,5.2471000000000005,7.9215,10.4926,12.4934,12.4891,14.7864,12.822799999999999,16.086,12.157,3.7011999999999996,6.1265,3.9729,6.8011,10.928700000000001,12.9646,12.942,11.2068,11.8131,4.4089,9.389899999999999,13.9553,8.7145,5.851100000000001,11.4297,1.7718,26.1051,0.0,21.7428,3.8916,5.068899999999999,13.3267,12.0315,7.2546,8.4534,14.5282,3.0117,9.6096,10.6198,8.0775,5.5666,16.6556,0.9951,10.6202,14.0835,4.8932,11.4571,25.8834,0.9843,3.9400999999999997,2.005,12.613299999999999,8.260200000000001,24.464,19.572200000000002,21.9507,6.5667,8.0538,5.8725,1.3927,3.6066,7.9278,16.1858,3.5524,5.855600000000001,9.9056,8.1088,13.705,1.3842,6.4051,22.5046,3.3313,12.4252,25.018,1.3794000000000002,5.174,21.902,7.4808,21.9249,4.8995,2.3513,24.3334,14.2458,1.2105,9.5974,12.586,8.5406,4.893,18.2667,0.7517999999999999,7.8212,10.1707,2.2702
31,15.853200000000001,17.805,11.642100000000001,21.418599999999998,22.8472,17.3324,21.3104,19.2647,19.9118,26.6877,24.4222,22.29,20.6703,20.6583,33.1915,30.5465,18.2543,13.254299999999999,20.6465,19.742,14.0574,14.4865,31.1767,20.4589,20.5089,35.2881,32.916199999999996,16.4219,21.262700000000002,29.371299999999998,22.796799999999998,0.0,20.5943,30.3304,15.976600000000001,23.9955,17.8775,19.3018,17.178099999999997,24.4146,19.4835,24.1015,21.1687,18.3055,30.4019,22.268900000000002,23.0317,16.733400000000003,30.6995,21.8613,29.1496,22.567,21.281200000000002,22.199099999999998,23.8525,17.970200000000002,27.7302,33.318599999999996,0.3727,18.793599999999998,19.662599999999998,33.251599999999996,21.938599999999997,20.9477,16.9097,29.9322,20.5598,30.549799999999998,16.6442,16.854599999999998,25.669,22.3185,18.7829,1.3302,19.808,19.359099999999998,28.284200000000002,22.258,18.8388,1.0934000000000001,17.2728,0.3469,32.2719,21.614900000000002,27.5996,16.8957,22.6056,19.4713,24.550099999999997,15.228200000000001,19.1086,32.013,22.100900000000003,19.3153,21.3101,21.9501
32,8.1766,6.0797,19.734,2.7119,6.3609,5.6805,11.9109,12.1945,12.190100000000001,17.029400000000003,15.065700000000001,15.2689,13.2389,0.2803,9.6477,7.4942,7.995,8.687700000000001,12.6656,12.643,8.9658,9.5807,7.9302,8.9046,13.6564,12.3834,9.372399999999999,9.1887,2.5561,28.254900000000003,3.8548,19.5018,0.0,8.5901,11.085700000000001,14.2745,5.1771,8.861799999999999,12.2872,6.5329,9.1243,13.5197,7.5922,2.7903000000000002,19.555400000000002,3.327,13.3107,11.8425,8.4145,13.951600000000001,28.0332,3.8121,4.3936,4.4092,14.8563,7.775,26.6139,22.472099999999998,19.7097,7.7606,8.462200000000001,9.393799999999999,3.232,4.06,5.6868,19.0857,0.7767000000000001,9.3769,7.5167,5.564100000000001,15.947899999999999,4.2121,4.1641,20.2636,1.0689000000000002,12.126299999999999,27.1678,3.043,2.4283,19.661099999999998,5.2107,19.6839,8.4208,2.5485,26.4833,12.0048,4.0384,9.1121,14.829,6.1882,2.9955,21.1665,3.159,8.2296,11.589,4.1602
33,12.4498,9.873899999999999,25.7165,6.6618,9.5953,12.6556,15.3512,14.1449,14.1405,20.7285,18.463,17.7375,16.1177,8.4353,4.1691,5.6216,13.9786,15.662799999999999,14.616,14.5935,15.9409,16.5472,0.9848,13.7902,15.6068,9.5908,3.8938,15.8969,6.5059,30.205299999999998,5.113,31.1958,8.6257,0.0,15.9899,18.231099999999998,11.988700000000001,13.8697,16.602400000000003,6.978,16.3908,14.586200000000002,12.477799999999998,10.3007,20.6219,5.7292,16.840700000000002,16.0378,0.5076,15.9021,29.983700000000002,5.7184,7.9557,6.3532,17.8933,12.6606,28.5643,23.5385,31.4038,13.7331,12.8249,2.8775999999999997,6.1268,8.3407,12.6619,20.1522,8.2865,0.9252999999999999,14.306,12.8429,19.7874,5.732399999999999,11.1392,31.9576,8.0654,14.0767,29.1182,6.1135,9.908100000000001,31.3551,12.2149,31.3779,1.9045999999999998,7.0854,28.4337,16.9728,5.5587,16.3786,18.7856,13.274700000000001,9.6271,22.233,5.4859,13.2375,16.1874,6.6183000000000005
34,12.662799999999999,10.523299999999999,17.8445,12.024899999999999,12.9427,4.7791999999999994,16.0041,16.2877,16.2834,21.122700000000002,19.159,19.122700000000002,17.0927,11.2646,18.8525,16.6478,12.0882,5.245100000000001,16.7589,16.7363,10.9512,11.5661,15.3216,5.8793,17.749599999999997,20.7672,18.577099999999998,0.6449,11.869,34.0111,13.403,15.158100000000001,11.2006,14.475200000000001,0.0,18.3677,10.0246,12.9551,1.769,14.5308,2.4817,18.4737,4.1669,8.9118,24.774099999999997,12.875200000000001,17.4039,1.0035,14.844299999999999,18.044900000000002,33.7894,12.6739,12.067200000000001,12.805399999999999,18.9495,4.225,32.37,27.6908,15.366,11.8539,12.5555,17.3964,12.5449,11.7337,8.886700000000001,24.3044,11.166,14.694600000000001,3.3623000000000003,9.6274,20.0412,12.9248,9.7445,15.9199,10.414200000000001,16.2195,32.924,12.3649,9.4451,15.3174,9.9755,15.340200000000001,16.4168,12.221200000000001,32.2395,1.4866,13.2119,2.4695,18.9223,10.2515,9.7149,26.3852,12.7071,12.322899999999999,15.6823,12.5564
35,7.7936000000000005,8.3015,17.3125,12.3995,8.0704,14.257,3.5694,4.6178,4.0838,3.0892,2.0099,7.4714,7.7138,14.0345,15.4874,12.8423,6.805,15.2486,4.7587,4.2842,12.344700000000001,12.586200000000002,16.404400000000003,19.432,5.3723,13.460899999999999,15.212,18.6419,12.2436,15.5487,12.504299999999999,26.831400000000002,13.7663,17.0643,18.254900000000003,0.0,9.8188,6.165100000000001,21.7404,11.3965,17.4008,0.8278,18.1196,12.774,8.8542,12.6471,2.1129000000000002,21.2957,16.8887,2.3636,15.327,12.200299999999999,10.212200000000001,11.7548,1.8005,16.624200000000002,13.9076,11.7709,27.0393,6.937399999999999,6.1723,17.560299999999998,12.9195,10.5809,12.2965,8.3845,13.8858,17.8511,16.9788,9.851899999999999,2.0077000000000003,11.782,11.1601,27.5932,13.0338,4.3869,14.4616,11.8913,12.6515,26.499200000000002,9.9915,27.0135,16.121100000000002,14.335799999999999,13.777,21.458,12.0196,17.3886,0.8887999999999999,9.5488,11.8738,10.4653,13.081700000000001,6.9325,3.1631,10.994299999999999
36,4.366,2.5533,14.2986,5.3371,5.069,3.7561999999999998,7.5076,9.013200000000001,9.008899999999999,12.626100000000001,10.6624,11.009799999999998,8.9798,4.9775,12.8309,12.35,3.8655999999999997,6.9966,9.484399999999999,9.461799999999998,4.5983,5.2132,10.7906,9.986799999999999,10.475100000000001,14.0795,12.5555,7.6648000000000005,5.1812,23.9448,6.7153,16.4402,4.913399999999999,11.4506,9.5618,9.8712,0.0,5.6806,10.7633,7.843100000000001,7.9553,9.9771,8.6744,3.3288,16.2776,6.187399999999999,8.907399999999999,10.3186,11.274899999999999,8.7189,23.7231,5.9861,5.7909,6.1176,10.4529,7.1788,22.3037,19.194200000000002,16.6481,4.5793,5.281,12.2542,5.8571,4.8659,1.0513,15.807799999999999,4.8789,12.2374,7.5756000000000006,1.3306,11.5446,6.237,1.6665,17.201900000000002,4.1271,8.945,22.8577,5.6771,3.1579,16.599400000000003,0.9771,16.6223,12.1475,5.561100000000001,22.173099999999998,10.4809,6.524100000000001,7.9431,10.4257,1.9547,3.0475,17.8887,6.019399999999999,5.0484,7.1857,5.868600000000001
37,3.4766,2.883,12.958200000000001,6.9173,2.5927,8.774799999999999,3.5634,4.6102,4.6442,8.681899999999999,6.7181999999999995,6.4952,4.8755,8.552299999999999,10.64,7.995,0.9352999999999999,11.774899999999999,5.1197,5.0875,10.0933,10.7081,11.5571,13.9498,5.8543,12.736600000000001,10.364700000000001,13.1597,6.7614,20.0006,8.295399999999999,18.3555,8.2841,12.217,12.7727,5.927,4.7315,0.0,16.2583,7.0633,11.9186,6.0329,12.6374,7.2918,12.3334,7.767600000000001,4.9632,15.8135,12.0414,4.7747,19.7789,6.9493,4.6334,5.6803,6.5088,11.142,18.3595,15.25,18.5634,1.2615999999999998,0.6884,12.7129,7.4373000000000005,5.2893,6.8143,11.863700000000001,8.4036,13.0038,11.4966,4.9786,7.6004,6.2032,5.677899999999999,19.1172,7.5516000000000005,4.5804,18.9135,6.6403,7.1693,17.7732,6.4203,18.537599999999998,11.2738,8.8536,18.228900000000003,15.9758,6.3994,11.9064,6.4815,4.6755,6.3916,13.9445,7.5995,1.2389000000000001,3.2415,5.4155
38,13.6645,11.6897,18.8463,13.0267,13.9445,5.945600000000001,17.1705,17.454099999999997,17.4498,22.289099999999998,20.325400000000002,20.1245,18.0944,12.266399999999999,19.4467,17.6496,13.2546,6.246899999999999,17.9253,17.9027,11.953,12.5679,15.915799999999999,7.0457,18.916,21.769,19.1713,2.2208,12.8708,35.0129,14.4048,16.1598,12.2023,15.0695,1.7002000000000002,19.5341,11.026299999999999,14.1215,0.0,15.5326,3.6481,19.640099999999997,5.3333,9.9136,25.9405,13.8769,18.5703,0.898,15.438600000000001,19.211299999999998,34.791199999999996,13.6757,13.069,13.8072,20.1159,5.3914,33.3718,28.857200000000002,16.3678,13.0202,13.7219,17.9907,13.546700000000001,12.7355,9.8885,25.4708,12.1678,15.2889,4.5287,10.6292,21.2076,13.9265,10.7463,16.921599999999998,11.416,17.385900000000003,33.9258,13.3666,10.4468,16.3191,10.9772,16.3419,17.011,13.2229,33.2412,0.49510000000000004,14.2136,3.6359,20.0887,11.253200000000001,10.716700000000001,27.551599999999997,13.7089,13.4893,16.8487,13.5581
39,7.5074,6.0108999999999995,19.5232,3.4493,4.7714,8.7651,9.027899999999999,11.5464,11.542,13.3218,11.3581,15.139,13.519200000000001,5.676,5.1297,3.0259,6.3253,11.7723,12.0175,11.9949,12.0504,12.665299999999998,6.1173,11.364799999999999,13.008299999999998,8.0189,4.8543,12.273299999999999,3.7466999999999997,24.640400000000003,2.3538,22.5864,5.8664,6.7773,14.1703,10.5669,8.226700000000001,7.1944,15.371799999999999,0.0,11.5845,9.1552,10.052299999999999,6.4102,15.1909,2.6666999999999996,9.1556,14.927100000000001,6.6016,9.9925,24.4188,2.4984,3.1318,2.6635,11.1486,10.235100000000001,22.9994,18.107599999999998,22.7943,6.091,6.7954,7.2732,3.3676,3.7876999999999996,8.7714,14.721200000000001,5.5273,7.564100000000001,12.1841,8.6779,12.2403,2.0427,7.2486999999999995,23.348200000000002,4.869,11.478200000000001,23.5533,3.051,6.017600000000001,22.7457,8.324399999999999,22.7685,5.7595,4.3261,22.8688,15.0894,1.869,11.572299999999998,11.1214,9.5127,5.7366,16.802,2.7266999999999997,6.5628,8.706100000000001,2.2334
40,10.892700000000001,9.588799999999999,18.562,9.1362,10.206,4.2414,15.069600000000001,15.353200000000001,15.3489,20.188200000000002,18.2245,18.9458,17.3261,9.011299999999999,16.1129,13.2228,11.1537,5.039899999999999,15.824399999999999,15.8018,10.0763,10.6912,12.582,3.452,16.815099999999997,18.019099999999998,15.8375,2.3739,8.9803,34.7286,9.5835,17.770799999999998,7.8798,11.735700000000001,2.4668,17.4332,8.136899999999999,12.0206,3.7321999999999997,11.7827,0.0,17.5392,1.7397,5.5107,23.839599999999997,9.0556,16.4694,2.9667,12.1048,17.110400000000002,34.5069,9.540799999999999,9.3191,10.0573,18.015,1.7977,33.0875,26.7563,17.9787,10.9193,11.621,14.656799999999999,9.228,8.9856,7.1167,23.3699,8.8626,11.9551,1.7723,7.857399999999999,19.1067,9.940700000000001,6.3965,18.5325,7.0934,15.285,33.6415,9.616700000000002,5.8108,17.93,8.2054,17.9528,13.677200000000001,7.6613999999999995,32.956900000000005,3.4497,9.767,0.012199999999999999,17.9878,8.481399999999999,6.847600000000001,25.4507,8.8876,11.388399999999999,14.7478,9.808200000000001
41,7.9157,8.4236,17.4346,11.088299999999998,8.1924,14.379,3.6914000000000002,4.7399,4.2059,4.3157,2.5431999999999997,7.5935,7.8358,14.156600000000001,10.6629,9.9603,6.9271,15.3706,4.8807,4.4062,12.4668,12.708200000000001,16.526400000000002,19.5541,5.4944,11.7226,10.8271,18.763900000000003,12.3657,16.1436,10.766,26.9535,13.8883,17.186400000000003,18.376900000000003,0.8278,9.9409,6.2871999999999995,21.8625,9.6582,17.5228,0.0,18.2417,12.8961,8.280299999999999,11.078899999999999,2.235,21.4178,17.0108,2.4856,15.921899999999999,10.9106,10.334299999999999,10.5415,2.3337,16.746299999999998,14.5025,11.1969,27.1614,7.0595,6.2943999999999996,17.682299999999998,11.7798,10.703,12.4185,7.8106,14.0079,17.973200000000002,17.1008,9.9739,3.2607,10.455,11.282200000000001,27.7152,13.155899999999999,4.5089,15.0565,12.013399999999999,12.7736,26.6212,10.1136,27.1355,16.2432,12.7384,14.3719,21.580099999999998,10.2813,17.5106,2.1418000000000004,9.6709,11.995899999999999,9.891399999999999,11.1389,7.054600000000001,3.2851999999999997,9.9004
42,11.3943,10.9077,19.4651,7.604100000000001,11.2531,4.852,16.3886,16.6722,16.6678,21.507099999999998,19.543400000000002,20.2647,18.645,7.4792,14.5807,11.690700000000001,12.4726,5.943,17.1433,17.1207,10.979299999999999,11.5942,11.0498,1.9429,18.1341,16.432299999999998,14.305299999999999,4.0591,7.4482,32.7326,8.0513,19.4559,7.6696,10.2035,4.152,18.752200000000002,9.4565,13.3395,5.4173,10.7294,1.7397,18.8581,0.0,5.7956,25.1586,7.5235,17.788400000000003,4.651800000000001,10.5726,18.429299999999998,32.5109,8.0086,9.2857,9.029399999999999,19.334,0.9188999999999999,31.0916,28.075200000000002,19.6639,12.238299999999999,12.9399,13.1247,7.6959,8.952200000000001,7.6183000000000005,24.6889,7.3305,10.4229,2.6754000000000002,8.3589,20.4256,8.4086,7.7161,20.2177,7.1094,16.604,31.6455,7.9351,6.0957,19.6152,8.707,19.638,12.145,6.1293,30.961,5.1349,8.2349,1.7275,19.3067,8.983,7.1325,26.7697,7.3553999999999995,12.7073,16.0667,9.052299999999999
43,7.7713,5.0244,18.077900000000003,4.0665,5.2251,3.3353,10.5052,10.788799999999998,10.7844,15.623700000000001,13.6601,14.3814,12.7616,3.0578000000000003,11.5603,8.6894,6.589300000000001,6.6719,11.2599,11.2374,6.6338,7.2486999999999995,9.52,7.6479,12.2507,12.8089,11.2849,6.8463,3.9106,26.8492,5.4447,17.486,2.9938000000000002,11.8081,7.3332,12.868799999999998,3.5591999999999997,7.4562,9.944799999999999,6.5725,5.6265,12.9747,6.3355,0.0,19.2752,4.9168,11.905,9.5001,10.004299999999999,12.546,26.627599999999997,4.7155,4.108899999999999,4.847,13.4506,4.85,25.2082,22.1918,17.693900000000003,6.3549,7.0565,10.983600000000001,4.5865,3.7754000000000003,3.3548,18.8055,2.9593000000000003,12.0275,4.9753,4.0955,14.5423,4.966399999999999,1.8188,18.247799999999998,2.2075,10.720600000000001,25.7621,4.4065,0.5054,17.6453,3.5927,17.6681,10.8769,4.2628,25.077599999999997,9.6624,5.2535,5.6143,13.4233,4.719600000000001,1.7565,20.8863,4.7488,6.824,10.183399999999999,4.598
44,14.1926,14.7005,23.8518,17.1053,13.7401,20.655900000000003,10.2902,11.1571,10.6231,9.2319,10.854700000000001,14.0107,14.253,19.4593,16.6799,15.9774,13.204,21.6475,11.2979,10.8234,18.7437,18.9851,20.546599999999998,25.831,11.9116,17.7396,16.844099999999997,25.0409,18.642599999999998,24.137,16.783099999999997,33.3707,20.165200000000002,21.206599999999998,24.6538,10.0635,16.2178,12.5641,28.139400000000002,15.6752,23.799799999999998,8.2616,24.5186,19.173,0.0,17.096,8.6522,27.6947,21.030900000000003,9.4891,23.9154,16.9277,16.6112,16.5586,10.6452,23.0232,22.496,4.2283,33.5786,13.3364,12.571299999999999,23.3402,17.7969,16.9799,18.6955,1.0792,19.310599999999997,21.9934,23.3777,16.250899999999998,11.7369,16.472,17.559099999999997,34.1325,18.525,10.926200000000001,23.0499,17.423,19.0505,33.0385,16.3905,33.552800000000005,20.1888,18.7554,22.3654,27.857,16.298299999999998,23.7875,10.618,15.947799999999999,18.2728,2.9227,17.156,13.3315,9.562100000000001,15.9175
45,7.016,4.9191,18.5809,1.228,5.3485,7.2218,10.802700000000002,11.0863,11.082,15.921299999999999,13.957600000000001,14.1158,12.085799999999999,3.0015,6.8863,4.7328,6.934399999999999,10.229,11.5575,11.5349,10.507100000000001,11.122,5.1688,8.6902,12.548200000000001,9.4744,6.611,10.73,1.0722,27.1468,1.0934000000000001,21.0431,3.1919,5.8286999999999995,12.627,13.1664,6.5549,7.7537,13.8285,3.7716,8.9099,11.4805,7.377800000000001,4.866899999999999,17.516299999999998,0.0,11.4809,13.383799999999999,5.6531,12.8435,26.925099999999997,0.7561,3.2404,2.0715,13.7481,7.5606,25.5057,20.4329,21.251,6.6525,7.354100000000001,6.6324,0.42110000000000003,2.9069000000000003,7.2281,17.046599999999998,2.8528000000000002,6.6155,9.206,7.134600000000001,14.839799999999999,1.4507,5.7054,21.8049,2.6317,11.0181,26.0597,1.2019000000000002,4.4743,21.2024,6.7811,21.2252,5.6594,1.6516,25.3751,13.546100000000001,1.277,8.8977,13.7209,7.8408999999999995,4.1933,19.1274,0.3976,7.1215,10.4809,2.3367
46,6.708699999999999,7.216600000000001,15.558399999999999,11.3145,6.985399999999999,13.172,1.8153,2.8638000000000003,2.3298,5.145,2.6712,5.7174,5.9597,12.9496,14.804,12.159,5.72,14.1636,3.0046,2.5301,11.2597,11.5012,15.7211,18.347099999999998,3.6182,12.0576,14.5287,17.556900000000002,11.1586,16.7673,11.101,25.0773,12.681299999999998,16.381,17.169900000000002,2.3901,8.733799999999999,5.080100000000001,20.6555,9.9932,16.3158,2.496,17.034599999999998,11.689,9.0445,11.562100000000001,0.0,20.2108,16.2054,1.1958,16.5456,11.1154,9.1272,10.669799999999999,2.4617,15.539299999999999,15.1262,11.961200000000002,25.2853,5.852399999999999,5.0873,16.876900000000003,11.8345,9.496,11.2115,8.5748,12.800799999999999,17.1678,15.893799999999999,8.7669,4.0636,10.79,10.0751,25.8391,11.9489,2.6328,15.680200000000001,10.8064,11.5665,24.745099999999997,8.906600000000001,25.259400000000003,15.4378,13.2508,14.9956,20.373,10.616299999999999,16.3036,2.9446,8.463799999999999,10.788799999999998,10.6556,11.996799999999999,5.8475,1.2643,9.9094
47,12.9588,10.9832,18.1406,12.3209,13.238700000000001,5.2391000000000005,16.4641,16.747700000000002,16.743299999999998,21.5826,19.6189,19.4187,17.3887,11.5606,18.908900000000003,16.9438,12.5481,5.5411,17.218799999999998,17.1962,11.2473,11.8621,15.378,6.3392,18.2096,21.063299999999998,18.6335,1.5144000000000002,12.165,34.3071,13.6991,15.4541,11.4966,14.5317,0.9937,18.8277,10.3206,13.415,0.6678999999999999,14.8269,2.9415999999999998,18.9336,4.6268,9.207799999999999,25.234099999999998,13.1712,17.8639,0.0,14.9007,18.5048,34.0855,12.969899999999999,12.363299999999999,13.1014,19.4094,4.6849,32.6661,28.1507,15.6621,12.313799999999999,13.0154,17.4528,12.8409,12.0298,9.182799999999999,24.7643,11.4621,14.751100000000001,3.8223000000000003,9.9235,20.501099999999997,13.220799999999999,10.0405,16.2159,10.7103,16.6795,33.22,12.6609,9.741100000000001,15.6134,10.2715,15.6362,16.473200000000002,12.5172,32.5355,0.7316,13.5079,2.9294000000000002,19.3822,10.5475,10.0109,26.845200000000002,13.003200000000001,12.7828,16.1422,12.8524
48,12.2741,9.6982,25.5408,6.4862,9.4197,12.48,15.175600000000001,13.969299999999999,13.9649,20.5529,18.2873,17.561799999999998,15.9421,8.2596,3.9935,5.4459,13.803,15.4871,14.4404,14.4178,15.7652,16.3715,0.8092,13.614600000000001,15.4312,9.4151,3.7180999999999997,15.7213,6.3303,30.029700000000002,4.937399999999999,31.0202,8.45,0.5076,15.814200000000001,18.055400000000002,11.8131,13.694,16.4268,6.8024,16.2151,14.4105,12.302200000000001,10.125,20.4462,5.5536,16.6651,15.8621,0.0,15.7264,29.808,5.5427,7.7801,6.1775,17.717599999999997,12.4849,28.3887,23.3629,31.228099999999998,13.5575,12.649299999999998,2.702,5.9512,8.1651,12.4863,19.9765,8.110899999999999,1.2944,14.1303,12.6673,19.6118,5.5567,10.9635,31.782,7.8898,13.9011,28.9426,5.9378,9.7325,31.1795,12.039299999999999,31.2023,1.729,6.9097,28.2581,16.7972,5.383,16.2029,18.609900000000003,13.0991,9.4514,22.0574,5.3103,13.0618,16.0117,6.442699999999999
49,6.6376,7.1748,15.4255,11.2728,6.9436,13.1303,1.6579000000000002,2.7308000000000003,2.1968,5.855899999999999,2.5821,5.5844,5.8267,12.9078,14.671100000000001,12.026,5.6783,14.121799999999999,2.8716,2.3971,10.781,11.0225,15.5881,18.3053,3.4853,12.5795,14.395700000000001,17.5152,11.1169,15.3327,11.6229,24.9444,12.6395,16.248,17.1281,2.3297,8.6921,5.038399999999999,20.6137,10.5151,16.2741,2.4356,16.992900000000002,11.6473,9.5664,11.5204,1.5287,20.169,16.0724,0.0,15.111,11.0736,9.0855,10.6281,2.3726,15.4975,13.691600000000001,12.4831,25.1523,5.8107,5.0456,16.7439,11.7928,9.4542,11.169799999999999,9.0967,12.7591,17.0348,15.852,8.725200000000001,4.0031,11.3119,10.0334,25.7062,11.9071,2.4998,14.2456,10.7646,11.524799999999999,24.6122,8.864799999999999,25.1265,15.304799999999998,13.209100000000001,13.5611,20.3313,11.138200000000001,16.2619,2.8842,8.4221,10.7471,11.1775,11.955,5.8058000000000005,1.776,9.8676
50,20.5856,22.1398,21.1078,26.2378,21.9086,28.095299999999998,15.8871,16.6204,16.0864,16.1644,13.8988,14.565299999999999,16.268,27.872799999999998,28.6522,26.007099999999998,20.6433,27.2774,15.7665,15.754299999999999,24.519099999999998,24.44,29.569200000000002,33.270300000000006,14.9468,27.2992,28.3768,33.3408,26.0819,0.6239,28.5766,29.0597,27.6045,30.2291,34.2645,15.341,23.6571,20.003400000000003,35.4661,25.2348,34.662800000000004,15.9374,31.957900000000002,26.612299999999998,25.395799999999998,26.485400000000002,15.9512,35.0214,30.0535,15.1249,0.0,26.0386,24.0505,25.5931,14.2053,30.4625,1.9461,23.527900000000002,29.267599999999998,20.7757,20.0106,30.725,26.7578,24.4192,26.1348,25.2272,27.7241,31.015900000000002,33.251599999999996,23.2025,15.2232,25.6202,24.9984,29.8215,26.8721,16.389400000000002,1.4485999999999999,25.729599999999998,26.4898,28.7275,23.8298,29.241799999999998,29.2859,28.174,2.0007,35.1836,25.8578,34.6506,14.3619,22.8995,25.7121,22.5045,26.92,20.770799999999998,17.0014,24.8326
51,7.001600000000001,4.3065,17.8188,0.9337000000000001,4.345,7.0553,9.8815,11.1562,10.096200000000001,14.6857,12.722,13.3538,11.3237,3.6195999999999997,6.4578,4.354,5.898899999999999,10.0625,10.5717,11.6335,10.3406,10.9555,5.0642,9.3083,12.4004,9.095600000000001,6.1823999999999995,10.5635,1.2170999999999998,27.1071,0.9889,20.8766,3.81,5.7242,12.4605,11.9307,6.5033,6.768,13.662,3.343,9.5281,10.519,7.9959,4.700399999999999,16.5548,0.6181,10.5194,13.2173,5.5485,11.356399999999999,26.8854,0.0,2.3566,1.11,12.5125,8.1787,25.466,19.471400000000003,21.0845,5.6646,6.679,6.5278,0.4027,2.8553,7.0616,16.0851,3.4709,6.511,10.4743,6.968100000000001,13.6042,0.48919999999999997,5.5389,21.6384,3.2498,11.2506,26.02,0.5461,4.3078,21.0359,6.6146,21.0587,5.5548,2.2697,25.3354,13.3796,0.877,9.5159,12.485299999999999,7.5922,4.026800000000001,18.1659,1.0157,6.4464,9.559700000000001,1.3752
52,5.763199999999999,3.0682,16.5805,2.6334,2.4554,6.4888,7.9274,8.211,8.2066,13.0459,11.0823,12.1154,10.0854,4.2685,7.4249,5.3211,4.0093000000000005,9.496,8.6821,8.659600000000001,10.0223,10.6372,8.0869,10.6422,9.6729,10.0161,7.1496,9.9969,2.4775,24.2714,4.0116,20.3101,4.0743,8.7469,11.894,10.291,5.3993,4.8784,13.0955,3.1799,9.497,10.397,9.3297,4.1339,16.697400000000002,3.4837,9.327200000000001,12.650799999999998,8.571200000000001,9.968200000000001,24.049799999999998,2.4406,0.0,2.2925999999999997,10.8728,8.7204,22.6304,19.614,20.518,3.775,4.4794,9.5505,3.1534,0.9602,6.7433000000000005,16.227700000000002,4.119800000000001,9.533700000000001,9.9078,6.2535,11.9645,2.3198000000000003,4.9723999999999995,21.0718,3.4218,8.1428,23.1843,2.1315999999999997,3.7413000000000003,20.4693,6.048100000000001,20.4922,8.0838,4.5697,22.4998,12.8131,2.5161,9.4847,10.8455,6.6853,3.4603,18.3085,3.3156999999999996,4.2468,7.605600000000001,1.5321
53,6.357399999999999,4.7456000000000005,18.257900000000003,1.402,3.6214,7.2485,9.661100000000001,9.377,9.3727,13.955,11.991299999999999,12.9696,11.762799999999999,4.2866,5.8168999999999995,4.5326,5.1754,10.255600000000001,9.8482,9.8256,10.533700000000001,11.1486,5.493399999999999,10.5223,10.838899999999999,8.6521,6.3853,10.7566,1.6000999999999999,25.2736,2.2028000000000003,21.0697,4.477,6.1533,12.6536,11.2,6.6965,6.0443999999999996,13.8551,2.4156999999999997,10.2566,9.7883,9.2098,4.8935,15.8241,1.8320999999999998,9.7887,13.4104,5.9777,10.6257,25.0519,1.3245,1.9818,0.0,11.781799999999999,9.3926,23.6326,18.7407,21.2777,4.941,5.6453999999999995,6.957,2.0887,2.6376999999999997,7.2548,15.3544,4.137899999999999,6.9401,10.667399999999999,7.1612,12.8735,0.9162,5.732,21.8315,3.3523,9.3088,24.1865,1.1073,4.501,21.229,6.8078,21.2518,5.984,3.4837,23.502,13.572700000000001,1.1125,10.244399999999999,11.7546,7.7853,4.2199,17.435200000000002,2.2296,5.4128,9.3393,0.6445
54,8.4397,8.9476,17.1653,13.0455,8.7164,14.903,3.6459,4.4707,3.9366999999999996,2.8406,0.31,7.324199999999999,7.5666,14.6806,16.133399999999998,13.4884,7.451,15.8946,4.6115,4.137,12.9907,13.2322,17.0504,20.0781,5.2251,14.1069,15.858,19.2879,12.8896,14.2868,13.1503,26.6842,14.4123,17.7104,18.9009,1.9007,10.464799999999999,6.811100000000001,22.3865,12.0425,18.046799999999998,2.434,18.7656,13.42,11.0938,13.2931,2.7589,21.9418,17.5347,2.4348,14.0652,12.8464,10.8582,12.400799999999998,0.0,17.2703,12.6458,8.701799999999999,26.8922,7.583399999999999,6.8183,18.2063,13.5655,11.227,12.9425,10.6241,14.531799999999999,18.4972,17.6248,10.4979,1.8994000000000002,12.428,11.8061,27.446,13.6799,4.2397,13.1997,12.5374,13.2975,26.352,10.6376,26.8663,16.7671,14.9818,12.5152,22.1041,12.6656,18.034599999999998,0.6367,10.194799999999999,12.5198,12.7049,13.727799999999998,7.5785,3.8091999999999997,11.6404
55,10.405700000000001,8.8851,18.546200000000002,7.7827,9.5022,3.8634,14.3659,14.6495,14.645100000000001,19.4844,17.520799999999998,18.242099999999997,16.6223,7.6578,14.7593,11.869299999999999,10.45,5.024100000000001,15.1206,15.098,10.0605,10.6754,11.228399999999999,2.4886999999999997,16.1114,16.6109,14.4839,4.1271,7.6268,30.7099,8.229899999999999,16.8324,7.848199999999999,10.382100000000001,4.22,16.7295,7.4331000000000005,11.316799999999999,5.485399999999999,10.908,1.8077,16.8354,0.9188999999999999,4.807,23.135900000000003,7.702,15.7657,4.7199,10.7512,16.4067,30.4883,8.1872,8.6154,9.208,17.3113,0.0,29.068900000000003,26.0525,17.0404,10.2156,10.917200000000001,13.3033,7.8744,8.2819,6.6296,22.6662,7.509,10.6015,1.7565,7.3703,18.402900000000002,8.587200000000001,5.6928,17.5942,7.2879,14.581299999999999,29.622799999999998,8.1137,5.1071,16.9917,7.7184,17.0145,12.3236,6.3079,28.938299999999998,5.2029,8.4135,1.7955,17.284,7.9944,6.143800000000001,24.747,7.534,10.6846,14.0441,9.2309
56,19.7766,21.3308,20.2988,25.4288,21.0996,27.2862,15.078100000000001,15.811399999999999,15.2774,15.3553,13.089799999999999,13.7563,15.459,27.0638,27.8431,25.1981,19.8343,26.468400000000003,14.9575,14.945200000000002,23.710099999999997,23.631,28.7602,32.4613,14.137799999999999,26.490099999999998,27.5678,32.5318,25.2729,2.1895,27.767599999999998,28.250700000000002,26.7955,29.420099999999998,33.4555,14.532,22.8481,19.1944,34.6571,24.4258,33.8538,15.1284,31.1489,25.8033,23.4771,25.6764,15.1422,34.2124,29.2445,14.3159,1.9679,25.229599999999998,23.2415,24.7841,13.3963,29.6535,0.0,19.1408,28.458599999999997,19.9667,19.2016,29.916,25.9488,23.6102,25.3258,23.0074,26.9151,30.2069,32.4426,22.3935,14.414200000000001,24.8112,24.189400000000003,29.0125,26.0631,15.5804,1.1024,24.9206,25.680799999999998,27.9185,23.020799999999998,28.4328,28.4769,27.365,1.1917,34.3746,25.0488,33.8416,13.5529,22.0905,24.9031,24.07,26.111,19.9618,16.1924,24.0236
57,17.141599999999997,17.6495,26.8008,20.054299999999998,16.6891,23.605,13.2392,14.1061,13.5721,6.0968,13.803700000000001,16.9597,17.202099999999998,22.4083,19.6289,18.9264,16.153,24.5965,14.247,13.7725,21.692700000000002,21.934099999999997,23.4956,28.78,14.8606,20.6887,19.7931,27.989900000000002,21.5916,22.8955,19.7321,36.3197,23.1142,24.1556,27.6029,13.0125,19.1668,15.5131,31.0884,18.624299999999998,26.7488,11.210600000000001,27.467599999999997,22.122,4.196899999999999,20.045,11.6012,30.6437,23.98,12.4381,23.5194,19.8767,19.560200000000002,19.5076,13.594299999999999,25.9722,19.798299999999998,0.0,36.5276,16.2854,15.520299999999999,26.2892,20.745900000000002,19.928900000000002,21.6445,4.0283,22.2596,24.942400000000003,26.3268,19.199900000000003,7.3248999999999995,19.421,20.5081,37.0815,21.474,13.875200000000001,20.3522,20.372,21.9995,35.9875,19.3395,36.5018,23.1378,21.7045,19.6677,30.806,19.2473,26.7366,13.567,18.8968,21.221799999999998,1.3055,20.105,16.2805,12.5111,18.8665
58,16.1489,18.1007,11.9378,21.714299999999998,23.1429,17.6281,21.606099999999998,19.5604,20.2075,26.983400000000003,24.7178,22.5857,20.9659,20.954,33.487199999999994,30.842200000000002,18.5499,13.5499,20.9422,20.0377,14.3531,14.782200000000001,31.4724,20.7545,20.8045,35.583800000000004,33.211800000000004,16.717599999999997,21.558400000000002,29.666900000000002,23.0924,0.8641,20.89,30.626099999999997,16.272299999999998,24.2912,18.1732,19.5975,17.4738,24.7102,19.7792,24.3971,21.4644,18.601200000000002,30.697599999999998,22.5646,23.3274,17.0291,30.9952,22.1569,29.4453,22.8627,21.5768,22.494799999999998,24.1481,18.2658,28.0259,33.6142,0.0,19.0892,19.958299999999998,33.5473,22.234299999999998,21.243299999999998,17.2054,30.2279,20.855400000000003,30.8455,16.939799999999998,17.150299999999998,25.9647,22.6142,19.0785,0.8079,20.1036,19.654700000000002,28.579900000000002,22.5537,19.1345,1.3891,17.5685,0.3394,32.5676,21.9106,27.8953,17.1914,22.9013,19.767,24.8457,15.5239,19.4043,32.3087,22.3966,19.611,21.6058,22.2458
59,2.7607,2.1264000000000003,15.1329,6.1625,1.8417999999999999,8.02,4.4441999999999995,5.235600000000001,5.2313,9.562700000000001,7.5991,8.8282,7.2085,7.7975,11.2271,8.5821,0.5203,11.020100000000001,5.7068,5.6842,9.3384,9.953299999999999,12.1441,13.195,6.6975,13.3237,10.9517,12.4049,6.006600000000001,20.881400000000003,7.5406,21.3525,7.5291999999999994,12.8041,12.0178,6.8078,3.979,1.3951,15.5034,6.3067,11.163799999999998,6.9136999999999995,11.8826,6.537,13.2142,7.0127,5.844,15.0587,12.6284,5.6555,20.6597,6.1967,3.8768000000000002,5.4193999999999996,7.389600000000001,10.3872,19.240299999999998,16.1308,21.5605,0.0,1.2634,13.3,6.6825,4.5327,6.0595,12.7445,7.6488000000000005,13.5909,10.741700000000002,4.818899999999999,8.481200000000001,5.4465,4.923100000000001,22.1143,6.7968,5.1674,19.7943,5.8877,6.4145,17.6135,5.6655,21.534599999999998,11.8608,8.0987,19.1097,15.221,5.6428,11.1516,7.3623,4.515899999999999,5.6368,14.825299999999999,6.8447,1.0308,4.1224,4.6589
60,4.1842,2.3897,13.665799999999999,6.424,2.0994,8.2815,4.271,4.4232,4.4188,9.3895,7.4258999999999995,8.015699999999999,6.396,8.059,10.4146,7.7696000000000005,1.4914,11.281600000000001,4.8943,4.8717,9.6,10.214799999999999,11.3316,13.4566,5.885,12.5112,10.1392,12.6664,6.2681000000000004,20.7082,7.8021,21.614099999999997,7.7908,11.9916,12.279399999999999,6.634600000000001,5.1303,1.222,15.765,6.57,11.4253,6.740600000000001,12.1441,6.7985,13.041,7.2743,5.6708,15.3203,11.8159,5.4823,20.4865,7.0048,4.1401,5.187,7.216399999999999,10.648700000000002,19.0671,15.957600000000001,21.822,1.2459,0.0,12.4875,6.944,4.796,6.321,12.571299999999999,7.9103,12.7784,11.0033,7.0617,8.3081,5.709899999999999,5.1846000000000005,22.3759,7.0583,4.355,19.6211,6.6958,6.676,21.773400000000002,5.927,21.796200000000002,11.048399999999999,8.360299999999999,18.9366,15.4825,5.9061,11.4131,7.189100000000001,7.6857,5.8983,14.6521,7.1063,0.5898,3.9492,4.9222
61,13.146799999999999,10.570799999999998,25.9733,7.3588000000000005,10.2923,13.3526,15.6081,14.4018,14.3974,20.985400000000002,18.7198,17.9943,16.3746,9.132200000000001,4.426,5.8784,14.2355,16.3598,14.8729,14.850299999999999,16.6378,17.2442,2.6826,14.7104,15.863700000000001,9.8476,4.150600000000001,16.8171,7.2029,30.4622,5.81,32.116,9.3226,2.7955,16.91,18.4879,12.6857,14.1265,17.522599999999997,7.675,17.311,15.283100000000001,13.398,10.9976,21.318900000000003,6.4262,17.0976,16.958,2.6199,16.1589,30.2405,6.4153,8.652700000000001,7.0502,18.1501,13.5808,28.8212,24.2355,32.324,13.99,13.0818,0.0,6.8238,9.037700000000001,13.3589,20.8492,8.9835,3.5823,15.2262,13.5399,20.0443,6.429399999999999,11.836200000000002,32.8778,8.7624,14.3336,29.3751,6.8105,10.6051,32.2753,12.9119,32.2981,1.6702000000000001,7.7823,28.6906,17.893,6.2557,17.2988,19.0424,13.9717,10.324,22.93,6.1829,13.494299999999999,16.444200000000002,7.315300000000001
62,6.826,4.729100000000001,18.0705,1.038,5.1585,7.2461,10.6127,10.8963,10.8919,15.7313,13.7676,13.6054,11.5754,3.0446999999999997,6.689,5.029100000000001,6.7444,10.2533,11.3674,11.344899999999999,10.5314,10.923399999999999,5.4651000000000005,8.9865,12.3582,9.770700000000001,6.4136999999999995,10.754299999999999,0.8821,26.9567,1.3897,21.067400000000003,3.2351,6.125,12.651299999999999,12.976299999999998,6.3649,7.5637,13.852799999999998,3.5742,9.2062,11.3118,7.6741,4.8911999999999995,17.3476,0.39089999999999997,11.312299999999999,13.408100000000001,5.9494,12.6535,26.7351,0.4027,3.0504000000000002,1.9028,13.5581,7.8568,25.3157,20.264200000000002,21.275299999999998,6.4624,7.1641,6.9287,0.0,2.7169,7.2524,16.8779,2.896,6.9118,9.5022,7.2191,14.649799999999999,1.282,5.7297,21.8292,2.6749,10.828100000000001,25.8696,0.5731,4.498600000000001,21.2267,6.8054,21.2495,5.9557,1.9479000000000002,25.1851,13.5704,1.1083,9.194,13.5308,7.6509,4.2176,18.9587,0.6939,6.9315,10.290899999999999,2.168
63,6.01,3.3149,16.8273,1.5475,3.3550999999999997,7.0341000000000005,8.89,10.1646,9.1063,14.0085,12.044799999999999,12.362200000000001,10.3322,4.0723,6.7238999999999995,5.4396,4.909,10.0413,9.5818,10.642,11.011299999999999,11.6262,6.5234,10.446,11.4088,9.5591,6.9333,10.5423,1.8704,26.1155,2.6579,20.855400000000003,4.2627,7.1833,12.4393,11.2536,5.6446000000000005,5.778,13.640799999999999,2.9636,10.0423,10.6954,9.1336,4.6792,16.731099999999998,2.2872,10.695799999999998,13.1961,7.0077,10.101299999999998,25.8938,1.8404,1.2261,1.5849000000000002,11.8354,9.3163,24.474400000000003,19.6477,21.063299999999998,4.674600000000001,5.379,7.987,2.0717,0.0,7.7323,16.2614,3.9236,7.9701,10.453100000000001,6.4988,12.927,1.7042,5.5177,21.6172,3.138,9.0425,25.0284,1.5314,4.2866,21.0147,6.5934,21.0375,8.5671,3.9388,24.343799999999998,13.3584,1.9912999999999998,10.030100000000001,11.8081,6.9306,4.0056,18.342200000000002,2.6848,5.1465,8.568100000000001,1.3159
64,4.0012,4.8811,13.803700000000001,6.1309,6.7014,2.9609,8.4715,8.5198,10.641200000000001,13.5901,11.6264,10.6392,8.609200000000001,5.3706000000000005,16.627299999999998,13.982299999999999,5.1282,5.961,11.116700000000002,8.9971,3.7441999999999998,4.359100000000001,11.5844,10.2797,9.764,14.873299999999999,16.352,6.8106,5.975,24.470599999999997,7.5091,15.758299999999998,5.3066,12.244399999999999,6.958699999999999,10.8351,1.9185999999999999,7.3129,9.9092,9.8531,7.227,10.9411,7.635800000000001,3.9268,17.2415,6.981199999999999,9.8713,9.4645,12.068700000000002,9.682799999999999,24.249,6.7799,7.4232,6.9113999999999995,11.4169,6.655,22.8296,20.1582,15.966299999999999,6.2116999999999996,6.9133000000000004,13.048,6.6509,5.8398,0.0,16.7718,5.2721,14.6593,5.682600000000001,0.9658,12.5086,7.0308,2.0597,16.5201,4.5203,8.6142,23.3835,6.470899999999999,3.5511,15.9176,1.3139,15.9404,12.9413,6.3271999999999995,22.699,9.6268,7.3179,7.2148,11.389700000000001,1.5899,3.4406,18.8526,6.8132,6.6807,8.1497,8.2054
65,13.7553,14.263200000000001,23.4144,16.668,13.3028,20.2186,9.8529,10.7198,10.185799999999999,9.031799999999999,10.417399999999999,13.5734,13.815700000000001,19.022,16.2426,15.5401,12.7667,21.2102,10.8606,10.3861,18.3063,18.5478,20.109299999999998,25.3937,11.474200000000002,17.3023,16.4068,24.6035,18.2052,23.6997,16.3457,32.9333,19.7279,20.7692,24.2165,9.626100000000001,15.7804,12.1268,27.702099999999998,15.2379,23.3624,7.8243,24.0813,18.735599999999998,1.1116,16.6587,8.2149,27.2574,20.5936,9.0518,23.478,16.490299999999998,16.1738,16.121299999999998,10.2079,22.585900000000002,22.0587,4.0283,33.1413,12.899,12.134,22.902900000000002,17.359599999999997,16.5426,18.2581,0.0,18.8733,21.556,22.9404,15.8135,11.2996,16.0347,17.1218,33.6951,18.0877,10.4888,22.612599999999997,16.9857,18.6131,32.601099999999995,15.9532,33.1154,19.7515,18.318099999999998,21.928099999999997,27.419700000000002,15.861,23.3502,10.1807,15.510399999999999,17.8355,2.7226999999999997,16.718700000000002,12.894200000000001,9.124799999999999,15.4801
66,7.8332,5.7364,19.3906,2.3686,6.017600000000001,5.6935,11.5675,11.8511,11.8468,16.6861,14.7224,14.925600000000001,12.8955,0.5685,9.3044,7.1508,7.6516,8.700700000000001,12.322299999999998,12.299700000000001,8.9788,9.5937,7.5868,8.5613,13.313,12.0401,9.029,9.2017,2.2127,27.9116,3.5115,19.5148,0.7767000000000001,8.246799999999999,11.098700000000001,13.9311,5.1901,8.5185,12.3002,6.1896,8.781,13.1764,7.2488,2.8033,19.2121,2.9836,12.9673,11.8555,8.0711,13.6083,27.6899,3.4688000000000003,4.0502,4.0659,14.5129,7.4316,26.2705,22.128700000000002,19.7227,7.4172,8.1189,9.0504,2.8886,3.7167,5.6998,18.7424,0.0,9.0336,7.5297,5.577100000000001,15.6046,3.8687,4.1771,20.2766,0.941,11.7829,26.8245,2.6995999999999998,2.4413,19.6741,5.2237,19.696900000000003,8.077399999999999,2.2051,26.1399,12.0178,3.695,8.768799999999999,14.485700000000001,6.2012,3.0085,20.8232,2.8156,7.8863,11.245700000000001,3.8168
67,13.255,10.6791,26.5218,7.4671,10.4006,13.460899999999999,16.1565,14.9502,14.945799999999998,21.5338,19.2683,18.5428,16.923,9.2405,4.974399999999999,6.4268,14.7839,16.468,15.421299999999999,15.398700000000002,16.7461,17.352400000000003,1.7900999999999998,14.5955,16.4121,10.396,4.699,16.7022,7.3111999999999995,31.0106,5.9183,32.0011,9.4309,0.9437000000000001,16.795099999999998,19.0363,12.794,14.6749,17.407700000000002,7.7833000000000006,17.196,15.391399999999999,13.283100000000001,11.1059,21.4272,6.5345,17.646,16.843,1.3128,16.7073,30.7889,6.5236,8.761,7.158399999999999,18.6986,13.4659,29.3696,24.343799999999998,32.209,14.5384,13.6302,3.6829,6.9321,9.146,13.4672,20.9575,9.0918,0.0,15.1113,13.648200000000001,20.5927,6.5376,11.9444,32.7629,8.870700000000001,14.882,29.9235,6.918699999999999,10.7134,32.1604,13.0202,32.1832,2.7099,7.8906,29.239,17.7781,6.364,17.183799999999998,19.5909,14.08,10.4323,23.0383,6.2912,14.0427,16.9927,7.4236
68,9.4145,9.1839,17.2283,8.7049,9.6341,2.9076999999999997,14.6648,14.9484,14.944,19.7833,17.819599999999998,18.5409,14.884,7.372,16.198700000000002,13.3278,10.7488,3.7062,15.4195,15.3969,8.7426,9.3575,12.8676,4.239,16.4103,17.447200000000002,15.9233,3.2826,8.549,33.3949,9.8691,15.5146,7.3079,12.0213,3.3756,17.0284,6.7763,11.6157,4.640899999999999,11.210799999999999,1.8355,17.1343,2.6692,4.9388000000000005,23.4348,9.3412,16.0646,3.8754,12.3904,16.7055,33.173199999999994,9.3539,8.747200000000001,9.4854,17.6102,1.7503,31.7538,26.3514,15.7225,10.5145,11.2161,14.9425,9.2249,8.4137,5.6384,22.9651,7.2734,12.2407,0.0,6.3791,18.7018,9.6048,5.8247,16.2763,6.5216,14.8802,32.3078,9.0449,5.238899999999999,15.6738,6.7272,15.6967,13.9628,7.947,31.6232,4.3585,10.052700000000002,1.8232000000000002,17.582900000000002,7.003100000000001,6.2757,25.045900000000003,9.173200000000001,10.9835,14.3429,9.2363
69,3.1323000000000003,3.0253,12.9348,6.2791999999999994,6.011100000000001,3.7033,7.602600000000001,7.6508,8.298,12.7211,10.7575,9.770299999999999,7.7403,5.9129,13.773,13.2921,4.2593000000000005,6.0381,8.1141,8.1282,3.0887,3.7036,11.732700000000001,11.022200000000002,8.895,15.021600000000001,13.4976,7.553100000000001,6.1233,23.6017,7.6574,15.4817,5.8488,12.392700000000001,7.7012,9.9662,1.1279000000000001,4.8583,10.6517,8.785200000000001,7.9695,10.0721,8.3783,4.6693,16.372600000000002,7.1295,9.0024,10.207,12.217,8.8139,23.38,6.9281999999999995,6.733,7.059699999999999,10.548,7.3975,21.9606,19.2892,15.6897,4.7986,6.2231000000000005,13.196299999999999,6.7992,5.808,1.3972,15.902899999999999,6.3368,13.1794,6.4251000000000005,0.0,11.6396,7.1791,2.6019,16.2435,5.5512,7.7452,22.514599999999998,6.6192,4.0933,15.641,1.0472000000000001,15.663799999999998,13.0896,6.5032,21.830099999999998,10.369200000000001,7.4662,7.9573,10.520700000000001,0.721,3.9829,17.983700000000002,6.9615,5.9905,7.2808,6.8107
70,9.434,9.9419,18.952900000000003,14.0398,9.710700000000001,15.8973,5.2097,6.2581999999999995,5.7242,1.4536,1.9782,9.111799999999999,9.3541,15.6749,17.1277,14.482700000000001,8.4454,16.888900000000003,6.399,5.9245,13.985100000000001,14.2265,18.044700000000002,21.072400000000002,7.0127,15.1012,16.8523,20.2823,13.884,15.423399999999999,14.1447,28.471799999999998,15.406600000000001,18.7047,19.8952,1.986,11.459200000000001,7.8055,23.3808,13.0368,19.0411,2.5766999999999998,19.76,14.414399999999999,12.0882,14.2874,3.7533000000000003,22.9361,18.5291,4.0039,15.2017,13.8407,11.8526,13.395100000000001,1.8994000000000002,18.264599999999998,13.7823,7.3148,28.6797,8.5778,7.8126999999999995,19.200599999999998,14.559899999999999,12.2213,13.9368,11.6184,15.526200000000001,19.4915,18.6191,11.4922,0.0,13.4223,12.8005,29.2336,14.6742,6.0272,14.3363,13.5317,14.2919,28.139599999999998,11.6319,28.6539,17.7615,15.9761,13.6517,23.0984,13.6599,19.0289,1.4892999999999998,11.189200000000001,13.5142,7.1835,14.722100000000001,8.572899999999999,4.8035,12.6347
71,7.0447,4.349600000000001,17.862,1.2638,3.8629000000000002,7.2626,9.9026,9.6186,9.6142,14.1965,12.2328,13.2111,11.3669,4.3007,6.0584,4.774100000000001,5.4169,10.2697,10.0897,10.0671,10.547799999999999,11.162700000000001,5.706300000000001,10.384,11.0804,8.893600000000001,6.2796,10.770700000000001,1.4618,25.515099999999997,2.0645,21.0838,4.4911,6.3663,12.6677,11.4415,6.7106,6.2859,13.869299999999999,2.6572,10.270700000000001,10.0298,9.0716,4.9076,16.0656,1.6938,10.0302,13.4246,6.190600000000001,10.8672,25.293400000000002,1.1862000000000001,2.2233,0.6207999999999999,12.023299999999999,9.2544,23.8741,18.982200000000002,21.2918,5.1825,5.8869,6.8769,1.9504000000000001,2.2403000000000004,7.2688999999999995,15.5959,4.152,7.1531,10.6815,7.1754,13.115,0.0,5.7461,21.845599999999997,3.3664,9.5503,24.428,0.969,4.5151,21.2431,6.821899999999999,21.265900000000002,5.903899999999999,3.3454,23.7435,13.586799999999998,0.9742000000000001,10.2585,11.9961,7.7993999999999994,4.234,17.6767,2.0914,5.6543,9.5808,0.886
72,5.5924,3.4859,16.223200000000002,5.046,5.306100000000001,3.7768,8.966700000000001,9.2503,9.245899999999999,14.0853,12.1216,12.8429,11.2231,4.285699999999999,15.2321,12.587,5.050800000000001,6.777,9.7214,9.6989,5.0953,5.7101999999999995,10.4995,8.916,10.712200000000001,13.7884,14.956700000000001,7.3876,4.8901,25.3107,6.4242,17.1094,4.2217,11.1595,7.7747,11.3303,2.0141,5.9177,10.4862,8.4579,6.8848,11.4363,7.6036,2.258,17.7367,5.8963,10.3665,10.0415,10.983799999999999,11.0075,25.0891,5.695,6.028,5.8265,11.9121,6.1082,23.669700000000002,20.6534,17.317400000000003,4.8164,5.5181000000000004,11.9631,5.566,4.7548,1.8164,17.267,4.1871,13.2956,6.2335,2.557,13.0038,5.9459,0.0,17.8712,3.4353000000000002,9.1821,24.223599999999998,5.386,2.4661999999999997,17.2687,2.0476,17.2915,11.856399999999999,5.2423,23.539099999999998,10.203700000000001,6.233,6.8726,11.884799999999998,3.1811,2.3556999999999997,19.3478,5.7283,5.2855,8.6449,6.8101
73,16.093,18.0448,11.882,22.0765,23.505,17.9902,21.5502,19.5045,20.1517,26.9275,24.662,22.9478,21.3281,21.316200000000002,33.8494,31.2043,18.4941,13.9121,20.8863,19.981900000000003,14.7153,15.1443,31.8346,21.1167,20.7487,35.946,33.574,17.0798,21.9206,30.0291,23.4546,1.2033,21.2521,30.9883,16.634400000000003,24.235400000000002,18.5353,19.5416,17.836,24.654400000000003,20.141299999999998,24.3413,21.8265,18.9634,30.6417,22.9267,23.2716,17.391299999999998,31.3573,22.1011,29.8074,22.806900000000002,21.521,22.857,24.092299999999998,18.628,28.388,33.5584,1.4112,19.0334,19.9025,33.9094,22.5965,21.1875,17.5675,30.172,21.217599999999997,31.2077,17.302,17.512400000000003,25.9088,22.9763,19.4407,0.0,20.465799999999998,19.5989,28.942,22.4979,19.496599999999997,1.3064,17.9306,1.3854000000000002,32.9298,22.2727,28.2575,17.5535,23.2634,20.129099999999998,24.789900000000003,15.468,19.7665,32.2528,22.7587,19.5552,21.5499,22.6079
74,7.043,4.9462,18.6004,2.4971,5.227399999999999,4.8942,10.777299999999999,11.0609,11.0565,15.8959,13.9322,14.135399999999999,12.1053,1.0299,8.4147,6.9565,6.8614,7.9014,11.532,11.5095,8.1795,8.7944,7.392399999999999,8.3669,12.5228,11.2499,10.191,8.402299999999999,2.3411999999999997,27.121299999999998,3.3171,18.7155,1.0689000000000002,8.0524,10.2994,13.1409,4.3908000000000005,7.7283,11.5009,5.0135,7.381600000000001,12.3861,7.054399999999999,2.004,18.4219,2.7891999999999997,12.177100000000001,11.0562,7.8768,12.818100000000001,26.8997,3.2744,3.26,3.2756,13.722700000000001,7.2372,25.4803,21.3385,18.9234,6.627,7.3286999999999995,8.856,3.0171,2.9265,4.9005,17.9522,0.941,8.8392,6.730300000000001,4.7778,14.8144,3.6743,3.3778,19.4772,0.0,10.992700000000001,26.034200000000002,2.7689,1.6419000000000001,18.8747,4.424300000000001,18.897599999999997,7.883100000000001,2.0108,25.349700000000002,11.2185,3.5006999999999997,7.3694,13.6954,5.401800000000001,2.2091999999999996,20.033,2.6212,7.096100000000001,10.4555,3.0265999999999997
75,4.7111,6.5056,13.499,10.55,6.220899999999999,12.4075,2.0402,0.17880000000000001,0.44889999999999997,7.4175,5.152,4.0869,3.9003,12.1851,12.7446,10.0996,5.3386000000000005,11.9278,1.3762999999999999,0.9017999999999999,8.5468,8.788200000000002,13.661700000000002,17.5826,1.7945,14.8412,12.469299999999999,16.7924,10.3941,16.501099999999997,12.6691,23.0179,11.916799999999999,14.3216,16.4054,4.92,7.8936,5.184399999999999,19.891,11.9873,15.5513,5.026,16.2702,10.9245,11.026200000000001,11.4003,3.5296999999999996,19.4463,14.146,2.591,16.2795,10.716,8.2559,9.7985,4.5823,14.774799999999999,14.860100000000001,13.9429,23.225900000000003,5.093100000000001,4.328,14.8175,11.07,9.0966,10.447,10.5565,12.0364,15.1084,15.129299999999999,7.3281,6.4764,12.5095,9.3107,23.779700000000002,11.1844,0.0,15.414,10.407,10.802100000000001,22.6857,8.0663,23.2,13.3784,12.4863,14.7295,19.6086,12.335799999999999,15.539100000000001,5.474600000000001,7.025,10.0244,12.6373,11.232299999999999,5.0831,2.8764000000000003,9.038
76,19.6417,21.1959,20.1639,25.2939,20.9648,27.151400000000002,14.943299999999999,15.6765,15.1425,15.2205,12.9549,13.6214,15.3241,26.928900000000002,27.708299999999998,25.063200000000002,19.6994,26.3335,14.8226,14.8104,23.575200000000002,23.4962,28.6253,32.3264,14.0029,26.3553,27.4329,32.3969,25.138,1.6118,27.6328,28.1158,26.6606,29.2853,33.3206,14.3971,22.7132,19.0595,34.5222,24.2909,33.718900000000005,14.9935,31.014,25.668400000000002,23.342200000000002,25.5415,15.007299999999999,34.0775,29.109599999999997,14.181,1.3901,25.0947,23.1066,24.6492,13.2614,29.5186,1.0022,19.0059,28.3238,19.831799999999998,19.0667,29.781200000000002,25.8139,23.4753,25.190900000000003,22.8725,26.7802,30.0721,32.3078,22.2587,14.2793,24.6764,24.0545,28.877599999999997,25.9282,15.4456,0.0,24.785700000000002,25.545900000000003,27.7836,22.885900000000003,28.297900000000002,28.342,27.2302,1.0568,34.2398,24.914,33.7067,13.418,21.955599999999997,24.7682,23.4923,25.9761,19.826900000000002,16.0575,23.8887
77,6.7135,4.0184,17.5307,0.37489999999999996,4.0569,6.7673000000000005,9.5935,10.8681,10.6823,14.9076,12.9439,13.065700000000001,11.0356,2.8350999999999997,6.8321000000000005,4.7283,5.6109,9.7744,11.1578,11.3455,10.0525,10.667399999999999,5.4386,9.2088,12.1123,9.604700000000001,6.5568,10.2754,0.45580000000000004,26.819,1.3632,20.5885,3.0255,6.0985,12.1724,12.1526,6.1553,7.354100000000001,13.374,3.2855,9.4285,10.7409,7.8964,4.4123,16.7767,0.9925,10.741299999999999,12.9293,5.922899999999999,11.578299999999999,26.5973,0.5458,2.0685,0.8892,12.734399999999999,8.0792,25.1779,19.6933,20.7965,5.3765,6.9544,6.9022,0.5731,2.5073000000000003,6.7736,16.307,2.6864,6.8853,10.186200000000001,6.6801,13.8261,0.9158999999999999,5.2508,21.3503,2.4653,10.9625,25.731900000000003,0.0,4.0198,20.747799999999998,6.3266,20.770599999999998,5.9292,2.464,25.0473,13.0915,1.2514,9.4163,12.7071,7.4413,3.7386999999999997,18.3878,1.21,6.7219,9.271600000000001,1.3814000000000002
78,6.7684,4.671600000000001,17.9554,3.6241,5.101,3.9109000000000003,11.0675,11.3511,11.3468,16.1861,14.2224,14.943700000000002,13.324,2.4920999999999998,11.117899999999999,8.247,7.1516,6.918100000000001,11.822299999999998,11.799700000000001,7.1961,7.811,9.0776,8.1203,12.813,12.3665,10.8425,7.419,3.4682,27.4116,5.0023,17.7321,2.428,9.7376,9.316,13.4311,3.4366999999999996,8.0185,10.5176,6.1301000000000005,6.0988999999999995,13.5371,6.8079,0.5054,19.8375,4.474399999999999,12.4673,10.072899999999999,9.5619,13.1083,27.1899,4.2731,3.6665,4.4046,14.0129,5.3224,25.7705,22.7542,17.940099999999997,6.9173,7.6189,10.5412,4.144100000000001,3.333,3.9172,19.3678,2.3935,10.5244,5.4477,3.8236999999999997,15.1046,4.524,2.3945,18.4939,1.6417,11.2829,26.3245,3.9640999999999997,0.0,17.8914,3.4701999999999997,17.9142,10.4345,3.8204000000000002,25.6399,10.2352,4.811100000000001,6.0866999999999996,13.985700000000001,4.4477,1.3140999999999998,21.4486,4.3064,7.3863,10.745700000000001,4.155600000000001
79,15.085,17.0368,10.874,21.733900000000002,19.3581,17.6477,20.5422,18.4965,19.1437,25.9196,23.654,22.6053,16.9064,20.973599999999998,33.506800000000005,30.8618,17.486099999999997,13.5695,19.878400000000003,18.9739,14.3727,11.9715,31.492,20.774099999999997,19.7407,29.8828,33.2315,16.7372,21.578,29.6866,23.112099999999998,0.9665,20.909599999999998,30.6457,16.2919,23.227400000000003,15.2187,18.5336,17.4934,23.6464,19.7988,23.333299999999998,21.484,18.6208,29.6338,22.2456,22.2636,17.0487,31.0148,21.0931,29.4649,21.7989,20.513,22.514400000000002,23.0843,18.285400000000003,28.0455,32.5504,1.1745,18.0254,18.8945,33.566900000000004,22.2539,20.1795,17.225,29.164099999999998,20.875,30.865099999999998,16.959400000000002,14.7631,24.9008,22.082099999999997,16.1688,1.3266,20.1232,18.5909,28.5995,21.489900000000002,19.1541,0.0,14.614,1.1485999999999998,32.5872,21.9302,27.914900000000003,17.211,22.3265,19.7866,23.7819,14.46,19.4239,31.2449,22.4162,18.5472,20.541900000000002,21.718700000000002
80,3.8432,3.0719000000000003,13.775799999999998,6.203,5.935,4.139,7.6513,8.3617,9.008899999999999,12.7698,10.8061,10.481200000000001,8.4512,5.203,13.6968,13.2159,4.0094,6.4738,10.350299999999999,8.8391,3.5243,4.1392,11.6565,10.212299999999999,9.6059,14.9454,13.4215,7.9887,6.0471,24.3126,7.5812,15.9173,5.139,12.3165,8.136800000000001,10.014899999999999,1.059,4.6083,11.087299999999999,8.709,8.405100000000001,10.1208,8.899899999999999,3.5543,16.4213,7.0533,9.0511,10.6426,12.140799999999999,8.8626,24.0909,6.852,6.6568000000000005,6.9835,10.5967,7.8331,22.6715,19.3379,16.1253,4.263199999999999,6.1469,13.1201,6.723,5.7318,1.8328,15.951600000000001,5.1044,13.103299999999999,6.8607,0.8078,11.6883,7.1029,1.8921,16.6791,4.352600000000001,8.456100000000001,23.2255,6.543,3.3835,16.0766,0.0,16.0994,13.013399999999999,6.427,22.541,10.8049,7.39,8.3929,10.5694,1.4318,3.273,18.032400000000003,6.8853,5.9143,7.3294,6.7345
81,15.8095,17.7613,11.5984,21.3749,22.8035,17.288700000000002,21.2667,19.221,19.8681,26.644,24.378400000000003,22.246299999999998,20.6265,20.6146,33.147800000000004,30.5028,18.2105,13.2105,20.6028,19.6983,14.0137,14.4428,31.133,20.4151,20.4651,35.2444,32.8724,16.3782,21.219,29.327599999999997,22.753,0.5247,20.5506,30.2867,15.9329,23.9518,17.8338,19.2581,17.134400000000003,24.3708,19.439799999999998,24.0577,21.125,18.2618,30.3582,22.2252,22.988,16.689700000000002,30.6558,21.8175,29.105900000000002,22.5233,21.2374,22.1554,23.8087,17.9264,27.6865,33.274800000000006,0.3501,18.7498,19.6189,33.2079,21.8949,20.9039,16.866,29.8885,20.516,30.5061,16.6004,16.8109,25.6253,22.2748,18.739099999999997,1.2865,19.764200000000002,19.3153,28.2405,22.214299999999998,18.795099999999998,1.0497,17.2291,0.0,32.2282,21.5712,27.5559,16.852,22.5619,19.427599999999998,24.5063,15.1845,19.0649,31.9693,22.0572,19.2716,21.2664,21.9064
82,11.476600000000001,8.9007,24.3032,5.6886,8.6221,11.6824,13.937899999999999,12.7316,12.7272,19.3152,17.0497,16.3242,14.7044,7.4621,2.7558000000000002,4.2083,12.565299999999999,14.6896,13.2027,13.180200000000001,14.9677,15.574,1.0124,13.150799999999998,14.1935,8.1775,2.4805,15.8589,5.5328,28.792,4.1398,31.157799999999998,7.6525,1.6724,15.951799999999999,16.8178,11.0155,12.4564,16.564400000000003,6.0048,16.352700000000002,13.613,11.8384,9.3275,19.6487,4.756,15.4274,15.9997,1.4967000000000001,14.4888,28.570400000000003,4.7452,6.9825,5.38,16.48,12.0212,27.151,22.5654,31.3657,12.319799999999999,11.4116,2.0257,5.1536,7.3675,11.6887,19.179,7.3134,2.4591999999999996,13.6665,11.8697,18.3741,4.7592,10.166,31.9196,7.0923,12.6634,27.704900000000002,5.1403,8.934899999999999,31.3171,11.241700000000002,31.3399,0.0,6.1122,27.020400000000002,16.9348,4.5855,16.3405,17.3723,12.3015,8.6539,21.2598,4.5127,11.824200000000001,14.7741,5.6452
83,6.9394,4.8426,18.4968,1.4747999999999999,5.1238,5.5702,10.6737,10.9573,10.953,15.7923,13.8286,14.031799999999999,12.001700000000001,1.3499,8.466700000000001,6.3132,6.7578000000000005,8.577399999999999,11.4285,11.405899999999999,8.8555,9.4704,6.7492,7.7236,12.4192,11.1463,8.1913,9.0784,1.3189000000000002,27.017799999999998,2.6738000000000004,19.3915,1.5403,7.4091000000000005,10.9754,13.0373,5.096,7.6247,12.1769,4.9098999999999995,7.9433,12.2825,6.4112,3.2153,18.3183,2.146,12.0735,11.7322,7.2335,12.7145,26.7961,2.6311,3.1564,3.1721,13.6191,6.5939,25.3767,21.234900000000003,19.599400000000003,6.5234,7.2251,8.2127,1.9948,2.8229,5.5765,17.848599999999998,1.2012,8.1959,8.9892,5.483,14.710799999999999,3.0311,4.0538,20.153299999999998,0.9801,10.889100000000001,25.9307,1.8057999999999998,2.8226999999999998,19.5508,5.1295,19.5736,7.2398,0.0,25.2461,11.8945,2.8574,7.931100000000001,13.591899999999999,6.1071,2.5416999999999996,19.9294,1.9779,6.9925,10.351899999999999,2.923
84,18.7422,20.296400000000002,19.264400000000002,24.3944,20.0652,26.251900000000003,14.043700000000001,14.777,14.243,14.3209,12.055399999999999,12.7219,14.4246,26.029400000000003,26.808799999999998,24.163700000000002,18.7999,25.434,13.9231,13.9108,22.6757,22.5966,27.7258,31.4269,13.103399999999999,25.4557,26.5334,31.497400000000003,24.2385,2.5753000000000004,26.7332,27.2163,25.7611,28.3857,32.421099999999996,13.4976,21.8137,18.16,33.622699999999995,23.3914,32.8194,14.094,30.1145,24.768900000000002,22.442700000000002,24.642,14.1078,33.178,28.210099999999997,13.2815,2.3535999999999997,24.1952,22.207099999999997,23.7497,12.3619,28.6191,0.9342,18.1064,27.4242,18.932299999999998,18.1672,28.8816,24.9144,22.5758,24.291400000000003,21.973,25.8807,29.1725,31.4082,21.359099999999998,13.3798,23.776799999999998,23.155,27.978099999999998,25.0287,14.546,1.4882,23.886200000000002,24.6464,26.8841,21.9864,27.398400000000002,27.4425,26.330599999999997,0.0,33.340199999999996,24.014400000000002,32.807199999999995,12.5185,21.056099999999997,23.8687,18.5565,25.0766,18.927400000000002,15.158,22.9892
85,13.472299999999999,11.497399999999999,18.6541,12.8344,13.7522,5.7533,16.9783,17.2619,17.2575,22.096799999999998,20.1331,19.9322,17.9022,12.0741,20.328200000000002,17.4573,13.0624,6.054600000000001,17.733,17.7104,11.7607,12.3756,16.2957,6.8534,18.7238,21.5768,20.052799999999998,2.0286,12.6785,34.8206,14.2125,15.967600000000001,12.0101,15.449399999999999,1.508,19.341900000000003,10.834100000000001,13.929200000000002,0.4228,15.340399999999999,3.4559,19.4478,5.141100000000001,9.7213,25.7483,13.684700000000001,18.3781,0.7058,15.8185,19.019,34.5989,13.4834,12.8768,13.6149,19.9237,5.1991000000000005,33.1796,28.664900000000003,16.1755,12.828,13.5296,18.3706,13.3544,12.5432,9.696299999999999,25.278599999999997,11.9755,15.6688,4.3365,10.4369,21.0153,13.7343,10.554,16.729400000000002,11.223700000000001,17.1937,33.7335,13.1744,10.2546,16.1269,10.785,16.1497,17.390900000000002,13.030700000000001,33.049,0.0,14.0214,3.4436999999999998,19.8964,11.061,10.5244,27.3594,13.5167,13.297,16.6564,13.3659
86,7.2184,4.5233,18.0356,1.3366,4.0366,7.4361999999999995,10.0763,9.792200000000001,9.7879,14.3701,12.4065,13.384799999999998,11.5405,4.128100000000001,5.972899999999999,3.8691,5.5906,10.4434,10.263399999999999,10.2408,10.7215,11.3364,5.173100000000001,9.816799999999999,11.254100000000001,9.0673,5.6975,10.9444,2.1986999999999997,25.6888,1.4972999999999999,21.2575,4.3185,5.833,12.8414,11.615200000000002,6.8842,6.4596,14.0429,2.8309,10.0365,10.2035,8.5044,5.081300000000001,16.2393,1.1265999999999998,10.203899999999999,13.5982,5.6574,11.040899999999999,25.4671,0.619,2.397,0.7945,12.197,8.687100000000001,24.0477,19.155900000000003,21.465400000000002,5.356199999999999,6.0606,6.2948,1.3832,2.414,7.4425,15.7696,3.9793000000000003,6.619800000000001,10.8552,7.349,13.2887,0.1737,5.9198,22.019299999999998,3.5401,9.724,24.6017,1.0418,4.6887,21.4168,6.9956000000000005,21.4396,5.321899999999999,2.7782,23.9172,13.7605,0.0,10.024299999999998,12.1697,7.9731000000000005,4.4077,17.8504,1.5242,5.828,9.7545,1.0597
87,10.8805,9.576600000000001,18.549799999999998,9.124,10.1938,4.2292,15.0574,15.341,15.3366,20.176,18.2123,18.9336,17.3138,8.9991,16.1007,13.210600000000001,11.1415,5.027699999999999,15.812100000000001,15.7896,10.0641,10.6789,12.569799999999999,3.4398,16.8029,18.0069,15.825299999999999,2.3617,8.9681,34.7164,9.571299999999999,17.7585,7.8676,11.7234,2.4546,17.421,8.1247,12.0084,3.7199,11.7705,0.012199999999999999,17.527,1.7275,5.4985,23.8274,9.0434,16.4572,2.9544,12.0925,17.098200000000002,34.494699999999995,9.5286,9.306899999999999,10.0451,18.0028,1.7855,33.075300000000006,26.7441,17.9665,10.9071,11.608799999999999,14.6446,9.2158,8.9734,7.1045,23.3577,8.8504,11.9428,1.7601,7.8452,19.0945,9.9285,6.3843000000000005,18.5203,7.0812,15.2728,33.6293,9.6045,5.7986,17.9178,8.193200000000001,17.9406,13.665,7.6491999999999996,32.9447,3.4375,9.7548,0.0,17.9756,8.4692,6.8354,25.4385,8.875399999999999,11.3762,14.7356,9.796
88,8.333200000000001,8.8411,17.8521,12.9391,8.61,14.7966,4.109,5.1574,4.623399999999999,2.6739,0.791,8.011,8.2534,14.5741,16.027,13.3819,7.344600000000001,15.788200000000002,5.2983,4.8238,12.8843,13.1257,16.944,19.9716,5.911899999999999,14.0005,15.7516,19.1815,12.7832,14.603399999999999,13.043899999999999,27.371,14.3058,17.603900000000003,18.7945,0.8853,10.3584,6.7047,22.28,11.9361,17.9404,2.1496999999999997,18.659200000000002,13.313600000000001,10.9874,13.1867,2.6525,21.8353,17.4283,2.9032,14.3817,12.7399,10.7518,12.2944,0.6367,17.1638,12.962299999999999,13.904,27.5789,7.477,6.7119,18.0998,13.459100000000001,11.1205,12.8361,10.517700000000001,14.4254,18.390700000000002,17.5184,10.3915,1.4892999999999998,12.3216,11.6997,28.1328,13.5734,4.9265,13.5163,12.4309,13.1911,27.0388,10.5311,27.553099999999997,16.660700000000002,14.875399999999999,12.831700000000001,21.9976,12.5592,17.9282,0.0,10.0884,12.4134,12.5985,13.6213,7.4721,3.7026999999999997,11.5339
89,2.6213,2.8668,12.838700000000001,6.1207,5.8527,4.3678,7.091600000000001,7.1291,7.7762,12.2101,10.2464,9.2485,7.2185,6.0862,13.6145,13.1336,3.7483,6.7984,7.603,7.6064,3.9479,4.1893,11.574200000000001,11.335899999999999,8.373299999999999,14.863100000000001,13.3392,8.2175,5.964899999999999,23.08,7.4989,16.242,6.1251999999999995,12.234200000000001,8.3656,9.455200000000001,1.2882,4.347300000000001,11.3161,8.626700000000001,8.633899999999999,9.5611,10.0235,4.677899999999999,15.861600000000001,6.971,8.4914,10.8714,12.0585,8.3029,22.8583,6.769699999999999,6.5745,6.9013,10.0369,8.0619,21.4389,18.778200000000002,16.45,4.2876,5.0581000000000005,13.037799999999999,6.6408000000000005,5.6496,2.0616,15.3919,6.1784,13.021,7.0895,0.6644,11.1286,7.0206,3.0157,17.0038,5.3928,7.2235,21.992900000000002,6.4607,4.5071,14.249600000000001,1.4609,16.4241,12.9311,6.3447,21.3083,11.033700000000001,7.3077,8.6217,10.0097,0.0,4.1981,17.4727,6.803,4.8255,6.769699999999999,6.6522
90,5.4331000000000005,3.3362,16.55,3.5069,3.7656,4.0049,9.2008,9.484399999999999,9.48,14.3193,12.3557,13.077,11.4572,3.4724,11.0007,8.1298,5.2848999999999995,7.0161999999999995,9.9555,9.933,7.0173000000000005,7.6322,8.9604,9.0515,10.946299999999999,12.2493,10.725299999999999,7.5172,3.351,25.5448,4.8851,17.830299999999998,3.5114,9.6204,8.0028,11.5644,3.2857,6.151800000000001,10.6157,6.012899999999999,7.0131000000000006,11.6703,7.7391000000000005,1.8594000000000002,17.9708,4.3572,10.6006,10.171,9.444700000000001,11.2416,25.3232,4.1559,3.3691999999999998,4.2874,12.1462,6.2365,23.9038,20.887400000000003,18.0382,5.0505,5.7521,10.424,4.0269,3.0357,3.3934,17.501099999999997,3.5646,10.407200000000001,6.361800000000001,3.6727,13.2379,4.4068000000000005,2.4885,18.5921,2.7789,9.4162,24.4577,3.8469,1.7825,17.9896,3.3192,18.012400000000003,10.3173,3.7309,23.7732,10.3333,4.693899999999999,7.0009,12.1189,4.2968,0.0,19.5819,4.1892,5.5196000000000005,8.879,4.0384
91,15.8361,16.344,25.4953,18.7488,15.3836,22.299400000000002,11.9337,12.800600000000001,12.2666,5.9655,12.4982,15.654200000000001,15.8965,21.1028,18.323400000000003,17.620900000000002,14.8475,23.291,12.9414,12.466899999999999,20.3872,20.6286,22.190099999999997,27.4745,13.5551,19.3831,18.487599999999997,26.6843,20.286099999999998,21.8721,18.426599999999997,35.014199999999995,21.8087,22.850099999999998,26.2973,11.707,17.8613,14.207600000000001,29.7829,17.3187,25.4432,9.905100000000001,26.1621,20.8165,2.8913,18.7395,10.2957,29.3382,22.674400000000002,11.1326,22.496,18.5712,18.2546,18.202099999999998,12.2887,24.666700000000002,20.2484,1.3055,35.2221,14.979899999999999,14.214799999999999,24.983700000000002,19.4404,18.6234,20.338900000000002,2.7226999999999997,20.954099999999997,23.6369,25.0212,17.894299999999998,7.1936,18.1155,19.202599999999997,35.7759,20.1685,12.569600000000001,23.5423,19.0665,20.694,34.682,18.034,35.1963,21.8323,20.3989,20.1178,29.5005,17.9418,25.431,12.2615,17.5913,19.9163,0.0,18.7995,14.975,11.2056,17.5609
92,6.9925,4.8957,18.5574,1.2046,5.3251,7.198300000000001,10.7793,11.062899999999999,11.0585,15.8978,13.9341,14.0923,12.062299999999999,2.978,6.542,4.3885,6.911,10.2055,11.534,11.5114,10.483600000000001,11.0899,4.8245,8.6667,12.524799999999999,9.1301,6.2667,10.7065,1.0487,27.1233,0.7492000000000001,21.019599999999997,3.1684,5.4844,12.6035,13.1429,6.5315,7.7302,13.805,3.4273000000000002,8.8865,11.0354,7.3543,4.8434,17.0712,0.4972,11.0358,13.360299999999999,5.3088,12.82,26.9016,0.9823,3.217,2.0031,13.7246,7.537100000000001,25.482200000000002,19.9878,21.2276,6.629,7.3306000000000004,6.2881,0.6696,2.8835,7.2046,16.6014,2.8293000000000004,6.271199999999999,9.1825,7.3856,14.8163,1.3822999999999999,5.6819,21.7814,2.6081999999999996,10.9947,26.0362,1.1784000000000001,4.4509,21.178900000000002,6.7577,21.201700000000002,5.3151,1.6280999999999999,25.3517,13.5226,1.2086,8.8743,13.6974,7.8175,4.1698,18.682299999999998,0.0,7.098,10.4574,2.2683
93,3.7478000000000002,2.6235,13.562700000000001,6.6578,2.3585,8.5153,3.6778000000000004,4.2048000000000005,4.200399999999999,8.796299999999999,6.8327,7.7974,6.1776,8.2928,10.196200000000001,7.5512,1.273,11.5154,4.6758999999999995,4.6533,9.8338,10.4486,11.113299999999999,13.6904,5.6667,12.2928,9.9209,12.9002,6.5019,20.115,8.0359,21.847900000000003,8.0246,11.773200000000001,12.513200000000001,6.041399999999999,4.4974,1.1188,15.9988,6.8038,11.6591,6.147399999999999,12.3779,7.0323,12.447799999999999,7.508100000000001,5.0776,15.5541,11.5976,4.8891,19.8933,6.715199999999999,4.3739,5.4461,6.6232,10.8825,18.4739,15.3644,22.055799999999998,1.0275,0.2326,12.2691,7.1778,5.0958000000000006,6.5548,11.9781,8.1441,12.56,11.2371,7.2955,7.714899999999999,5.9437,5.418399999999999,22.6097,7.2921000000000005,4.1366000000000005,19.027900000000002,6.4062,6.909800000000001,22.0072,6.1608,22.03,10.83,8.594100000000001,18.343400000000003,15.716299999999999,6.1399,11.6469,6.595899999999999,5.264600000000001,6.1321,14.0589,7.3401000000000005,0.0,3.356,5.156
94,5.106199999999999,5.6141000000000005,15.0838,9.712,5.382899999999999,11.5695,0.9863,3.6197,2.5080999999999998,6.3235,4.3598,5.8956,6.138,11.347100000000001,12.7999,10.1549,4.1176,12.5611,3.1829,2.7084,9.6573,9.898700000000002,13.716899999999999,16.7446,3.7965,12.505700000000001,12.5245,15.9545,9.5562,16.759,11.090200000000001,20.5413,11.0788,14.3769,15.5674,3.5686,7.131399999999999,3.4777,19.053,9.4389,14.713299999999998,3.6745,15.4322,10.0866,9.9908,9.9596,2.6206,18.6083,14.2013,1.776,16.5374,9.5129,7.5248,9.0673,4.1503000000000005,13.9368,15.118,12.907399999999999,20.749200000000002,4.25,3.4849,14.8728,10.2321,7.8935,9.609,9.5211,11.1984,15.1637,14.2913,7.1644,5.242,9.0945,8.472700000000001,21.303099999999997,10.3464,2.8110999999999997,15.671899999999999,9.203899999999999,9.9641,19.959,7.3041,20.7234,13.4337,11.648299999999999,14.9874,18.770599999999998,9.290799999999999,14.7011,4.1231,6.8614,9.186399999999999,11.601899999999999,10.3943,4.245100000000001,0.0,8.306899999999999
95,5.9818999999999996,4.0247,17.537,1.6217000000000001,3.2459000000000002,6.937600000000001,8.7179,9.0015,8.9971,13.7869,11.8232,12.594100000000001,11.0419,3.9757,5.6488000000000005,4.3645,4.7998,9.944700000000001,9.472700000000001,9.4501,10.2228,10.8377,5.716,10.3494,10.4634,8.484,6.2172,10.4457,1.8162,25.1055,2.0742,20.7588,4.1661,6.376,12.3427,11.0319,6.3856,5.6689,13.5443,2.2476,9.9457,9.6202,9.037,4.5826,15.656,1.7035,9.6206,13.0996,6.2003,10.457600000000001,24.8838,1.1959000000000002,1.6063,0.7604,11.613700000000001,9.2198,23.4645,18.572599999999998,20.9668,4.5655,5.2699,6.8866000000000005,1.9601,1.9153,6.943899999999999,15.1863,3.827,7.1628,10.3566,6.8504,12.7054,0.7876000000000001,5.4211,21.520599999999998,3.0414,8.9333,24.0184,0.9787,4.1901,20.9181,6.496899999999999,20.940900000000003,5.913600000000001,3.3550999999999997,23.3339,13.2618,0.9839,9.9335,11.5865,7.474399999999999,3.909,17.2671,2.1010999999999997,5.0373,8.3961,0.0
