set K:= 1	2	3	4	5;
set C_H:= 1	2	3	4	5	6	7	8;
set C_S:= 9	10	11	12	13	14	15	16;
set C_F:= 17	18	19	20	21	22	23	24;
set M:= 25	26	27	28	29	30;
set M_B:= 31	32	33	34	35	36;
set L_B:= 37	38;
set A1:=
(0,*) 1 2 3 4 5 6 7 8 17 18 19 20 21 22 23 24 25 26 27 28 29 30 31 32 33 34 35 36 37 38
(1,*) 0 2 3 4 5 6 7 8 17 18 19 20 21 22 23 24 25 26 27 28 29 30 31 32 33 34 35 36 37 38
(2,*) 0 1 3 4 5 6 7 8 17 18 19 20 21 22 23 24 25 26 27 28 29 30 31 32 33 34 35 36 37 38
(3,*) 0 1 2 4 5 6 7 8 17 18 19 20 21 22 23 24 25 26 27 28 29 30 31 32 33 34 35 36 37 38
(4,*) 0 1 2 3 5 6 7 8 17 18 19 20 21 22 23 24 25 26 27 28 29 30 31 32 33 34 35 36 37 38
(5,*) 0 1 2 3 4 6 7 8 17 18 19 20 21 22 23 24 25 26 27 28 29 30 31 32 33 34 35 36 37 38
(6,*) 0 1 2 3 4 5 7 8 17 18 19 20 21 22 23 24 25 26 27 28 29 30 31 32 33 34 35 36 37 38
(7,*) 0 1 2 3 4 5 6 8 17 18 19 20 21 22 23 24 25 26 27 28 29 30 31 32 33 34 35 36 37 38
(8,*) 0 1 2 3 4 5 6 7 17 18 19 20 21 22 23 24 25 26 27 28 29 30 31 32 33 34 35 36 37 38
(17,*) 0 1 2 3 4 5 6 7 8 18 19 20 21 22 23 24 25 26 27 28 29 30 31 32 33 34 35 36 37 38
(18,*) 0 1 2 3 4 5 6 7 8 17 19 20 21 22 23 24 25 26 27 28 29 30 31 32 33 34 35 36 37 38
(19,*) 0 1 2 3 4 5 6 7 8 17 18 20 21 22 23 24 25 26 27 28 29 30 31 32 33 34 35 36 37 38
(20,*) 0 1 2 3 4 5 6 7 8 17 18 19 21 22 23 24 25 26 27 28 29 30 31 32 33 34 35 36 37 38
(21,*) 0 1 2 3 4 5 6 7 8 17 18 19 20 22 23 24 25 26 27 28 29 30 31 32 33 34 35 36 37 38
(22,*) 0 1 2 3 4 5 6 7 8 17 18 19 20 21 23 24 25 26 27 28 29 30 31 32 33 34 35 36 37 38
(23,*) 0 1 2 3 4 5 6 7 8 17 18 19 20 21 22 24 25 26 27 28 29 30 31 32 33 34 35 36 37 38
(24,*) 0 1 2 3 4 5 6 7 8 17 18 19 20 21 22 23 25 26 27 28 29 30 31 32 33 34 35 36 37 38
(25,*) 0 1 2 3 4 5 6 7 8 17 18 19 20 21 22 23 24 26 27 28 29 30 31 32 33 34 35 36 37 38
(26,*) 0 1 2 3 4 5 6 7 8 17 18 19 20 21 22 23 24 25 27 28 29 30 31 32 33 34 35 36 37 38
(27,*) 0 1 2 3 4 5 6 7 8 17 18 19 20 21 22 23 24 25 26 28 29 30 31 32 33 34 35 36 37 38
(28,*) 0 1 2 3 4 5 6 7 8 17 18 19 20 21 22 23 24 25 26 27 29 30 31 32 33 34 35 36 37 38
(29,*) 0 1 2 3 4 5 6 7 8 17 18 19 20 21 22 23 24 25 26 27 28 30 31 32 33 34 35 36 37 38
(30,*) 0 1 2 3 4 5 6 7 8 17 18 19 20 21 22 23 24 25 26 27 28 29 31 32 33 34 35 36 37 38
(31,*) 0 1 2 3 4 5 6 7 8 17 18 19 20 21 22 23 24 25 26 27 28 29 30 32 33 34 35 36 37 38
(32,*) 0 1 2 3 4 5 6 7 8 17 18 19 20 21 22 23 24 25 26 27 28 29 30 31 33 34 35 36 37 38
(33,*) 0 1 2 3 4 5 6 7 8 17 18 19 20 21 22 23 24 25 26 27 28 29 30 31 32 34 35 36 37 38
(34,*) 0 1 2 3 4 5 6 7 8 17 18 19 20 21 22 23 24 25 26 27 28 29 30 31 32 33 35 36 37 38
(35,*) 0 1 2 3 4 5 6 7 8 17 18 19 20 21 22 23 24 25 26 27 28 29 30 31 32 33 34 36 37 38
(36,*) 0 1 2 3 4 5 6 7 8 17 18 19 20 21 22 23 24 25 26 27 28 29 30 31 32 33 34 35 37 38
(37,*) 0 1 2 3 4 5 6 7 8 17 18 19 20 21 22 23 24 25 26 27 28 29 30 31 32 33 34 35 36 38
(38,*) 0 1 2 3 4 5 6 7 8 17 18 19 20 21 22 23 24 25 26 27 28 29 30 31 32 33 34 35 36 37
;
set A2:=
(25,*) 26
(26,*) 25
(27,*) 28
(28,*) 27
(29,*) 30
(30,*) 29
;
param BigM:=99999;
param n:= 5;
param d:=
1	19
2	20
3	12
4	29
5	6
6	25
7	21
8	27
9	16
10	4
11	14
12	11
13	18
14	5
15	5
16	19
17	23
18	15
19	3
20	8
21	7
22	21
23	15
24	28
;
param Q:=100;
param w:=
[25,*] 26 0.1
[26,*] 25 0.1
[27,*] 28 0.1
[28,*] 27 0.1
[29,*] 30 0.1
[30,*] 29 0.1
;
param V:=
[25,*] 26 112
[26,*] 25 112
[27,*] 28 127
[28,*] 27 127
[29,*] 30 169
[30,*] 29 169
;
param e:
	25	26	27	28	29	30	31	32	33	34	35	36	37	38:=
9		0		0		1		0		0		1		0		0		1		0		0		1		0		0	
10		0		0		1		0		0		1		0		0		1		0		0		1		0		1	
11		0		0		0		1		0		0		0		0		0		1		0		0		0		0	
12		0		0		0		1		0		0		0		0		0		1		0		0		0		0	
13		0		0		0		0		1		0		0		0		0		0		1		0		0		0	
14		0		0		0		0		0		0		0		0		0		0		0		0		1		0	
15		0		0		0		0		1		0		0		0		0		0		1		0		0		0	
16		0		0		1		0		0		0		0		0		1		0		0		0		0		0	
17		0		0		1		0		0		0		0		0		1		0		0		0		0		1	
18		0		0		1		0		0		1		0		0		1		0		0		1		0		1	
19		0		0		1		0		0		0		0		0		1		0		0		0		0		0	
20		1		0		0		0		0		0		1		0		0		0		0		0		0		0	
21		0		1		0		0		0		0		0		1		0		0		0		0		0		0	
22		0		0		0		0		0		0		0		0		0		0		0		0		1		0	
23		0		1		0		0		0		0		0		1		0		0		0		0		0		0	
24		1		0		0		0		0		0		1		0		0		0		0		0		0		0	
;
param p:=
1	3
2	3
3	3
4	3
5	3
;
param G:=
25	53
26	59
27	67
28	60
29	76
30	93
31	53
32	59
33	67
34	60
35	76
36	93
37	93
38	59
;
param s:=
0	0
1	10
2	10
3	10
4	10
5	10
6	10
7	10
8	10
17	10
18	10
19	10
20	10
21	10
22	10
23	10
24	10
25	10
26	10
27	10
28	10
29	10
30	10
31	10
32	10
33	10
34	10
35	10
36	10
37	10
38	10
;
param t:
	0	1	2	3	4	5	6	7	8	9	10	11	12	13	14	15	16	17	18	19	20	21	22	23	24	25	26	27	28	29	30	31	32	33	34	35	36	37	38:=
0	0.0	1.2843	9.1822	7.437	7.1177	6.7158	4.5694	4.0589	4.144	6.9336	6.4227	20.1935	16.4862	10.9076	9.3467	10.762799999999999	8.4199	5.8332	5.5293	6.9291	16.1979	14.1799	6.0664	14.256	15.4641	15.6462	12.9348	8.5804	18.784200000000002	13.6341	7.3102	15.6462	12.9348	8.5804	18.784200000000002	13.6341	7.3102	8.1866	4.7878
1	1.5432000000000001	0.0	9.9041	7.091	6.7718	7.0158000000000005	3.4663000000000004	5.1486	5.4446	7.2336	6.7228	20.5242	16.8168	10.578700000000001	10.625	10.4339	8.719899999999999	6.1331999999999995	6.2401	7.229100000000001	15.0948	13.2858	6.9715	14.0764	14.360899999999999	14.543	13.6456	8.8805	19.1148	13.1	8.1289	14.543	13.6456	8.8805	19.1148	13.1	8.1289	9.4649	5.9147
2	9.4105	9.8185	0.0	15.7286	15.4713	5.6057	11.444700000000001	6.4216999999999995	11.462299999999999	3.0124	3.2819000000000003	27.797099999999997	24.0897	12.785200000000001	14.226	12.0908	4.352600000000001	5.2036999999999995	4.226	5.819	22.9825	4.9117	13.6699	6.0008	22.2486	22.4307	4.5142	2.862	26.387700000000002	14.7564	2.423	22.4307	4.5142	2.862	26.387700000000002	14.7564	2.423	13.0659	4.4663
3	8.155100000000001	6.9275	15.5425	0.0	2.9914	13.9673	10.2094	9.407399999999999	6.0691999999999995	14.0837	13.572899999999999	14.4294	10.722100000000001	17.2806	9.159600000000001	17.1358	15.57	12.9833	12.4417	14.1806	20.275299999999998	17.7942	5.230899999999999	15.7373	19.541400000000003	19.7235	16.622700000000002	15.7306	13.020100000000001	20.007099999999998	15.581	19.7235	16.622700000000002	15.7306	13.020100000000001	20.007099999999998	15.581	6.844600000000001	11.2126
4	7.266	6.5773	15.7445	3.1793	0.0	12.7386	9.859200000000001	10.755799999999999	8.382100000000001	12.9564	12.4455	14.9889	11.281600000000001	16.930400000000002	12.9965	16.7856	14.4427	11.856	12.0915	12.9519	17.8231	19.142599999999998	9.0678	17.0857	17.089299999999998	17.2714	17.9711	14.603200000000001	13.579600000000001	19.6569	13.8725	17.2714	17.9711	14.603200000000001	13.579600000000001	19.6569	13.8725	10.6815	12.1953
5	6.7956	7.2169	6.5053	14.53	14.172600000000001	0.0	6.4818	4.975	10.784600000000001	3.8348	3.324	26.5985	22.891099999999998	7.8222	14.354700000000001	7.127800000000001	2.554	2.3948	3.6206	0.5585	18.0195	9.887	12.4713	10.7865	17.2856	17.4677	10.3557	3.7417	25.1892	9.7935	4.732	17.4677	10.3557	3.7417	25.1892	9.7935	4.732	13.194600000000001	3.7244
6	4.6273	3.5118	12.9882	10.1751	9.855799999999999	6.6021	0.0	9.111	10.7155	10.3177	9.806799999999999	23.3816	19.6742	9.5185	13.709	8.963899999999999	8.398299999999999	9.2173	11.6156	6.5724	13.889299999999999	16.369799999999998	11.9862	19.451900000000002	13.1554	13.3375	19.021099999999997	9.2142	21.9722	11.489700000000001	13.3965	13.3375	19.021099999999997	9.2142	21.9722	11.489700000000001	13.3965	12.5489	9.9588
7	3.9232	5.038	7.4738999999999995	9.879100000000001	9.7944	4.833	9.0329	0.0	5.8937	4.8034	4.2925	21.9475	18.240099999999998	11.926	9.463700000000001	11.7812	6.2896	3.7029	2.5589	5.0463000000000005	22.0747	10.8555	7.1774	7.725	21.3409	21.523	9.511899999999999	6.4502	20.5382	13.4686	3.942	21.523	9.511899999999999	6.4502	20.5382	13.4686	3.942	8.303600000000001	1.8904
8	4.0155	5.2246999999999995	11.8913	6.293	8.6265	9.4229	8.5097	5.061	0.0	9.539299999999999	9.0284	16.996299999999998	13.2889	15.046100000000001	5.495	14.901299999999999	11.0256	8.4389	7.407100000000001	9.6362	21.0969	14.143	2.5201	12.0861	20.363	20.545099999999998	12.9715	11.1861	15.587	18.3077	8.8267	20.545099999999998	12.9715	11.1861	15.587	18.3077	8.8267	4.334899999999999	6.775
9	6.5682	6.9895	3.3019000000000003	13.586799999999998	13.2676	4.0559	9.8949	4.7747	10.4077	0.0	0.45289999999999997	26.2216	22.514200000000002	11.2354	13.9777	10.541	2.8217	2.3747	2.7156	4.2692	21.4327	6.6835	12.0944	7.772600000000001	20.6988	20.8809	6.286	2.2782	24.8123	13.2066	1.56	20.8809	6.286	2.2782	24.8123	13.2066	1.56	12.8176	2.8194
10	6.1153	6.5366	3.4194	13.133899999999999	12.8147	3.603	9.442	4.3218000000000005	9.954799999999999	0.7489	0.0	25.7687	22.0613	10.7825	13.524899999999999	10.0881	2.3688000000000002	1.9218	2.2626999999999997	3.8163	20.9798	6.801	11.6415	7.8902	20.245900000000002	20.428	6.4035	2.3956999999999997	24.3594	12.7537	2.0208	20.428	6.4035	2.3956999999999997	24.3594	12.7537	2.0208	12.364799999999999	2.3665
11	20.7834	20.884	28.4022	14.8719	16.125	26.827099999999998	24.8272	22.2671	17.2774	26.9435	26.432599999999997	0.0	4.2113000000000005	34.747099999999996	15.3164	33.703199999999995	28.4298	25.8431	24.5917	27.0404	30.0054	30.6539	16.2028	28.597099999999998	29.2716	29.4537	29.482400000000002	28.5903	2.1953	35.9411	28.4407	29.4537	29.482400000000002	28.5903	2.1953	35.9411	28.4407	14.3922	23.9595
12	16.7536	16.854200000000002	24.3725	10.8421	12.0952	22.7973	20.797400000000003	18.2374	13.2477	22.913700000000002	22.402900000000002	3.8632	0.0	30.717299999999998	11.2866	29.6734	24.4	21.813299999999998	20.5619	23.0106	25.9757	26.624200000000002	12.1731	24.5673	25.241799999999998	25.4239	25.452599999999997	24.560599999999997	2.4539	31.9113	24.411	25.4239	25.452599999999997	24.560599999999997	2.4539	31.9113	24.411	10.3624	19.9298
13	10.8561	11.1942	13.6829	19.742900000000002	16.9366	7.7482	9.3716	11.7646	15.997399999999999	11.0124	10.5015	34.1827	30.4753	0.0	19.5675	0.7424	10.103299999999999	9.5724	10.798200000000001	8.2774	16.2767	14.4333	17.684099999999997	18.4024	15.5429	15.725	16.2183	9.898700000000002	32.773300000000006	1.219	11.909600000000001	15.725	16.2183	9.898700000000002	32.773300000000006	1.219	11.909600000000001	18.407400000000003	10.902
14	8.8376	10.062	16.095200000000002	8.3554	11.9365	13.6268	13.347100000000001	9.264899999999999	5.2006000000000006	13.7432	13.232299999999999	14.6584	10.951	19.25	0.0	19.1052	15.2295	12.6428	11.611	13.8401	28.6193	18.3469	3.2222	16.29	27.8855	28.0676	17.1754	15.39	13.249	22.511599999999998	13.0306	28.0676	17.1754	15.39	13.249	22.511599999999998	13.0306	2.4857	10.9789
15	10.9692	10.534	13.0227	17.1973	16.8781	7.088	8.7114	12.449399999999999	16.6822	10.3522	9.841299999999999	33.266400000000004	29.559	0.8438	20.252299999999998	0.0	9.443100000000001	8.9122	10.138	7.6171999999999995	15.971	14.4171	18.3689	18.386200000000002	15.2371	15.4192	16.2021	10.259	31.8571	1.8925	11.2494	15.4192	16.2021	10.259	31.8571	1.8925	11.2494	19.092200000000002	10.2418
16	8.867799999999999	8.6541	4.3411	15.2479	14.928700000000001	2.554	8.8978	6.435899999999999	12.0199	2.9516999999999998	2.4408000000000003	27.8337	24.1264	10.2382	15.5899	9.5438	0.0	3.2119	4.3767	2.7673	20.4355	8.768600000000001	13.7066	9.857700000000001	19.7016	19.8837	8.3711	2.4988	26.424400000000002	12.2095	3.9884	19.8837	8.3711	2.4988	26.424400000000002	12.2095	3.9884	14.429799999999998	4.4805
17	6.121899999999999	5.8043000000000005	5.0524	12.502	12.1827	2.3438000000000003	8.1828	3.6899	9.265799999999999	2.3819	1.8711	25.0797	21.3723	9.523299999999999	12.835799999999999	8.828899999999999	3.0641	0.0	1.6307	2.5570999999999997	19.720599999999997	8.4341	10.9525	8.4454	18.9867	19.1688	8.0366	2.941	23.6703	11.4945	3.2771999999999997	19.1688	8.0366	2.941	23.6703	11.4945	3.2771999999999997	11.6757	1.7346
18	5.708399999999999	6.1603	5.540100000000001	12.0885	11.769200000000001	3.609	10.4368	3.2764	8.747	2.8695999999999997	2.3587	25.2374	21.53	10.7884	12.317	10.094	4.3558	1.7758	0.0	3.8223000000000003	20.9857	8.921700000000001	10.6314	8.0319	20.2518	20.4339	8.5242	4.5164	23.8281	12.7597	2.1426999999999996	20.4339	8.5242	4.5164	23.8281	12.7597	2.1426999999999996	11.1569	1.321
19	7.0672	7.4885	6.7768999999999995	15.1645	14.4442	0.655	7.1162	5.2466	11.4191	4.1064	3.5956	27.233	23.525599999999997	8.456700000000001	14.9891	7.7623	2.8256	2.6664	3.8922	0.0	18.654	10.1586	13.105799999999999	11.0581	17.920099999999998	18.1022	10.6273	4.0133	25.8236	10.4279	5.0036000000000005	18.1022	10.6273	4.0133	25.8236	10.4279	5.0036000000000005	13.829	3.996
20	16.0524	14.9369	28.7769	22.9488	19.163	22.842200000000002	14.9515	20.296599999999998	20.641599999999997	26.1064	25.5955	29.6274	25.920099999999998	18.280900000000003	25.5973	17.201	25.1973	24.666400000000003	21.5416	23.3714	0.0	31.1172	25.5529	33.5709	1.1754	1.3575	32.9022	26.0132	28.2181	17.5243	23.322599999999998	1.3575	32.9022	26.0132	28.2181	17.5243	23.322599999999998	27.1666	21.645400000000002
21	15.050799999999999	13.205200000000001	4.9703	17.993599999999997	19.5145	10.0573	15.8963	9.8083	16.2027	6.399100000000001	6.6686000000000005	30.062099999999997	26.3547	16.1523	19.863599999999998	16.0075	8.8041	8.590399999999999	7.6126000000000005	10.2706	32.1579	0.0	15.934899999999999	4.1457	31.4241	31.6062	2.1328	7.3135	28.6527	17.201	5.809699999999999	31.6062	2.1328	7.3135	28.6527	17.201	5.809699999999999	17.548599999999997	7.853
22	6.385800000000001	7.6102	11.5914	5.2448999999999995	8.826	11.1749	10.895299999999999	6.8131	2.7488	11.2914	10.7805	15.1533	11.4459	16.798099999999998	4.021199999999999	16.653299999999998	12.7776	10.1909	9.1592	11.388200000000001	25.5089	16.307100000000002	0.0	14.250200000000001	24.775	24.957099999999997	15.1355	12.9382	13.744	20.0598	10.2844	24.957099999999997	15.1355	12.9382	13.744	20.0598	10.2844	1.7905	8.5271
23	12.1302	12.5822	5.9445	15.6881	17.209	9.3628	19.5303	8.5839	13.897200000000002	7.3733	7.6428	27.7565	24.0492	18.061700000000002	17.5581	17.916900000000002	9.7784	7.9515	7.011	9.5761	33.8919	4.0762	13.6294	0.0	33.158	33.3401	2.9046	8.287799999999999	26.3472	18.5135	5.7353000000000005	33.3401	2.9046	8.287799999999999	26.3472	18.5135	5.7353000000000005	15.2431	6.6285
24	15.8405	14.725	28.147	22.318900000000003	18.533099999999997	22.2123	14.3216	22.4357	20.4297	25.4765	24.9656	28.9975	25.290200000000002	17.651	25.3854	16.571099999999998	24.567400000000003	24.0364	21.3297	22.7415	1.1124	30.487299999999998	24.923	32.941	0.0	0.3469	32.2723	25.3833	27.5882	16.8944	23.1107	0.3469	32.2723	25.3833	27.5882	16.8944	23.1107	26.5367	21.4335
25	15.7968	14.681299999999998	28.1033	22.2752	18.4894	22.168599999999998	14.277899999999999	22.392	20.385900000000003	25.4328	24.9219	28.953799999999998	25.2464	17.607200000000002	25.3417	16.5274	24.5237	23.9927	21.286	22.6978	1.2586	30.4436	24.8793	32.8972	0.5247	0.0	32.2285	25.339599999999997	27.5445	16.8507	23.0669	0.0	32.2285	25.339599999999997	27.5445	16.8507	23.0669	26.493	21.3898
26	13.2953	13.747200000000001	3.7731	16.3521	17.873099999999997	10.5278	16.366799999999998	8.2073	14.561200000000001	5.201899999999999	5.4714	28.4206	24.7132	15.8903	18.2222	15.7455	7.607	7.3932	6.2298	10.741100000000001	31.896	1.9048	14.2934	2.5043	31.1621	31.3442	0.0	6.1164	27.011200000000002	16.939	4.208699999999999	31.3442	0.0	6.1164	27.011200000000002	16.939	4.208699999999999	15.9071	6.252
27	7.6804	7.4666999999999994	3.2098	14.0605	13.741299999999999	2.7437	8.5827	5.248399999999999	10.8324	1.7642	1.2534	26.6463	22.9389	9.923200000000001	14.4024	9.2288	1.4906	2.0244	3.1893000000000002	2.957	20.1205	7.6373	12.5191	8.7264	19.386599999999998	19.5687	7.2398	0.0	25.237	11.8944	2.8571	19.5687	7.2398	0.0	25.237	11.8944	2.8571	13.242299999999998	3.2931
28	18.7453	18.846	26.3642	12.8339	14.087	24.789099999999998	22.7892	20.2291	15.2394	24.9055	24.394599999999997	2.213	2.1733000000000002	32.7091	13.2784	31.665200000000002	26.3918	23.8051	22.5537	25.0024	27.9674	28.6159	14.1648	26.559099999999997	27.2336	27.4157	27.4444	26.5523	0.0	33.9031	26.4027	27.4157	27.4444	26.5523	0.0	33.9031	26.4027	12.3542	21.9215
29	13.741100000000001	13.306	15.7946	19.9693	19.65	9.8599	11.4833	15.2213	19.4542	13.1241	12.6132	34.4486	30.7412	1.6245999999999998	23.0242	1.9109	12.2151	11.6841	12.9099	10.389100000000001	16.7043	15.601799999999999	21.140900000000002	20.0758	15.9704	16.1525	17.3868	13.030899999999999	33.039300000000004	0.0	14.0213	16.1525	17.3868	13.030899999999999	33.039300000000004	0.0	14.0213	21.864099999999997	13.0137
30	7.218	7.669899999999999	2.6780999999999997	13.4123	13.2789	4.6093	10.4483	3.9987	10.2346	1.8664	2.1359	25.3274	21.62	11.788799999999998	12.998299999999999	11.0944	4.2714	3.1980999999999997	2.0211	4.8226	21.986099999999997	6.059699999999999	10.258700000000001	5.727600000000001	21.252200000000002	21.4343	5.6621999999999995	2.7808	23.9181	13.76	0.0	21.4343	5.6621999999999995	2.7808	23.9181	13.76	0.0	11.8382	2.0433
31	15.7968	14.681299999999998	28.1033	22.2752	18.4894	22.168599999999998	14.277899999999999	22.392	20.385900000000003	25.4328	24.9219	28.953799999999998	25.2464	17.607200000000002	25.3417	16.5274	24.5237	23.9927	21.286	22.6978	1.2586	30.4436	24.8793	32.8972	0.5247	0.0	32.2285	25.339599999999997	27.5445	16.8507	23.0669	0.0	32.2285	25.339599999999997	27.5445	16.8507	23.0669	26.493	21.3898
32	13.2953	13.747200000000001	3.7731	16.3521	17.873099999999997	10.5278	16.366799999999998	8.2073	14.561200000000001	5.201899999999999	5.4714	28.4206	24.7132	15.8903	18.2222	15.7455	7.607	7.3932	6.2298	10.741100000000001	31.896	1.9048	14.2934	2.5043	31.1621	31.3442	0.0	6.1164	27.011200000000002	16.939	4.208699999999999	31.3442	0.0	6.1164	27.011200000000002	16.939	4.208699999999999	15.9071	6.252
33	7.6804	7.4666999999999994	3.2098	14.0605	13.741299999999999	2.7437	8.5827	5.248399999999999	10.8324	1.7642	1.2534	26.6463	22.9389	9.923200000000001	14.4024	9.2288	1.4906	2.0244	3.1893000000000002	2.957	20.1205	7.6373	12.5191	8.7264	19.386599999999998	19.5687	7.2398	0.0	25.237	11.8944	2.8571	19.5687	7.2398	0.0	25.237	11.8944	2.8571	13.242299999999998	3.2931
34	18.7453	18.846	26.3642	12.8339	14.087	24.789099999999998	22.7892	20.2291	15.2394	24.9055	24.394599999999997	2.213	2.1733000000000002	32.7091	13.2784	31.665200000000002	26.3918	23.8051	22.5537	25.0024	27.9674	28.6159	14.1648	26.559099999999997	27.2336	27.4157	27.4444	26.5523	0.0	33.9031	26.4027	27.4157	27.4444	26.5523	0.0	33.9031	26.4027	12.3542	21.9215
35	13.741100000000001	13.306	15.7946	19.9693	19.65	9.8599	11.4833	15.2213	19.4542	13.1241	12.6132	34.4486	30.7412	1.6245999999999998	23.0242	1.9109	12.2151	11.6841	12.9099	10.389100000000001	16.7043	15.601799999999999	21.140900000000002	20.0758	15.9704	16.1525	17.3868	13.030899999999999	33.039300000000004	0.0	14.0213	16.1525	17.3868	13.030899999999999	33.039300000000004	0.0	14.0213	21.864099999999997	13.0137
36	7.218	7.669899999999999	2.6780999999999997	13.4123	13.2789	4.6093	10.4483	3.9987	10.2346	1.8664	2.1359	25.3274	21.62	11.788799999999998	12.998299999999999	11.0944	4.2714	3.1980999999999997	2.0211	4.8226	21.986099999999997	6.059699999999999	10.258700000000001	5.727600000000001	21.252200000000002	21.4343	5.6621999999999995	2.7808	23.9181	13.76	0.0	21.4343	5.6621999999999995	2.7808	23.9181	13.76	0.0	11.8382	2.0433
37	8.3919	9.616299999999999	15.6495	7.1165	10.6976	13.181	12.901399999999999	8.8192	4.754899999999999	13.2975	12.7866	14.0009	10.2936	18.8042	2.5068	18.6594	14.783700000000001	12.1971	11.165299999999998	13.3943	27.3804	17.9012	2.7765	15.844299999999999	26.6466	26.8287	16.7297	14.9443	12.5916	22.065900000000003	12.5849	26.8287	16.7297	14.9443	12.5916	22.065900000000003	12.5849	0.0	10.5332
38	4.7294	6.365	4.5051000000000005	11.369	11.974	3.8137	10.4299	1.9554	7.623600000000001	3.0743	2.5634	23.4375	19.7301	10.9932	11.193700000000002	10.2988	4.5606	1.9805	0.8004	4.027	21.1905	7.886699999999999	9.3103	6.8792	20.456599999999998	20.6387	7.789899999999999	4.721100000000001	22.028200000000002	12.9644	2.22	20.6387	7.789899999999999	4.721100000000001	22.028200000000002	12.9644	2.22	10.0336	0.0
;
