vehicles
vehicle_idx, capacity, cost_per_unit_distance
1,160,18
2,160,18
depot
node_idx,x,y
0,25.049446486001663,121.51552910838933
home delivery customers
node_idx,x,y,service_time,demand
1,25.062246609719868,121.53192057818235,10,3
2,25.032964446986284,121.53917767323979,10,3
3,25.038821374716736,121.5558010185439,10,2
4,25.088587699999994,121.50631879999999,10,5
5,25.06228615,121.50107015,10,1
6,25.017908900000002,121.50013290000001,10,1
7,25.085526196643528,121.5163651773838,10,4
8,25.043981119500838,121.56294621177503,10,5
9,25.06615589808415,121.53094249090333,10,5
10,25.063495670584846,121.49556479389732,10,1
self pickup customers
node_idx,x,y,service_time,demand,locker_idxs
11,25.137613759187857,121.54154638743218,10,2,59
12,25.027428240411936,121.56355335147984,10,5,53-60
13,24.999215231827154,121.57422225252014,10,4,61
14,24.961417534084912,121.53812426899115,10,2,55
15,25.04405574161623,121.56997527462495,10,3,56-53
16,24.96805286728433,121.54131387887547,10,2,55-61
17,24.96240929402097,121.42665658588062,10,3,51
18,25.172785383665754,121.43602222929877,10,1,54
19,25.049813080420304,121.5188908989421,10,2,62-58
20,25.02353068292508,121.52698065714252,10,5,58-60-62
flexible customers
node_idx,x,y,service_time,demand,locker_idxs
21,24.961050749999995,121.42078605,10,1,51
22,24.951935437411134,121.41077458001682,10,3,51
23,25.08287892473615,121.562879829292,10,3,57
24,25.027446110788045,121.53191338133907,10,2,58-60-62
25,25.048090783807673,121.61511537399501,10,1,52
26,24.980246322233228,121.55607700147273,10,4,61
27,24.960355008945594,121.41488113570192,10,1,51
28,25.023745101490118,121.55593753062877,10,4,60-53
29,25.134332432918953,121.54679687503686,10,1,59
30,25.02230233904797,121.56849806881122,10,4,53-60
31,25.06066567771858,121.56907985572435,10,3,56-57
32,25.04957550348785,121.51444993201463,10,2,62
33,25.083435663482668,121.54963240928952,10,1,57
34,25.087871158045203,121.56076372855087,10,4,57
35,25.025282099999995,121.53001724999999,10,4,58-60-62
36,25.03454181912372,121.52510814329062,10,1,58-62
37,25.045609370601536,121.61680471814441,10,3,52
38,25.172289428801427,121.44604069201209,10,1,54
39,25.180735272548016,121.44043236588696,10,5,54
40,25.053924849999998,121.6161599,10,3,52
41,25.02036475,121.5560974,10,4,60-53
42,25.17687214871019,121.44803469914221,10,4,54
43,24.957138830382167,121.53862455279926,10,5,55
44,25.049834078172964,121.56751655986841,10,2,56-53-60
45,25.027582500000005,121.56938564999999,10,4,53-60
46,25.137278649395924,121.54833075136621,10,3,59
47,25.046044385986498,121.57743026765836,10,3,56-53
48,25.028235055807112,121.56625543139457,10,4,53-60
49,24.990163000000003,121.56818005,10,1,61
50,25.06730489607327,121.61294535017758,10,3,52
lockers
node_idx,x,y,service_time,capacity,cost_per_unit_good
51,24.9595637,121.4197544,10,30
52,25.0553158,121.617896,10,70
53,25.0328676,121.5697576,10,30
54,25.1678849,121.4456164,10,120
55,24.9579858,121.5375799,10,30
56,25.0500706,121.5774743,10,50
57,25.0796633,121.5592807,10,32
58,25.0264865,121.5325019,10,59
59,25.1377713,121.5419672,10,26
60,25.0274273,121.5516016,10,41
61,24.988618,121.5600361,10,27
62,25.0447078,121.5153625,10,25
mrt lines
start_node_idx,end_node_idx,freight_capacity,cost_per_unit_good
51,52,100,65
52,51,100,65
53,54,80,65
54,53,80,65
55,56,80,55
56,55,80,55
distance matrix
,0,1,2,3,4,5,6,7,8,9,10,11,12,13,14,15,16,17,18,19,20,21,22,23,24,25,26,27,28,29,30,31,32,33,34,35,36,37,38,39,40,41,42,43,44,45,46,47,48,49,50,51,52,53,54,55,56,57,58,59,60,61,62,
0,0.0,3.1187,4.3378000000000005,5.2175,5.1688,3.1355,4.9704,4.824199999999999,5.9331000000000005,3.693,3.8798000000000004,14.3819,7.1415,10.832600000000001,13.129100000000001,6.391,10.9009,14.928600000000001,19.9864,0.8562000000000001,4.6884,15.4971,16.828599999999998,8.357,4.8166,13.292,11.166799999999999,16.3432,6.633100000000001,13.500399999999999,8.4058,7.7591,0.1222,6.6654,8.518600000000001,4.737100000000001,3.0285,13.615,19.046599999999998,20.8052,12.5501,6.9059,20.507900000000003,13.8959,6.1322,7.762899999999999,14.0927,7.2437,7.5226999999999995,11.3066,13.656,15.679200000000002,12.9342,8.5804,18.927,13.6347,7.3099,7.485,4.6491999999999996,14.357899999999999,6.0455,10.536700000000002,1.3166
1,2.9654000000000003,0.0,4.398,5.3948,5.541,3.3899,9.8531,4.1498,6.1105,0.6907000000000001,4.0892,12.5371,7.244800000000001,11.063,15.3745,6.0552,12.6111,17.832,19.4778,2.5921999999999996,6.825399999999999,18.4005,19.732,5.9681999999999995,5.6395,11.802,11.754700000000001,19.246599999999997,6.9118,11.6556,8.583200000000001,4.5893999999999995,3.0366,4.2766,6.1298,5.8241000000000005,3.7635,12.1249,18.5379,20.2965,11.06,7.184699999999999,19.999200000000002,16.141299999999998,5.239,7.9402,12.2479,6.908,7.4851,12.3874,10.0336,18.5826,11.5187,8.7578,18.4183,15.88,6.195399999999999,4.9801,5.4722,12.5131,6.1611,10.92,3.661
2,3.8672,4.0201,0.0,2.9434,8.583200000000001,7.477,5.936100000000001,8.020100000000001,3.659,4.561100000000001,6.9899,16.407400000000003,3.0679000000000003,6.9663,10.985899999999999,3.9445,9.0656,18.42,23.2669,3.7805999999999997,2.46,18.9885,20.32,8.7362,1.6974,9.8235,7.6577,19.8346,2.7788000000000004,15.5259,4.099,5.7989,3.9384,7.3641000000000005,9.4554,1.882,2.5149,10.1465,22.327099999999998,24.0857,10.433200000000001,3.0517,23.788400000000003,11.7527,4.5457,3.697,16.1182,5.1173,3.3083,8.2906,10.6494,19.1706,10.8173,4.230899999999999,22.2075,11.4915,5.193899999999999,8.0676,1.53,16.3835,1.9442000000000002,6.823,3.7807
3,4.8259,4.9977,2.8655999999999997,0.0,9.5607,8.4356,8.4353,8.9976,1.489,5.538600000000001,7.948600000000001,17.384900000000002,2.0504000000000002,6.7785,11.2271,2.1376,9.7614,18.6612,24.2445,4.7393,4.9592,19.2297,20.5612,6.9398,4.1966,7.6535,8.3485,20.0758,2.5768,16.503400000000003,3.0815,3.99,4.8971,6.4256,7.6589,4.3812,3.8661999999999996,7.9765,23.304599999999997,25.063200000000002,7.256600000000001,2.7721,24.765900000000002,11.9939,2.7369,2.6795,17.0957,3.4246999999999996,2.3701999999999996,8.1028,9.437700000000001,19.4118,8.1441,4.1363,23.185,11.732700000000001,3.385,7.1273,4.0291999999999994,17.361,1.7395999999999998,7.5138,4.8251
4,5.4596,5.367,8.875,9.8719,0.0,4.8919,9.719299999999999,2.2488,10.5875,5.107,5.44,11.1648,11.7218,15.54,19.8515,11.2361,17.088099999999997,22.849400000000003,15.0159,5.5188999999999995,11.3024,23.417900000000003,24.7494,7.9814,10.1166,14.410200000000001,16.2318,24.264,11.3888,10.283299999999999,13.0602,9.0095,5.1385,6.6703,8.143,10.301200000000001,7.7106,14.7331,14.0761,15.834700000000002,13.6682,11.661700000000002,15.5374,20.618299999999998,9.814,12.4173,10.8755,13.507100000000001,11.962200000000001,16.8644,12.6418,23.6,14.1269,13.2348,13.9565,20.3571,13.084299999999999,7.6602,9.949200000000001,11.140799999999999,10.6381,15.3971,5.9988
5,3.4344,3.2924,7.7584,8.6381,6.1239,0.0,7.6808000000000005,6.7382,9.3537,3.8667,1.0335999999999999,14.5555,10.562100000000001,13.9517,16.5497,10.351600000000001,14.3215,16.56,17.5068,3.4937,8.1091,17.1285,18.46,8.530700000000001,8.237200000000001,16.2078,14.5875,17.9746,10.053700000000001,13.674,11.8264,7.4781,3.1133,6.839,8.6923,8.4218,6.4491000000000005,16.5307,16.5669,18.3255,15.4658,10.3265,18.028200000000002,17.316599999999998,8.0084,11.1835,14.2663,11.2043,10.943299999999999,15.2761,14.4394,17.310599999999997,15.9245,12.001,16.4473,17.0553,11.2706,7.6587,8.0698,14.531600000000001,9.4661,13.9573,4.7373
6,4.9738999999999995,9.931899999999999,5.392,8.934700000000001,11.288200000000002,9.3574,0.0,12.1736,9.6503,10.217,8.870299999999999,21.1951,7.9109,10.4178,11.0905,12.9666,9.624799999999999,12.8545,25.2942,5.7778,3.7999,13.423,14.7545,17.4288,3.9958,19.8676,9.8907,14.2691,6.9412,20.313599999999997,8.9574,12.7105,5.045100000000001,13.4785,15.3318,4.0709,3.9937,20.1906,24.354400000000002,26.1129,19.125700000000002,7.2141,25.8156,11.857299999999999,11.162,8.6812,20.905900000000003,13.8193,8.2584,10.6604,18.705099999999998,13.6051,19.5098,9.879100000000001,24.2348,11.596,13.8855,14.298200000000001,4.1618,21.1711,7.0267,9.647200000000002,4.338
7,4.791300000000001,3.7634000000000003,7.650399999999999,8.6473,2.5189,4.967899999999999,9.6865,0.0,9.3629,3.2515,5.6673,10.376700000000001,10.497200000000001,14.3155,18.626900000000003,9.4835,15.8635,24.2851,15.6827,4.8681,8.2218,24.8536,26.1851,7.1934,8.892,13.8873,15.007200000000001,25.6997,10.164299999999999,9.4952,11.835600000000001,7.9525,4.8625,4.9818999999999996,7.355,9.076600000000001,6.9825,14.2103,14.742899999999999,16.5014,13.1454,10.437100000000001,16.2041,19.3937,8.696299999999999,11.1927,10.0875,10.336200000000002,10.7376,15.6398,12.119,25.035700000000002,13.6041,12.010200000000001,14.623299999999999,19.1325,9.652700000000001,5.8015,8.7246,10.352799999999998,9.4135,14.1725,6.1636999999999995
8,5.6048,5.7766,4.02,1.5119,10.3396,9.6625,9.165899999999999,9.7765,0.0,6.3175,9.1754,17.184,2.3392,6.5599,11.8437,1.2124000000000001,10.378,19.2778,25.023400000000002,5.5182,5.661899999999999,19.8462,21.1777,5.9967,4.8993,6.7957,8.965,20.6923,3.1933000000000002,16.3025,3.1039,3.0648,5.676,7.4945,6.7158,5.0839,5.0207,7.118600000000001,24.0835,25.8421,6.3988000000000005,3.3886,25.5448,12.6105,1.8117,2.4609,16.8948,2.317,2.2208,7.8843000000000005,7.9098999999999995,20.028299999999998,8.0777,3.2785,23.963900000000002,12.349200000000002,2.4598,6.1842,4.7318999999999996,17.1601,2.8276999999999997,8.1304,5.604
9,3.4679,0.5074,4.504899999999999,5.5017,4.854,3.7433,9.96,3.7415,6.2174,0.0,4.4426000000000005,12.1288,7.3517,11.1699,15.481399999999999,6.8659,12.718,21.55,19.0695,3.0946,6.932300000000001,22.1185,23.45,5.2643,5.7463999999999995,11.0981,11.861600000000001,22.964599999999997,7.0187,11.2473,8.690100000000001,4.6963,3.5391,3.5726999999999998,5.426,5.931,4.6159,11.421,18.1296,19.8882,10.3561,7.291600000000001,19.5909,16.2482,5.4542,8.0471,11.8396,6.7553,7.592,12.494299999999999,9.3297,22.3006,10.8148,8.864700000000001,18.01,15.9869,6.4106000000000005,4.2762,5.5791,12.1048,6.268,11.0269,4.1635
10,4.1551,4.0139000000000005,7.253,8.1327,5.8905,1.0351,7.1754,6.5048,8.8483,4.5882,0.0,15.2771,10.056700000000001,13.7478,16.0444,9.846200000000001,13.8161,16.0546,17.248900000000003,4.9758000000000004,7.6037,16.623099999999997,17.9546,10.2127,7.7318,15.9744,14.0821,17.4692,9.5483,14.3956,11.321,8.1996,4.2261999999999995,8.521,10.3743,7.916399999999999,5.9437,16.2974,16.3091,18.067700000000002,15.2325,9.821200000000001,17.770400000000002,16.8112,9.5875,10.6781,14.9879,10.699,10.437899999999999,14.2219,14.206100000000001,16.8052,15.6912,11.4956,16.1895,16.5499,10.7652,9.2245,7.5644,15.2531,8.960799999999999,13.452,4.2318999999999996
11,14.1949,12.490200000000002,16.377200000000002,17.3741,11.0416,14.4028,19.1032,10.3766,16.9902,11.978299999999999,15.1022,0.0,19.224,23.0423,27.3537,17.091099999999997,24.5903,32.8078,23.4271,13.8217,16.9486,33.3763,34.707800000000006,11.547799999999999,17.6188,20.5489,23.734,34.2224,18.891099999999998,0.9896,20.5624,15.447,14.2661,10.2367,11.7094,17.8034,15.709299999999999,20.8719,22.487299999999998,24.245900000000002,19.807,19.1639,23.9486,28.1205,16.1566,19.9195,1.027,16.7234,18.6175,24.3666,18.388900000000003,33.5584,20.1911,18.7577,22.3677,27.859299999999998,16.3006,11.505799999999999,17.451400000000003,0.0465,18.1403,22.8993,14.8905
12,6.9622,7.180899999999999,3.7684,2.1308000000000002,11.7439,11.101299999999998,7.8739,11.1809,2.5839000000000003,7.7219,10.6143,18.5998,0.0,5.756600000000001,10.5517,2.6207,9.086,17.985799999999998,26.4277,6.8755,4.3407,18.554299999999998,19.8858,7.4124,3.5781,7.5732,7.1523,19.4004,1.0216,17.7183,1.0465,4.4751,7.0333000000000006,8.9103,8.1315,3.7626999999999997,5.677899999999999,7.896199999999999,25.4879,27.2465,7.1763,1.5919,26.9492,11.3185,3.2219,0.87,18.310599999999997,3.3444000000000003,0.4472,7.0809,9.3256,18.7364,9.4935,2.1915,25.368299999999998,11.0573,3.6814,7.6,3.4107,18.5758,1.7019000000000002,6.3176000000000005,6.961399999999999
13,12.187899999999999,11.306799999999999,7.5285,6.6816,15.8698,14.546899999999999,10.9061,15.306799999999999,6.6244,11.847700000000001,15.1651,23.6941,5.8233999999999995,0.0,9.8798,6.1552,5.5891,18.0461,30.5536,11.054200000000002,7.8783,18.6145,19.946099999999998,11.7957,7.3382,9.583,3.2561999999999998,19.4606,3.6949,22.8126,6.139,8.846,12.2591,13.2936,12.514899999999999,7.5228,9.5734,9.140799999999999,29.613799999999998,31.372400000000003,10.4882,3.2687,31.0751,6.899100000000001,7.5928,5.4961,23.4049,6.431100000000001,5.7328,1.5562,12.2626,18.796599999999998,10.6782,4.6625,29.4942,6.637899999999999,6.7681000000000004,11.9833,7.1708,23.670099999999998,4.152100000000001,2.3827,10.934700000000001
14,13.094700000000001,15.3017,11.2264,11.3619,19.8648,16.5125,11.2388,19.3017,12.2821,15.8427,16.0254,27.689,10.684899999999999,6.8773,0.0,12.3943,1.8532,15.0215,33.7281,13.0081,9.4255,15.59,16.9215,17.1861,10.1213,16.5243,3.6163000000000003,16.4361,9.715200000000001,26.8075,11.731399999999999,14.2488,13.165899999999999,18.6457,17.9052,10.251,11.1206,16.082,32.7883,34.5469,17.4295,9.988100000000001,34.2496,0.7667999999999999,12.9956,11.455200000000001,27.3998,13.567200000000001,11.032399999999999,5.734100000000001,19.0993,15.7721,17.6195,12.6531,32.6687,0.5056,13.643799999999999,17.3736,8.5107,27.6651,9.8007,5.1478,12.4819
15,6.5733999999999995,6.5698,4.8133,2.1391999999999998,11.1328,9.8834,9.523200000000001,9.838299999999998,0.949,7.1107,9.3963,16.6582,2.6948000000000003,6.1995,12.200899999999999,0.0,10.735299999999999,19.635,25.9666,6.3114,6.0192,20.2035,21.535,5.470899999999999,5.2565,6.0897,9.223799999999999,21.049599999999998,3.5505999999999998,15.7767,2.7435,2.5211,6.2445,6.9687,6.19,5.4412,5.813899999999999,6.4127,25.026799999999998,26.785400000000003,5.6929,3.7459000000000002,26.4881,12.967799999999999,1.268,2.1005,16.369,1.2835999999999999,2.2311,7.5238000000000005,7.7002,20.3856,6.5804,2.5725,24.9072,12.7065,1.3497999999999999,5.658399999999999,5.0892,16.6343,3.185,8.350299999999999,6.3973
16,10.5594,12.194799999999999,8.078100000000001,9.145100000000001,16.7578,14.155299999999999,9.504700000000001,16.1947,10.065299999999999,12.735700000000001,13.6682,24.582,8.468200000000001,5.4802,3.7009000000000003,10.1776,0.0,14.9716,33.6781,10.4728,6.8903,15.54,16.8715,14.969299999999999,7.281,15.1272,2.2192,16.3861,7.4985,23.7005,9.5146,12.032,10.630600000000001,15.5387,15.6884,7.1656,8.5854,14.685,32.7383,34.496900000000004,16.0324,7.7713,34.1996,1.4803,10.778799999999999,9.2384,24.2928,11.3504,8.8156,4.337,17.8067,15.722100000000001,16.2224,9.8943,32.618700000000004,1.219,11.427,15.1569,7.1136,24.5581,7.5839,3.7506999999999997,9.9467
17,15.156,18.443900000000003,16.786099999999998,19.6265,19.8002,15.8596,13.3171,20.685599999999997,20.546799999999998,19.0182,16.0264,29.707,18.9496,19.0556,15.693,20.659,16.955099999999998,0.0,27.9603,15.9599,16.319399999999998,0.961,2.2925,27.651799999999998,17.0152,30.479599999999998,18.7183,1.8071,17.9799,28.8255,19.9961,22.5134,15.2272,25.9602,27.8134,17.1449,15.3886,30.0374,27.0205,28.7791,31.3848,18.2528,28.4818,16.459799999999998,21.2603,19.7198,29.4178,22.3313,19.297,17.916700000000002,31.6452,1.1431,31.5748,20.9177,26.9009,16.1985,21.9084,26.663700000000002,17.181099999999997,29.6831,18.0653,16.9035,14.520100000000001
18,20.042099999999998,19.3838,23.270799999999998,24.267599999999998,15.0944,17.529,24.3315,15.6113,24.9832,18.8718,17.2622,23.7449,26.1176,29.9358,34.133300000000006,25.1038,33.9904,27.9468,0.0,20.1014,23.842200000000002,28.5152,29.846700000000002,20.5616,24.5123,29.0257,34.0499,29.3613,25.784599999999998,22.863400000000002,27.456,23.5728,19.721,19.250400000000003,20.723200000000002,24.696900000000003,22.2931,29.3487,1.3916,2.1187,28.2838,26.0575,1.8214000000000001,34.9001,24.3167,26.813,23.4557,25.956599999999998,26.3579,31.2602,27.2573,28.6973,28.7424,27.630599999999998,1.4572,34.6388,25.314400000000003,20.5195,24.344900000000003,23.721,25.033900000000003,29.7928,20.5813
19,0.7232999999999999,3.0271999999999997,4.086,4.8552,5.4302,3.3969,5.9045,4.7326999999999995,5.5708,2.9473000000000003,4.814,13.9789,6.7791999999999994,10.504,12.789200000000001,6.219399999999999,10.5609,15.8628,20.2054,0.0,4.3485,16.4313,17.7628,7.954,4.4543,11.735299999999999,10.8269,17.2774,6.2708,13.0974,8.0435,6.82,0.7945,6.2623999999999995,8.1156,4.3971,2.6885,12.0583,19.2656,21.024099999999997,11.8375,6.5436000000000005,20.7268,13.556,5.3263,7.400600000000001,13.6897,6.531,7.160399999999999,11.8284,12.3089,16.613400000000002,12.2216,8.2181,19.146,13.2947,6.2827,7.082,4.286899999999999,13.9549,5.6832,10.1967,1.6918
20,4.0366,6.7824,2.4294000000000002,5.0324,11.3454,7.6325,3.6351999999999998,8.8918,6.192,7.323300000000001,7.1453999999999995,17.2792,4.3555,7.524,9.156600000000001,6.0649,6.9283,15.225200000000001,23.7938,3.95,0.0,15.793700000000001,17.1252,11.818,1.0307,11.7362,7.1943,16.6398,3.3858,16.3977,5.402,7.9193,4.1076999999999995,10.126299999999999,11.9796,1.1058,2.0625,12.0592,22.853900000000003,24.6125,12.553600000000001,3.6586999999999996,24.3152,9.923399999999999,6.6662,5.1258,16.99,7.2378,4.703,7.3341,15.811399999999999,15.9758,12.937700000000001,6.3237,22.7344,9.6621,7.3143,10.829799999999999,1.1965999999999999,17.255200000000002,3.4713000000000003,6.5642,3.4238000000000004
21,15.853200000000001,19.141,17.4832,20.323700000000002,20.497400000000003,16.5568,14.014299999999999,21.3828,21.2439,19.7153,16.723599999999998,30.4042,19.6468,19.7528,16.390099999999997,21.3562,17.6523,1.0647,28.6575,16.6571,17.016599999999997,0.0,1.4963,28.349,17.7123,31.1767,19.4154,1.0108,18.6771,29.5227,20.6932,23.2106,15.9244,26.6573,28.5106,17.842,16.0858,30.7345,27.7177,29.4763,32.081900000000005,18.949900000000003,29.179,17.157,21.9574,20.417,30.115,23.0284,19.9942,18.613799999999998,32.342400000000005,0.3469,32.2719,21.614900000000002,27.5981,16.8957,22.6056,27.360799999999998,17.8783,30.3803,18.7625,17.6007,15.2173
22,17.0684,20.3562,18.698400000000003,21.5389,21.7125,17.771900000000002,15.2294,22.597900000000003,22.4591,20.9305,17.9387,31.619400000000002,20.861900000000002,20.968,17.6053,22.5713,18.8674,2.2798000000000003,29.872700000000002,17.8722,18.2318,1.7835999999999999,0.0,29.5641,18.9275,32.3919,20.630599999999998,1.6898,19.8922,30.7379,21.9084,24.4258,17.1395,27.8725,29.7258,19.0572,17.300900000000002,31.9497,28.9328,30.6914,33.2971,20.1651,30.394099999999998,18.3721,23.1726,21.6322,31.3302,24.243599999999997,21.209400000000002,19.829,33.5575,1.2589000000000001,33.4871,22.830099999999998,28.813299999999998,18.1109,23.8208,28.576,19.093400000000003,31.5954,19.977700000000002,18.8158,16.4325
23,8.600299999999999,5.8313999999999995,9.717600000000001,7.0118,7.7818000000000005,8.808200000000001,15.172799999999999,6.7583,5.8216,5.9445,9.5075,11.4323,7.567399999999999,11.836799999999998,17.0736,5.9225,15.607899999999999,29.747,20.1673,8.227,12.145,30.3155,31.647,0.0,10.959100000000001,8.7566,14.195,31.1616,8.423200000000001,10.550799999999999,8.4197,5.5951,8.6714,1.7428,0.9641000000000001,11.143799999999999,10.2926,9.079600000000001,19.2275,20.986099999999997,8.0147,8.6185,20.6888,17.840400000000002,4.988,7.776800000000001,11.1431,5.5549,7.4489,13.161100000000001,6.988300000000001,30.4976,8.4734,7.5892,19.1079,17.5792,5.1321,0.9212,10.791799999999999,11.4084,8.0576,13.360299999999999,9.2959
24,4.3079,6.0912,1.6655,4.2685,10.654200000000001,7.9038,4.395899999999999,8.3161,5.1597,6.6321,7.4167,16.703400000000002,3.5916,6.8214,9.917200000000001,5.301,7.3907,15.813600000000001,23.644099999999998,4.2213,0.9967,16.3821,17.7136,10.0927,0.0,10.972299999999999,7.512899999999999,17.2282,2.6219,15.8219,4.638,7.155399999999999,4.3791,9.4352,10.8118,0.4186,2.3338,11.295200000000001,22.7043,24.462799999999998,11.7897,2.8947,24.1655,10.684,5.9022,4.361800000000001,16.4142,6.4738,3.939,8.1458,12.0059,16.5642,12.1738,5.559699999999999,22.5847,10.422799999999999,6.5504,10.1387,0.4327,16.6795,2.7073,6.6781999999999995,3.6952
25,11.9357,12.7896,10.351,7.8428,14.2953,16.6617,15.2825,14.909600000000001,6.9355,12.7956,16.3949,20.1101,7.7322,10.9557,20.0624,6.2296000000000005,15.880600000000001,30.5839,28.9791,11.8491,11.7785,31.1523,32.4839,8.922799999999999,11.015799999999999,0.0,16.2792,31.9984,9.309899999999999,19.2286,8.0478,7.149100000000001,12.0069,10.4206,9.6419,11.2005,11.351600000000001,0.6523,28.0392,29.7978,1.0294,9.5052,29.5005,16.731,6.1645,7.4049,19.8209,5.0935,7.6416,12.280100000000001,2.8036999999999996,31.334400000000002,1.9169,6.5713,27.9196,16.929299999999998,5.0446,9.110299999999999,10.8485,20.0862,8.9443,13.1066,11.935
26,10.8246,11.3866,7.607600000000001,8.1137,15.9496,14.4205,9.6556,15.3865,9.034,11.9275,13.9335,23.773799999999998,6.864199999999999,3.2609,5.8635,9.1462,2.3329,17.1342,33.9456,10.738,7.1555,17.7027,19.034200000000002,13.938,7.4173,12.5955,0.0,18.5488,5.8945,22.8923,7.9106000000000005,11.0006,10.8958,14.7305,14.6571,7.6019,8.8506,12.1533,33.0058,34.764300000000006,13.5008,5.9978,34.467,3.6429,9.7475,8.5086,23.484599999999997,9.4436,7.211600000000001,2.1178000000000003,15.2751,17.8848,13.6908,7.675,32.886199999999995,3.3815999999999997,9.7806,14.1255,7.249899999999999,23.7499,6.5526,1.8845999999999998,10.2119
27,16.166700000000002,19.4545,17.7967,21.0552,20.8108,16.8702,14.745700000000001,21.6962,21.9754,20.0288,17.1011,30.7177,20.3782,20.484299999999998,17.121599999999997,22.4892,18.3837,1.7960999999999998,29.389,16.9705,17.748099999999997,1.2769000000000001,1.9332,29.0804,16.224899999999998,31.9082,20.146900000000002,0.0,19.4085,29.8362,21.4247,23.9421,16.2378,27.3888,29.242099999999997,16.3001,16.3992,31.466,28.449099999999998,30.2077,32.8134,19.6814,29.910400000000003,17.8884,22.6889,21.1485,30.4285,23.341900000000003,20.7257,19.345299999999998,33.073800000000006,1.459,33.0034,22.346400000000003,28.3296,17.627200000000002,23.408099999999997,28.092299999999998,16.390900000000002,30.6937,19.494,18.332099999999997,15.5308
28,6.598,7.305,2.7986999999999997,2.2934,11.868,11.2639,6.9043,11.3049,3.2136,7.845899999999999,10.7768,19.6923,1.0216,5.481,9.582,3.3258,8.1163,17.016099999999998,26.5518,6.5114,3.371,17.5846,18.9161,8.1176,2.6084,8.9971,6.182600000000001,18.4307,0.0,18.8108,2.0681,5.1803,6.6691,9.6154,8.8367,2.793,4.7082,9.3201,25.611900000000002,27.3705,9.8145,0.6222000000000001,27.0732,10.348799999999999,3.9271,1.7919,19.403,4.4986999999999995,1.3691,6.8054,10.0308,17.7667,10.1986,3.5846,25.4924,10.0876,4.5753,8.3051,2.441,19.6683,0.7322000000000001,5.347899999999999,6.0695
29,13.345799999999999,11.6411,15.5281,16.525,10.1925,13.553700000000001,18.254099999999998,9.5275,16.141,11.1292,14.253,1.0219,18.3749,22.193099999999998,26.5046,16.242,23.7412,31.9587,22.578,12.9725,16.0995,32.5272,33.8587,10.6987,16.769599999999997,19.6998,22.8848,33.3733,18.041900000000002,0.0,19.7133,14.5979,13.4169,9.3875,10.860299999999999,16.9543,14.8602,20.0227,21.6382,23.3967,18.9578,18.314799999999998,23.099400000000003,27.2714,15.3074,19.070400000000003,0.7327,15.8743,17.7683,23.5175,17.5398,32.7093,19.341900000000003,17.9086,21.5186,27.0102,15.4515,10.656600000000001,16.6023,0.998,17.2912,22.0502,14.0414
30,8.1128,8.2277,4.9066,3.1925,12.790700000000001,12.163,9.0122,12.2277,3.1353,8.7687,11.676,19.494,1.02,6.0498,11.6899,2.6660999999999997,10.224200000000002,19.124,27.4745,8.0262,5.478899999999999,19.6925,21.024,8.3066,4.7163,7.8664,9.074200000000001,20.5386,2.1598,18.6125,0.0,5.3568999999999996,8.184,9.8045,9.0257,4.9009,6.821899999999999,8.1894,26.5347,28.2933,7.4695,2.7300999999999997,27.996,12.456700000000001,4.1037,1.0095,19.2048,3.6376,1.0646,7.3741,8.7326,19.874599999999997,8.357,2.4846999999999997,26.4151,12.1955,3.9745999999999997,8.494200000000001,4.5489,19.47,2.8401,8.200700000000001,8.1121
31,7.0748999999999995,4.1838999999999995,6.2455,3.6780999999999997,8.6082,7.424,11.062100000000001,8.1839,2.2938,4.7248,8.1233,15.468399999999999,4.2337,8.542,13.7399,2.5889,12.2742,21.174,23.291900000000002,6.514,7.5581000000000005,21.7425,23.074,5.4546,6.7955,6.6997,10.8613,22.5886,5.089600000000001,14.5869,5.086,0.0,7.3745,5.2347,6.1737,6.9801,7.2461,7.022600000000001,22.3521,24.1107,6.115,5.2848999999999995,23.8134,14.5067,1.6048,4.4431,15.179200000000002,2.3123,4.1152,9.8664,6.2903,21.924599999999998,6.8972,4.3387,22.2325,14.2455,1.9676,5.6421,6.628100000000001,15.4444,4.7238999999999995,10.0266,7.8295
32,0.7084,3.4947,4.2138,5.0935,5.167800000000001,3.1345,4.8464,5.2185,5.8091,4.069,3.7558000000000002,14.7578,7.0175,10.7086,13.0051,6.267,10.7769,14.8046,19.8624,0.866,4.5644,15.3731,16.7046,8.733,4.6926000000000005,13.168,11.0428,16.2192,6.5091,13.876299999999999,8.281799999999999,7.6351,0.0,7.041300000000001,8.8946,4.6131,2.9045,13.491,18.9226,20.6812,12.4261,6.781899999999999,20.3839,13.7719,6.0081999999999995,7.6389,14.4686,7.1197,7.3987,11.1826,13.655,15.555200000000001,12.8102,8.4564,18.803,13.5107,7.185899999999999,7.861,4.5252,14.7339,5.9215,10.412700000000001,1.1925999999999999
33,6.7902,4.0213,7.9076,6.6967,6.687600000000001,6.9981,13.3627,4.9482,7.2383999999999995,4.134399999999999,7.6975,10.3381,8.984200000000001,14.5726,18.884,7.339300000000001,16.1207,26.4685,19.0731,6.417,10.335,27.037,28.3685,1.796,9.1491,10.7971,15.264299999999999,27.8831,8.3595,9.4566,9.8364,5.335,6.8614,0.0,1.9576,9.3337,8.4825,11.1201,18.1333,19.8919,10.055200000000001,10.0353,19.5946,19.6509,6.4048,9.1935,10.0489,6.9716000000000005,8.8657,15.8969,8.6371,27.219099999999997,10.4393,9.0059,18.0137,19.389599999999998,6.5488,1.3322,8.9817,10.3141,7.5248,14.4296,7.4858
34,8.6439,5.875100000000001,9.761299999999999,7.982,7.8255,8.851799999999999,15.2164,6.802,6.7918,5.9881,9.551200000000001,11.476,8.537600000000001,12.806899999999999,18.0437,6.8927,16.5781,28.322200000000002,20.211,8.270700000000001,12.1887,28.890700000000002,30.2222,0.9332999999999999,11.002799999999999,9.5502,15.1651,29.7368,9.3934,10.5945,9.3898,6.5652,8.7151,1.7865,0.0,11.1874,10.336200000000002,9.8731,19.2712,21.029799999999998,8.808200000000001,9.588700000000001,20.7325,18.810599999999997,5.9582,8.7469,11.1868,6.525,8.4191,14.1313,7.7818000000000005,29.0728,9.992700000000001,8.559299999999999,19.1516,18.5493,6.1022,1.3335,10.8355,11.4521,9.0278,14.3304,9.3395
35,4.3072,6.3498,2.3350999999999997,4.9382,10.912799999999999,7.9031,3.9412,8.5003,6.0977,6.8907,7.416,16.8876,4.2612,6.9961,9.4626,5.9706,7.996899999999999,15.5312,24.064400000000003,4.2206,0.5457000000000001,16.099700000000002,17.4312,10.7624,0.9364,11.6419,8.2629,16.9458,3.2915,16.0061,5.3077,7.8251,4.3784,9.693700000000002,11.4815,0.0,2.3331999999999997,11.9649,23.124599999999997,24.883200000000002,12.459299999999999,3.5644,24.585900000000002,10.2294,6.571899999999999,5.0315,16.5984,7.1435,4.6087,8.3204,12.6755,16.2818,12.843399999999999,6.2294,23.005,9.9681,7.2201,10.397200000000002,1.1024,16.8637,3.377,6.8529,3.6945
36,3.0238,5.450399999999999,1.5940999999999999,4.356,10.013399999999999,6.5433,4.1705,7.7781,5.0716,5.9913,6.0562,16.165399999999998,4.4805,8.088899999999999,11.089799999999999,5.3571,8.861600000000001,16.1394,23.106099999999998,2.9372,1.8565999999999998,16.707900000000002,18.0394,10.1489,2.0729,11.2361,8.7804,17.554,3.8894,15.2839,5.5116000000000005,7.2115,3.095,8.7943,10.868,1.9053,0.0,11.5591,22.1662,23.924799999999998,11.845799999999999,4.1623,23.6275,11.8567,5.958399999999999,5.1096,15.8762,6.53,4.720899999999999,9.4133,12.062,16.89,12.229899999999999,5.6435,22.0467,11.5954,6.6065,9.4978,1.9055,16.1415,3.3571999999999997,7.9456999999999995,2.4111
37,12.1128,12.9666,10.528,8.0199,14.472299999999999,16.8387,15.4595,15.0866,7.1125,12.972700000000001,16.571900000000003,20.287200000000002,7.9092,10.858600000000001,19.9653,6.4067,15.7835,30.4867,29.1561,12.0261,11.9555,31.0552,32.3867,9.0998,11.1929,0.6477999999999999,16.182100000000002,31.9013,9.487,19.4057,8.2249,7.3262,12.1839,10.597700000000001,9.8189,11.3775,11.5286,0.0,28.2163,29.9749,1.2064000000000001,9.6823,29.677599999999998,16.6339,6.3415,7.582,19.998,5.2706,7.8186,12.1829,2.9808000000000003,31.237299999999998,1.764,6.748399999999999,28.096700000000002,16.8322,5.2217,9.2874,11.0255,20.2632,9.1213,13.0094,12.112
38,19.7656,19.107200000000002,22.9942,23.9911,14.8178,17.2524,24.055,15.3348,24.7067,18.595299999999998,16.985599999999998,23.468400000000003,25.841,29.659299999999998,33.8567,24.8273,33.713800000000006,27.6702,1.4663,19.8248,23.5656,28.2387,29.5702,20.285,24.235799999999998,28.749200000000002,33.7734,29.084799999999998,25.5081,22.5869,27.1794,23.2963,19.4444,18.9739,20.4466,24.4204,22.016599999999997,29.0721,0.0,2.2851,28.0072,25.780900000000003,1.9878,34.623599999999996,24.0401,26.5365,23.1792,25.68,26.081400000000002,30.9836,26.9808,28.4208,28.4659,27.354,1.1807,34.362300000000005,25.0378,20.243,24.0684,23.4444,24.7573,29.516299999999998,20.3048
39,20.8362,20.1779,24.0649,25.061700000000002,15.888399999999999,18.3231,25.1256,16.4054,25.7773,19.6659,18.0563,24.539,26.9116,30.7299,34.9274,25.8979,34.7844,28.7408,2.0741,20.8955,24.636200000000002,29.3093,30.6408,21.3556,25.3064,29.8198,34.844,30.1554,26.5787,23.6575,28.2501,24.3669,20.515,20.0445,21.5173,25.491,23.0872,30.142799999999998,2.1856999999999998,0.0,29.0778,26.851599999999998,1.3988,35.694199999999995,25.1107,27.6071,24.2498,26.7506,27.152,32.0542,28.0514,29.491400000000002,29.5365,28.4247,2.2513,35.432900000000004,26.1085,21.313599999999997,25.139,24.515,25.828,30.5869,21.375400000000003
40,11.206100000000001,12.1052,9.6214,7.1132,13.611,15.9774,14.5529,14.225200000000001,6.2059,12.1113,15.710600000000001,19.3805,7.0025,10.0893,19.797400000000003,5.5,15.6156,30.3188,28.2948,11.1195,11.0489,30.8873,32.2188,8.193200000000001,10.286200000000001,0.7419,16.014200000000002,31.733400000000003,8.5803,18.499,7.3182,6.4195,11.277299999999999,9.691,8.9123,10.470799999999999,10.622,1.0649000000000002,27.3549,29.1135,0.0,8.7756,28.816200000000002,16.466,5.4349,6.6753,19.0913,4.363899999999999,6.912,11.4136,2.1194,31.0694,1.2326,5.8416999999999994,27.2353,16.6643,4.315,8.380700000000001,10.1189,19.3566,8.2147,12.2401,11.2054
41,6.8768,7.554600000000001,3.0775,2.6313,12.1176,10.5503,7.153899999999999,11.5546,3.5515,8.0955,10.0632,19.9419,1.5825,5.4411000000000005,9.8316,3.6637,8.366,17.265700000000002,26.8014,6.7902,3.6499,17.8342,19.1657,8.4555,2.8872,9.335,6.1427,18.6803,0.6129,19.0604,2.629,5.5181000000000004,6.948,9.953299999999999,9.1746,3.0719000000000003,4.987,9.658,25.8616,27.6202,10.1524,0.0,27.3229,10.5985,4.265,2.3528000000000002,19.6527,4.836600000000001,1.93,6.7655,10.3686,18.016299999999998,10.5365,3.9225,25.742,10.337200000000001,4.9132,8.643,2.7199,19.917900000000003,1.0700999999999998,5.3081000000000005,6.3484
42,20.6165,19.958099999999998,23.8451,24.842,15.668700000000001,18.1034,24.905900000000003,16.1857,25.557599999999997,19.4462,17.836599999999997,25.429,26.6919,30.5102,34.7076,25.6782,34.564699999999995,28.521099999999997,1.8544,20.6758,24.4165,29.089599999999997,30.4211,21.135900000000003,25.0867,29.600099999999998,34.624300000000005,29.9357,26.359,23.4378,28.0303,24.1472,20.2953,19.8248,21.2975,25.2713,22.8675,29.923,1.966,1.3988,28.8581,26.6318,0.0,35.4745,24.891,27.387400000000003,24.9342,26.530900000000003,26.932299999999998,31.8345,27.8317,29.2717,29.3168,28.204900000000002,2.0316,35.2132,25.8887,21.0939,24.9193,25.405,25.6083,30.3672,21.1557
43,13.5721,13.463,9.3464,11.8392,18.026,16.9898,11.7162,17.463,12.7595,14.004,16.5028,25.8503,11.1623,6.7485,4.2282,12.8717,1.7244000000000002,15.498899999999999,34.2055,13.4855,9.902899999999999,16.0674,17.3989,17.6635,10.598600000000001,15.9796,3.4875,16.9135,10.1926,24.968799999999998,12.2088,14.7261,13.6432,16.807,18.3826,8.4339,11.598,15.5374,33.2656,35.0242,16.8848,10.4655,34.7269,0.0,13.473,11.9325,25.5611,14.0446,11.5097,5.605300000000001,18.659200000000002,16.2495,17.0748,13.1304,33.1461,0.2612,14.1211,17.851,8.3819,25.826400000000003,10.278,5.019,12.959299999999999
44,6.3362,5.1548,4.8472,2.1906999999999996,9.717799999999999,9.6463,9.9411,9.1547,1.1728,5.6956999999999995,9.1592,16.0364,3.1127,7.421,12.6189,1.1516,11.1532,20.053,24.7714,5.4728,6.4371,20.6215,21.953,4.849,5.6745,5.8544,9.7403,21.467599999999997,3.9686,15.1549,3.965,1.8993,6.0074,6.3468,5.5681,5.859100000000001,5.8478,6.1774,23.8315,25.5901,6.5417,4.1639,25.2928,13.3857,0.0,3.3221,15.7471,1.4670999999999998,2.9941999999999998,8.7454,5.4155,20.8036,6.925800000000001,3.4935,23.712,13.1245,1.2035,5.0365,5.5071,16.0124,3.6029,8.9056,6.4312
45,7.573,7.6879,5.2815,2.6527,12.2509,11.6232,9.3448,11.687899999999999,2.5955,8.2289,11.1362,18.9542,0.9773999999999999,5.51,12.0225,2.1263,10.556899999999999,19.456599999999998,26.9347,7.4864,5.8408,20.0251,21.3566,7.7668,5.0781,7.3266,8.5344,20.8712,1.8992,18.0727,0.8062999999999999,4.8171,7.6442,9.264700000000001,8.485899999999999,5.2627,6.282100000000001,7.6496,25.9949,27.7535,6.9296999999999995,2.4695,27.4562,12.789399999999999,3.5639000000000003,0.0,18.665,3.0978000000000003,0.6211,6.8343,8.1928,20.2072,7.8172,1.9449,25.8753,12.5281,3.4348,7.9544,4.9108,18.9302,3.0065999999999997,7.6609,7.5723
46,13.9381,12.2334,16.1204,17.1173,10.784799999999999,14.146,18.846400000000003,10.1198,16.7333,11.7215,14.8453,0.9956,18.967200000000002,22.785400000000003,27.0969,16.8343,24.3335,32.551,23.1703,13.5648,16.6918,33.1195,34.451,11.291,17.361900000000002,20.292099999999998,23.4771,33.9656,18.6342,0.7327,20.3056,15.1902,14.0092,9.9798,11.4526,17.546599999999998,15.4525,20.615,22.2305,23.989,19.550099999999997,18.9071,23.6917,27.8637,15.899700000000001,19.662599999999998,0.0,16.4666,18.360599999999998,24.1098,18.132099999999998,33.3016,19.9342,18.5009,22.1109,27.6025,16.0438,11.248899999999999,17.194599999999998,0.9717,17.8835,22.642400000000002,14.633700000000001
47,7.214600000000001,7.562600000000001,5.806100000000001,3.2979000000000003,12.1256,10.5246,10.4093,10.4795,2.3906,8.1035,10.037600000000001,16.8753,3.1873,6.274,13.087,1.0483,11.6214,20.521099999999997,25.6103,7.3042,6.9053,21.089599999999997,22.4211,5.688,6.142600000000001,4.8209,9.298399999999999,21.9357,4.4367,15.993799999999998,3.503,2.7382,6.8857,7.1858,6.407100000000001,6.3273,6.8067,5.1438999999999995,24.6705,26.4291,4.424,4.632,26.1318,13.8539,1.7535999999999998,2.86,16.5861,0.0,3.0967,7.5984,5.3631,21.2717,5.3115,2.0264,24.550900000000002,13.592600000000001,0.6337999999999999,5.8755,5.9753,16.8514,4.0710999999999995,8.4249,7.3901
48,7.1331999999999995,7.2481,4.1158,2.2129000000000003,11.8111,11.183399999999999,8.2214,11.2481,2.3636999999999997,7.789,10.696399999999999,18.514400000000002,0.4472,5.666,10.8992,2.5248000000000004,9.4335,18.3332,26.4949,7.046600000000001,4.6882,18.9017,20.2332,7.327,3.9255,7.482600000000001,7.4998000000000005,19.747799999999998,1.3691,17.632900000000003,1.0646,4.3773,7.2044,8.8248,8.046100000000001,4.1102,5.8423,7.8056,25.5551,27.3137,7.0858,1.9393,27.0164,11.666,3.1241,0.5137,18.2252,3.2538,0.0,6.990399999999999,9.7053,19.0838,7.973199999999999,2.1009,25.4355,11.4047,3.5909,7.514600000000001,3.7582,18.4904,2.0493,6.665100000000001,7.1325
49,10.9674,12.5046,7.5337,7.8793999999999995,17.0676,14.5633,10.2696,16.5046,7.8222,13.0455,14.0763,24.8919,7.021199999999999,1.4462000000000002,8.6594,7.353,4.450699999999999,16.8257,31.7514,10.880799999999999,7.2983,17.3942,18.7257,12.9935,7.3434,10.7808,2.1178000000000003,18.240299999999998,5.820600000000001,24.0104,7.3368,10.0438,11.0386,14.4914,13.7127,7.528,8.9934,10.3386,30.8116,32.5702,11.686,5.9239,32.2729,5.7607,8.790700000000001,6.693899999999999,24.602700000000002,7.6289,6.9306,0.0,13.4604,17.5763,11.876,5.8603000000000005,30.692,5.4994,7.9658999999999995,13.1811,7.176,24.867900000000002,6.4787,1.1624,10.354700000000001
50,11.6227,10.7189,13.696200000000001,7.4388000000000005,12.2246,14.591,19.151400000000002,12.838899999999999,6.248600000000001,10.725,14.324200000000001,18.1041,7.9944,12.0278,17.5006,6.3495,17.5541,24.9347,26.9084,10.289100000000001,16.1236,25.5032,26.8347,6.8615,10.5562,2.6805,17.9527,26.3493,8.850299999999999,17.2226,9.2568,6.2525,11.293899999999999,8.4146,7.6358999999999995,10.7408,11.0068,3.0035,25.9686,27.7272,1.9385999999999999,9.0456,27.4299,18.4045,5.6035,8.6138,17.8149,5.6676,7.8759,13.3522,0.0,25.685299999999998,2.3971999999999998,7.7803,25.849,18.0062,5.244800000000001,7.5263,10.3888,18.0802,8.4846,14.178700000000001,12.107
51,15.8095,19.0973,17.4395,20.28,20.453599999999998,16.513099999999998,13.970600000000001,21.3391,21.200200000000002,19.671599999999998,16.6798,30.3605,19.603,19.7091,16.3464,21.3125,17.6086,1.0209,28.613799999999998,16.613400000000002,16.972900000000003,0.5247,1.4735999999999998,28.3053,17.668599999999998,31.133,19.3717,1.3708,18.6334,29.479,20.6495,23.166900000000002,15.880700000000001,26.613599999999998,28.466900000000003,17.798299999999998,16.042,30.6908,27.674,29.4325,32.0382,18.906200000000002,29.1352,17.1132,21.913700000000002,20.3733,30.0713,22.9847,19.9505,18.5701,32.298700000000004,0.0,32.2282,21.5712,27.5544,16.852,22.5619,27.3171,17.8346,30.3365,18.718799999999998,17.556900000000002,15.1736
52,11.476600000000001,11.8903,9.8918,7.3837,13.396,15.7624,14.8234,14.010299999999999,6.4764,11.8964,15.4956,19.651,7.273,10.3598,20.0679,5.7705,15.8861,30.589299999999998,28.0798,11.39,11.3193,31.157799999999998,32.4893,8.033,10.556700000000001,1.0124,16.2847,32.0039,8.8508,18.7695,7.5887,6.69,11.547799999999999,9.9615,9.182799999999999,10.741299999999999,10.8925,1.3354000000000001,27.14,28.8986,0.2705,9.046100000000001,28.6013,16.7365,5.7053,6.9458,19.3618,4.634399999999999,7.1823999999999995,11.6841,1.9045,31.3399,0.0,6.1122,27.020400000000002,16.9348,4.5855,8.651200000000001,10.389299999999999,19.6271,8.485100000000001,12.5106,11.4758
53,6.9394,7.0543000000000005,4.6479,2.0191,11.617299999999998,10.989600000000001,8.711200000000002,11.0543,1.9619000000000002,7.5953,10.502600000000001,18.3206,1.1608,4.932600000000001,11.3889,1.4927000000000001,9.9233,18.823,26.301099999999998,6.8528,5.207199999999999,19.3915,20.723,7.1331999999999995,4.4445,6.7492,7.956899999999999,20.237599999999997,2.7386,17.4391,1.4765,4.1835,7.0106,8.6311,7.8523000000000005,4.6291,5.6485,7.072100000000001,25.3613,27.1199,6.3523000000000005,2.9339,26.822599999999998,12.1558,2.9303000000000003,0.8336,18.0314,2.5203,1.0703,6.2569,7.615399999999999,19.5736,7.2398,0.0,25.2417,11.8945,2.8574,7.3208,4.2772,18.296599999999998,2.373,7.083399999999999,6.9387
54,18.7422,18.0838,21.9708,22.9677,13.7944,16.2291,23.031599999999997,14.311399999999999,23.6833,17.571900000000003,15.962299999999999,22.445,24.8176,28.635900000000003,32.8333,23.803900000000002,32.690400000000004,26.6468,1.8631,18.8014,22.5422,27.2153,28.546799999999998,19.261599999999998,23.212400000000002,27.7258,32.75,28.061400000000003,24.4847,21.5635,26.156,22.2729,18.421,17.9505,19.4232,23.397,20.9932,28.0487,0.9232,2.6818,26.9838,24.7575,2.3845,33.600199999999994,23.0167,25.513099999999998,22.1558,24.656599999999997,25.058,29.9602,25.9574,27.3974,27.4425,26.330599999999997,0.0,33.3389,24.014400000000002,19.2196,23.045,22.421,23.734,28.492900000000002,19.2814
55,13.472299999999999,13.363299999999999,9.2466,11.7395,17.926299999999998,16.890099999999997,11.6164,17.3632,12.6597,13.904200000000001,16.403,25.7506,11.0625,6.6487,4.1285,12.772,1.6245999999999998,15.3991,34.1057,13.3857,9.8032,15.967600000000001,17.2991,17.5637,10.498899999999999,16.2957,3.3878000000000004,16.8137,10.0929,24.8691,12.109,14.6264,13.5435,16.7072,18.282799999999998,8.334100000000001,11.4982,15.8535,33.1659,34.9245,17.2009,10.3657,34.627199999999995,0.2612,13.3732,11.832799999999999,25.4614,13.944799999999999,11.41,5.5056,19.4769,16.1497,17.390900000000002,13.030700000000001,33.0463,0.0,14.0214,17.7512,8.282200000000001,25.726599999999998,10.1783,4.9193,12.8596
56,7.2184,5.8936,5.7606,3.1932,10.4566,10.5284,10.577200000000001,10.461200000000002,1.8089000000000002,6.4346000000000005,10.0414,16.241600000000002,3.7488,7.0257,13.2549,1.2381,11.789299999999999,20.689,24.976599999999998,6.2116999999999996,7.0732,21.2575,22.589,5.0542,6.3105,5.173100000000001,10.0501,22.1036,4.6046000000000005,15.36,4.2547,2.1045,6.8895,6.552,5.7733,6.4952,6.7612,5.496,24.0367,25.7953,4.5397,4.7999,25.498,14.021799999999999,1.1198,3.6118,15.9523,0.7517,3.6303,8.350100000000001,5.1216,21.4396,5.321899999999999,2.7782,23.9172,13.7605,0.0,5.2417,6.1432,16.2176,4.239,9.1766,7.344600000000001
57,7.8096000000000005,5.0668999999999995,8.953100000000001,6.9033999999999995,7.9156,8.0175,12.7179,5.9676,5.7132,5.6145,8.7168,11.5661,7.459,11.728399999999999,16.9652,5.814100000000001,15.4995,29.6386,20.301099999999998,7.4363,11.3805,30.207099999999997,31.5386,0.7182999999999999,10.0208,9.272,14.0866,31.0532,8.3148,10.6846,8.3113,5.4866,7.8808,1.4654,1.4375,10.2054,9.5019,9.594899999999999,19.3612,21.119799999999998,8.53,8.5101,20.8225,17.732,4.8796,7.6683,11.2768,5.4465,7.3405,13.052700000000002,6.894,30.389200000000002,8.914100000000001,7.4808,19.2417,17.4708,5.0237,0.0,9.853399999999999,11.5421,7.949199999999999,13.2519,8.5052
58,4.2412,6.0246,1.5988,4.2018,10.5876,7.8371,4.3292,8.434299999999999,5.3614,6.5655,7.3501,16.8216,3.5249,6.7548,9.8506,5.2343,7.324,15.7469,23.9984,4.1546,0.93,16.3154,17.646900000000002,10.0261,0.1674,10.9056,7.4462,17.1615,2.5551999999999997,15.940100000000001,4.5714,7.0887,4.312399999999999,9.3685,10.7452,0.352,2.2672,11.2286,23.0586,24.8172,11.723,2.8281,24.5199,10.6174,5.8356,4.2951999999999995,16.532400000000003,6.4072,3.8724000000000003,8.0791,11.939200000000001,16.4975,12.1071,5.4931,22.939,10.3561,6.4838000000000005,10.072,0.0,16.7977,2.6407,6.6115,3.6285
59,14.171,12.466299999999999,16.3533,17.350099999999998,11.017700000000001,14.3789,19.0793,10.3527,16.9662,11.9544,15.0782,0.0465,19.2001,23.0183,27.3298,17.0671,24.5664,32.7839,23.403200000000002,13.7977,16.9247,33.3524,34.6839,11.5239,17.5948,20.525,23.71,34.1985,18.867099999999997,0.9656,20.5385,15.423,14.2421,10.2127,11.6855,17.779400000000003,15.6854,20.847900000000003,22.4633,24.2219,19.783,19.14,23.924599999999998,28.0966,16.1326,19.8955,1.0031,16.6995,18.5935,24.3427,18.365,33.5345,20.167099999999998,18.7338,22.343799999999998,27.8353,16.2767,11.4818,17.4275,0.0,18.116400000000002,22.8753,14.8666
60,5.988899999999999,6.1549,2.0372,1.7142,10.718,9.598600000000001,6.9023,10.1549,2.9206,6.6959,9.1115,18.5422,1.8642999999999998,6.0169,9.5801,3.0892,8.1144,17.014200000000002,25.4017,5.9023,3.3691,17.5826,18.9142,7.8809,2.6065,8.7605,6.7015,18.4288,0.8946000000000001,17.660700000000002,2.9108,4.9436,6.06,9.3788,8.6,2.7910999999999997,4.6982,9.0834,24.4619,26.2205,9.5779,1.1675,25.9232,10.3469,3.6904,2.814,18.253,4.262,2.2118,7.3413,9.7941,17.7647,9.962,3.3479,24.342299999999998,10.085700000000001,4.3386000000000005,8.0685,2.4391,18.5183,0.0,5.8668000000000005,5.9292
61,10.0782,10.423399999999999,6.6445,7.150600000000001,14.9864,13.674100000000001,9.3803,14.423399999999999,8.0708,10.9643,13.187,22.8107,5.901,2.1521,7.7701,8.0589,3.7969,15.9365,29.6702,9.9916,6.409,16.504900000000003,17.8365,12.9748,6.4542,11.486799999999999,1.4639000000000002,17.351,4.9313,21.9292,8.0427,10.0375,10.1494,13.767299999999999,13.6939,6.6388,8.1041,11.0445,28.730400000000003,30.489,12.392,5.0346,30.1917,5.1068,8.7843,7.3998,22.5215,8.3348,6.2485,1.0132,14.1663,16.687,12.582,6.5662,28.610799999999998,4.8456,8.6718,13.1624,6.2868,22.7867,5.5893999999999995,0.0,9.465399999999999
62,1.5061,3.4646999999999997,3.5554,4.5764,6.61,4.4546,4.6857,6.3376,5.292,3.6936999999999998,3.9676,14.7249,6.5004,10.191600000000001,12.2586,5.940600000000001,10.0304,14.644,20.616,1.4195,3.8179000000000003,15.212399999999999,16.5439,8.7001,4.1755,11.4566,10.296299999999999,16.0585,5.992,13.843399999999999,7.7648,7.793100000000001,1.5773,7.0084,8.8617,3.8666,2.1579,11.7795,19.676099999999998,21.4347,11.059700000000001,6.2649,21.137400000000003,13.0254,6.539899999999999,7.1218,14.4357,7.2277,6.881600000000001,10.4361,12.382700000000002,15.3945,12.550600000000001,7.9394,19.5565,12.7642,7.1881,7.8281,4.0081999999999995,14.701,5.4045,9.6662,0.0
