set K:= 1	2;
set C_H:= 1	2	3	4;
set C_S:= 5	6	7	8	9	10	11	12	13	14	15	16;
set C_F:= 17	18	19	20;
set M:= 21	22	23	24	25	26;
set L_B:= 27	28	29;
set A1:=
(0,*) 1 2 3 4 17 18 19 20 21 22 23 24 25 26 27 28 29 30
(1,*) 0 2 3 4 17 18 19 20 21 22 23 24 25 26 27 28 29 30
(2,*) 0 1 3 4 17 18 19 20 21 22 23 24 25 26 27 28 29 30
(3,*) 0 1 2 4 17 18 19 20 21 22 23 24 25 26 27 28 29 30
(4,*) 0 1 2 3 17 18 19 20 21 22 23 24 25 26 27 28 29 30
(17,*) 0 1 2 3 4 18 19 20 21 22 23 24 25 26 27 28 29 30
(18,*) 0 1 2 3 4 17 19 20 21 22 23 24 25 26 27 28 29 30
(19,*) 0 1 2 3 4 17 18 20 21 22 23 24 25 26 27 28 29 30
(20,*) 0 1 2 3 4 17 18 19 21 22 23 24 25 26 27 28 29 30
(21,*) 0 1 2 3 4 17 18 19 20 22 23 24 25 26 27 28 29 30
(22,*) 0 1 2 3 4 17 18 19 20 21 23 24 25 26 27 28 29 30
(23,*) 0 1 2 3 4 17 18 19 20 21 22 24 25 26 27 28 29 30
(24,*) 0 1 2 3 4 17 18 19 20 21 22 23 25 26 27 28 29 30
(25,*) 0 1 2 3 4 17 18 19 20 21 22 23 24 26 27 28 29 30
(26,*) 0 1 2 3 4 17 18 19 20 21 22 23 24 25 27 28 29 30
(27,*) 0 1 2 3 4 17 18 19 20 21 22 23 24 25 26 28 29 30
(28,*) 0 1 2 3 4 17 18 19 20 21 22 23 24 25 26 27 29 30
(29,*) 0 1 2 3 4 17 18 19 20 21 22 23 24 25 26 27 28 30
(30,*) 0 1 2 3 4 17 18 19 20 21 22 23 24 25 26 27 28 29
;
set A2:=
(21,*) 22
(22,*) 21
(23,*) 24
(24,*) 23
(25,*) 26
(26,*) 25
;
param BigM:=99999;
param n:= 2;
param d:=
1	4
2	5
3	1
4	1
5	4
6	2
7	1
8	5
9	1
10	2
11	4
12	2
13	2
14	4
15	4
16	1
17	3
18	5
19	4
20	4
;
param Q:=160;
param w:=
[21,*] 22 65
[22,*] 21 65
[23,*] 24 65
[24,*] 23 65
[25,*] 26 55
[26,*] 25 55
;
param V:=
[21,*] 22 100
[22,*] 21 100
[23,*] 24 80
[24,*] 23 80
[25,*] 26 80
[26,*] 25 80
;
param e:
	21	22	23	24	25	26	27	28	29:=
5		0		0		0		0		1		0		0		0		0	
6		0		0		0		0		0		0		0		0		1	
7		0		1		0		0		0		0		0		0		0	
8		0		0		0		0		0		0		1		0		0	
9		0		0		0		0		1		0		0		0		0	
10		0		0		0		0		0		0		0		1		0	
11		0		0		0		0		0		0		1		0		0	
12		0		0		1		0		0		1		0		0		0	
13		0		0		1		0		0		1		0		0		0	
14		0		0		0		1		0		0		0		0		0	
15		0		0		1		0		0		0		0		0		0	
16		0		0		0		1		0		0		0		0		0	
17		0		1		0		0		0		0		0		0		0	
18		0		0		1		0		0		1		0		0		0	
19		1		0		0		0		0		0		0		0		0	
20		1		0		0		0		0		0		0		0		0	
;
param p:=
1	18
2	18
;
param G:=
21	30
22	70
23	30
24	120
25	30
26	50
27	30
28	24
29	58
;
param s:=
0	0
1	10
2	10
3	10
4	10
17	10
18	10
19	10
20	10
21	10
22	10
23	10
24	10
25	10
26	10
27	10
28	10
29	10
;
param t:
	0	1	2	3	4	5	6	7	8	9	10	11	12	13	14	15	16	17	18	19	20	21	22	23	24	25	26	27	28	29	30:=
0	0.0	4.657100000000001	5.245	5.410399999999999	4.748	10.6316	14.9709	14.5477	2.2245999999999997	13.8245	8.482	2.5054000000000003	7.369800000000001	6.2717	19.953	8.3269	19.046599999999998	13.648299999999999	7.4968	16.3432	15.0223	15.679200000000002	12.9342	8.5804	18.927	13.6347	7.3099	1.3267	8.928700000000001	12.7864	0.0
1	4.3667	0.0	1.8620999999999999	9.5479	11.2727	6.6223	18.566599999999998	13.1703	4.168699999999999	9.8152	11.4034	2.7916	6.7686	7.0811	24.090400000000002	5.366899999999999	23.184099999999997	11.956700000000001	4.4531	16.603	15.2821	15.939	12.802	6.1879	23.0645	9.625399999999999	7.1786	4.4365	11.1899	16.9239	4.3667
2	5.7331	2.1145	0.0	10.0978	9.6346	6.825699999999999	20.0548	12.0938	5.0057	10.018600000000001	10.1022	3.3363	5.4674	5.7799	24.7057	4.0657	23.799400000000002	10.6555	3.1519	18.0962	16.775299999999998	17.4322	11.5008	4.886699999999999	23.6798	9.8288	5.8774	5.3963	9.8887	17.5392	5.7331
3	5.439100000000001	11.3325	9.9803	0.0	0.8843	17.3334	10.7392	15.645299999999999	6.5058	20.5263	8.085899999999999	7.1671000000000005	11.8996	9.7456	14.9781	12.960799999999999	14.0717	14.7458	12.0566	24.577599999999997	23.2566	23.9136	14.1063	13.2143	13.9521	20.3365	13.063799999999999	6.0267	8.5325	7.8115	5.439100000000001
4	5.111800000000001	11.0052	9.653	0.8843	0.0	17.0062	11.3664	15.318	6.3857	20.199099999999998	7.9658	6.8398	11.572299999999998	9.418299999999999	15.555	12.6335	14.6486	14.4186	11.729299999999999	24.1234	22.802400000000002	23.459400000000002	13.7791	12.887	14.529	20.0092	12.7365	5.6994	8.4125	8.388399999999999	5.111800000000001
5	10.3629	6.7444	7.458699999999999	17.1754	16.7122	0.0	26.090400000000002	14.4133	12.0833	2.8387	15.1368	9.5903	10.502	10.8145	32.5553	9.100299999999999	31.649	15.430399999999999	8.1866	15.213799999999999	13.8929	14.5498	16.9625	9.921299999999999	31.529400000000003	2.6488	10.912	10.432799999999999	14.9233	24.616799999999998	10.3629
6	13.853299999999999	18.0812	19.5477	10.600100000000001	11.4282	26.107400000000002	0.0	25.2126	16.1394	28.327	18.3202	15.9296	21.3339	19.313	9.3304	22.5281	8.424	24.313200000000002	21.623900000000003	22.8597	21.538700000000002	22.195700000000002	23.6737	22.781599999999997	8.3044	28.1372	22.6311	15.6411	18.7669	3.5679000000000003	13.853299999999999
7	13.0583	12.8697	11.7618	15.4603	14.997	17.1114	25.4173	0.0	11.572	17.738400000000002	10.7279	11.1196	6.4785	7.5691999999999995	30.0682	9.0916	29.161900000000003	1.1237000000000001	8.905	32.6177	31.2967	31.9537	2.4804	7.693899999999999	29.0423	17.548599999999997	6.1672	13.128200000000001	10.5144	22.9017	13.0583
8	2.2795	4.331600000000001	4.8458000000000006	5.8744	5.402100000000001	12.1989	14.1681	13.9449	0.0	15.3918	6.9805	1.8776	6.7242	5.2176	19.8424	7.785399999999999	18.936	13.0455	6.9221	18.3718	17.050900000000002	17.7078	12.406	8.0389	18.8164	15.202	5.787100000000001	1.8749	7.4272	12.6759	2.2795
9	13.8976	10.2791	10.9934	18.394099999999998	17.930799999999998	3.0926	28.0326	14.8512	13.3019	0.0	18.6715	10.7079	14.036700000000002	14.349200000000002	34.4976	12.635	33.5912	15.8683	11.721200000000001	17.239	15.9181	16.575	17.4004	13.456	33.471599999999995	0.7282000000000001	14.4467	13.9675	18.458	25.8354	13.8976
10	8.4975	12.092799999999999	10.7406	7.7215	7.6014	14.9867	15.792200000000001	10.4229	7.5	18.179599999999997	0.0	8.7873	6.4811000000000005	5.0317	20.0311	8.7514	19.1247	9.5235	8.3333	29.5903	28.2694	28.926299999999998	8.884	7.9998000000000005	19.0051	17.9897	5.5427	8.280700000000001	0.4467	12.8645	8.4975
11	2.2792	3.2706	2.9678	7.4742	6.8295	9.8221	16.492900000000002	11.1372	1.8534000000000002	13.015	9.4205	0.0	5.049600000000001	5.1115	21.4381	6.1108	20.5317	10.2377	5.2652	17.865299999999998	16.5443	17.2013	10.819	6.3643	20.4121	12.8252	5.1947	2.349	9.207	14.2715	2.2792
12	7.030600000000001	6.842	5.734100000000001	11.8079	11.3446	10.5577	21.6923	6.439100000000001	6.7157	13.7506	7.0283999999999995	5.0919	0.0	2.6936	26.4158	3.0639000000000003	25.509400000000003	5.5397	2.8773	21.9038	20.582900000000002	21.2398	5.6741	1.6662000000000001	25.3898	13.560799999999999	1.2917	7.1005	6.8149	19.249200000000002	7.030600000000001
13	6.2121	6.9651000000000005	5.8572	9.938600000000001	9.475299999999999	10.6807	21.0557	7.3936	4.8443000000000005	13.8736	5.575399999999999	5.329899999999999	2.2662	0.0	24.7818	4.445399999999999	23.875400000000003	6.4942	4.0273	22.0269	20.7059	21.3629	7.394399999999999	3.777	23.7558	13.6838	1.4058	5.807600000000001	5.3618999999999994	17.6152	6.2121
14	20.0701	23.8388	24.424599999999998	15.0357	15.4498	32.637	8.6355	30.3093	20.0975	34.8566	20.7145	21.3848	26.3439	24.7315	0.0	27.405	1.4196	29.4099	26.500799999999998	29.3893	28.0683	28.7253	28.770400000000002	27.6585	1.4852	34.6668	25.342299999999998	20.8996	21.1612	8.0035	20.0701
15	8.1135	5.4382	4.3595	12.8339	12.3706	9.1831	22.767799999999998	9.1228	7.7417	12.376	8.989799999999999	6.1748	3.4046999999999996	4.6551	27.4418	0.0	26.535400000000003	8.2234	0.9572	20.5292	19.208299999999998	19.8652	8.3578	2.4854000000000003	26.4158	12.1861	3.9754	8.183399999999999	8.776299999999999	20.2752	8.1135
16	19.7656	23.534200000000002	24.120099999999997	14.731200000000001	15.145299999999999	32.3325	8.331	30.0048	19.793	34.552099999999996	20.41	21.080299999999998	26.0393	24.427	1.4327999999999999	27.1005	0.0	29.105400000000003	26.1963	29.084799999999998	27.7638	28.4208	28.4659	27.354	1.1807	34.362300000000005	25.0378	20.5951	20.8567	7.699	19.7656
17	12.1535	11.9649	10.857	14.5555	14.0922	16.406	24.5125	1.1294000000000002	10.667200000000001	17.033	9.8231	10.214799999999999	5.5737	6.6644	29.163400000000003	8.1868	28.257099999999998	0.0	8.0002	31.9123	30.5914	31.2483	1.775	6.7891	28.1375	16.8432	5.2625	12.2234	9.6096	21.9969	12.1535
18	7.431100000000001	4.5427	3.464	12.1515	11.6882	8.287600000000001	22.0853	8.8789	7.0593	11.4805	8.328299999999999	5.4924	3.1608	4.006	26.759400000000003	0.8785	25.853	7.9795	0.0	19.6337	18.3128	18.9697	8.1139	2.2415	25.733400000000003	11.2906	3.7315	7.501	8.1148	19.5928	7.431100000000001
19	16.166700000000002	17.7987	19.456	20.2407	20.6237	16.9664	22.8906	30.4542	17.974700000000002	17.817	29.2054	17.4155	23.468	23.2395	29.3555	21.5254	28.449099999999998	31.4713	20.6116	0.0	2.0171	1.459	33.0034	22.346400000000003	28.3296	17.627200000000002	23.408099999999997	17.127	29.652099999999997	23.593	16.166700000000002
20	14.8909	16.1049	17.7622	18.965	19.348	15.2727	21.1968	28.7605	16.698900000000002	16.1232	27.5117	16.1397	21.2333	21.5458	27.6618	19.831599999999998	26.7554	29.7776	18.9178	2.0193	0.0	1.3553	31.3096	20.6526	26.6358	15.933399999999999	21.6433	15.8512	27.9584	21.8992	14.8909
21	15.8095	17.0235	18.680799999999998	19.883599999999998	20.2665	16.1913	22.1154	29.6791	17.6175	17.0418	28.4303	17.0583	22.151799999999998	22.4644	28.580299999999998	20.7502	27.674	30.696099999999998	19.8364	1.3708	1.242	0.0	32.2282	21.5712	27.5544	16.852	22.5619	16.7698	28.876900000000003	22.8178	15.8095
22	11.476600000000001	11.288	10.1801	13.4385	12.975200000000001	16.4976	23.395400000000002	2.2681	9.9903	17.124599999999997	9.1461	9.5379	4.8967	5.9875	28.046400000000002	7.5098	27.14	1.3687	7.323300000000001	32.0039	30.6829	31.3399	0.0	6.1122	27.020400000000002	16.9348	4.5855	11.5464	8.3396	20.8798	11.476600000000001
23	6.9394	5.175800000000001	4.0679	11.659799999999999	11.1965	8.891399999999999	21.5936	8.0048	6.5676000000000005	12.084299999999999	7.8157	5.0007	2.2866999999999997	3.481	26.2677	1.3976	25.3613	7.1053999999999995	1.2110999999999998	20.237599999999997	18.9166	19.5736	7.2398	0.0	25.2417	11.8945	2.8574	7.0092	7.6022	19.1011	6.9394
24	18.7422	22.5108	23.096700000000002	13.707799999999999	14.1219	31.309099999999997	7.307600000000001	28.9814	18.769599999999997	33.5287	19.386599999999998	20.056900000000002	25.016	23.403599999999997	1.8296	26.077099999999998	0.9232	28.082	25.172900000000002	28.061400000000003	26.7404	27.3974	27.4425	26.330599999999997	0.0	33.3389	24.014400000000002	19.5717	19.833299999999998	6.6756	18.7422
25	13.472299999999999	9.8538	10.568100000000001	17.968700000000002	17.5055	2.6672	27.6073	14.841700000000001	12.8765	0.3302	18.2462	10.2826	13.6114	13.9239	34.072300000000006	12.209700000000002	33.1659	15.858799999999999	11.2959	16.8137	15.492700000000001	16.1497	17.390900000000002	13.030700000000001	33.0463	0.0	14.0214	13.5421	18.032700000000002	25.4101	13.472299999999999
26	7.2184	7.0418	5.9338999999999995	10.4991	10.0358	10.7574	21.1324	6.4287	5.4047	13.950299999999999	5.7367	5.4066	1.2672999999999999	1.402	24.943099999999998	4.175800000000001	24.0367	5.5293	4.104100000000001	22.1036	20.7826	21.4396	5.321899999999999	2.7782	23.9172	13.7605	0.0	6.3681	5.5232	17.7766	7.2184
27	0.37860000000000005	4.4525	5.0193	5.5149	4.895	10.427	15.2367	13.1275	2.0185999999999997	13.6199	8.276	2.2796999999999996	7.04	6.0657	20.0575	8.1011	19.1511	12.2281	7.271	16.609099999999998	15.2881	15.9451	13.2001	8.3546	19.031599999999997	13.4301	7.5758	0.0	8.722700000000001	12.891	0.37860000000000005
28	8.9441	12.5395	10.1011	8.1681	8.0481	14.9246	16.2389	10.360899999999999	7.9467	18.1176	0.4467	9.234	6.419	4.9697	20.477700000000002	8.6894	19.5714	9.4614	8.2713	31.5102	30.1892	30.8462	8.8219	7.9378	19.4518	17.9277	5.480600000000001	8.7273	0.0	13.311200000000001	8.9441
29	12.974	16.7427	17.3285	7.9396	8.3538	24.6816	3.8424	23.2133	13.0014	27.874599999999997	13.6185	14.2887	19.247799999999998	17.6354	8.0813	20.309	7.1749	22.3138	19.404799999999998	24.5961	23.2752	23.9321	21.6743	20.5625	7.0553	27.6847	18.246299999999998	13.8035	14.065100000000001	0.0	12.974
;
