set K:= 1	2;
set C_H:= 1	2;
set C_S:= 3;
set C_F:= 4	5	6	7	8	9	10;
set M:= 11	12	13	14	15	16;
set L_B:= 17	18;
set A1:=
(0,*) 1 2 4 5 6 7 8 9 10 11 12 13 14 15 16 17 18 19
(1,*) 0 2 4 5 6 7 8 9 10 11 12 13 14 15 16 17 18 19
(2,*) 0 1 4 5 6 7 8 9 10 11 12 13 14 15 16 17 18 19
(4,*) 0 1 2 5 6 7 8 9 10 11 12 13 14 15 16 17 18 19
(5,*) 0 1 2 4 6 7 8 9 10 11 12 13 14 15 16 17 18 19
(6,*) 0 1 2 4 5 7 8 9 10 11 12 13 14 15 16 17 18 19
(7,*) 0 1 2 4 5 6 8 9 10 11 12 13 14 15 16 17 18 19
(8,*) 0 1 2 4 5 6 7 9 10 11 12 13 14 15 16 17 18 19
(9,*) 0 1 2 4 5 6 7 8 10 11 12 13 14 15 16 17 18 19
(10,*) 0 1 2 4 5 6 7 8 9 11 12 13 14 15 16 17 18 19
(11,*) 0 1 2 4 5 6 7 8 9 10 12 13 14 15 16 17 18 19
(12,*) 0 1 2 4 5 6 7 8 9 10 11 13 14 15 16 17 18 19
(13,*) 0 1 2 4 5 6 7 8 9 10 11 12 14 15 16 17 18 19
(14,*) 0 1 2 4 5 6 7 8 9 10 11 12 13 15 16 17 18 19
(15,*) 0 1 2 4 5 6 7 8 9 10 11 12 13 14 16 17 18 19
(16,*) 0 1 2 4 5 6 7 8 9 10 11 12 13 14 15 17 18 19
(17,*) 0 1 2 4 5 6 7 8 9 10 11 12 13 14 15 16 18 19
(18,*) 0 1 2 4 5 6 7 8 9 10 11 12 13 14 15 16 17 19
(19,*) 0 1 2 4 5 6 7 8 9 10 11 12 13 14 15 16 17 18
;
set A2:=
;
param BigM:=99999;
param n:= 2;
param d:=
1	2
2	4
3	5
4	3
5	3
6	5
7	5
8	4
9	1
10	4
;
param Q:=160;
param e:
	11	12	13	14	15	16	17	18:=
3		0		0		1		0		0		0		0		0	
4		0		0		0		0		1		0		0		1	
5		0		0		0		1		0		0		0		0	
6		0		0		0		0		0		0		1		0	
7		0		0		1		0		0		1		0		0	
8		1		0		0		0		0		0		0		0	
9		0		0		0		0		0		0		0		1	
10		0		1		0		0		0		0		0		0	
;
param p:=
1	18
2	18
;
param G:=
11	30
12	70
13	30
14	120
15	30
16	50
17	36
18	20
;
param s:=
0	0
1	10
2	10
4	10
5	10
6	10
7	10
8	10
9	10
10	10
11	10
12	10
13	10
14	10
15	10
16	10
17	10
18	10
;
param t:
	0	1	2	3	4	5	6	7	8	9	10	11	12	13	14	15	16	17	18	19:=
0	0.0	3.8519	4.3608	8.3585	10.9009	20.051099999999998	3.3699	6.5577	14.7408	9.3148	12.009	15.679200000000002	12.9342	8.5804	18.927	13.6347	7.3099	3.4918	10.1588	0.0
1	4.1901	0.0	2.3009	5.070399999999999	8.418	23.327	1.7412	6.267600000000001	15.5079	7.3052	11.728299999999999	16.4464	12.6535	6.0394	22.2028	10.586200000000002	7.0301	1.3437000000000001	7.1178	4.1901
2	3.8442	2.5763000000000003	0.0	4.0747	9.0886	23.3087	1.5263	4.4544	17.8666	8.2334	9.9151	18.805	10.8403	4.2539	22.1845	11.5145	5.2169	2.5345	6.806	3.8442
3	8.0655	5.2912	4.8363000000000005	0.0	10.1769	27.4919	5.809	2.8135	18.8888	8.8671	7.9754	19.8273	8.309700000000001	2.4374000000000002	26.3678	12.148200000000001	3.9273000000000002	6.8172	8.445799999999998	8.0655
4	10.5594	8.253	8.0551	9.4673	0.0	33.7429	8.5483	10.6645	14.783700000000001	2.7921	16.5856	15.722100000000001	16.2224	9.8943	32.618700000000004	1.219	11.427	8.8635	3.0326	10.5594
5	20.7332	23.6968	23.984900000000003	28.0998	34.6815	0.0	22.876099999999997	25.9617	28.45	33.0222	28.433799999999998	29.3884	29.4336	28.3217	2.1484	35.33	26.0055	23.336599999999997	33.8662	20.7332
6	3.1795999999999998	1.821	1.4265999999999999	5.236800000000001	8.9026	22.782400000000003	0.0	5.157	16.6683	7.3165	10.8001	17.6068	11.725299999999999	5.4159	21.6582	12.1682	6.1293	1.3363	7.7151000000000005	3.1795999999999998
7	6.798	6.3507	4.9703	2.8301	11.2047	26.2559	4.9823	0.0	19.9166	9.8949	6.019100000000001	20.8551	6.3534	2.3456	25.1318	13.176	1.3359	5.9905	9.0365	6.798
8	14.9806	16.7811	16.633599999999998	19.7733	16.7796	27.8496	16.0515	21.4698	0.0	15.395700000000001	26.921200000000002	1.8337	31.3993	20.7423	26.7255	16.0231	21.733	15.6765	16.2398	14.9806
9	9.0387	6.7323	6.5343	8.6678	2.934	32.368900000000004	7.0275	9.8649	14.3824	0.0	15.3256	15.320799999999998	14.126299999999999	8.1106	31.244799999999998	3.9827	10.6274	7.3427	1.0560999999999998	9.0387
10	11.7471	11.5658	10.1854	7.812	16.1566	27.794900000000002	10.1975	5.8146	30.672	14.1004	0.0	31.6105	0.9997	6.3827	26.6708	17.205299999999998	4.8561000000000005	11.2057	13.0736	11.7471
11	15.8095	17.61	17.4625	20.6022	17.6086	28.6785	16.8804	22.2988	1.6813	16.2246	27.7501	0.0	32.2282	21.5712	27.5544	16.852	22.5619	16.5054	17.0687	15.8095
12	11.476600000000001	11.295200000000001	9.9149	7.541399999999999	15.8861	28.144599999999997	9.9269	5.5441	30.4015	13.829799999999999	0.6832999999999999	31.3399	0.0	6.1122	27.020400000000002	16.9348	4.5855	10.9351	12.803	11.476600000000001
13	6.9394	5.0667	4.6709	1.4292	9.9233	26.3659	4.683	1.6875	18.635099999999998	8.6134	6.9055	19.5736	7.2398	0.0	25.2417	11.8945	2.8574	5.6912	7.3758	6.9394
14	18.7422	21.7057	21.9938	26.108700000000002	32.690400000000004	1.9278	20.885099999999998	23.9707	26.4589	31.0311	26.4428	27.3974	27.4425	26.330599999999997	0.0	33.3389	24.014400000000002	21.3455	31.8752	18.7422
15	13.472299999999999	11.165899999999999	9.223600000000001	12.0617	1.6245999999999998	34.1705	9.7168	13.258799999999999	15.2113	3.9606999999999997	18.7196	16.1497	17.390900000000002	13.030700000000001	33.0463	0.0	14.0214	11.776399999999999	4.2012	13.472299999999999
16	7.2184	6.9327	5.783600000000001	4.2074	11.789299999999999	25.0413	5.7956	1.1262	20.5012	10.4794	5.7067	21.4396	5.321899999999999	2.7782	23.9172	13.7605	0.0	6.8038	9.5015	7.2184
17	3.6855	0.6643	1.216	5.0632	8.692	23.037599999999998	1.3642999999999998	5.4428	15.860299999999999	7.105899999999999	10.9036	16.7988	11.8288	5.2424	21.913400000000003	11.957600000000001	6.2054	0.0	7.5045	3.6855
18	9.882100000000001	7.2349	6.78	7.0587	3.1314	33.212300000000006	7.88	8.7725	15.2258	1.0695	13.464	16.1643	13.1008	7.085	32.0882	4.1801	9.190700000000001	8.1861	0.0	9.882100000000001
;
