vehicles
vehicle_idx, capacity, cost_per_unit_distance
1,160,18
2,160,18
depot
node_idx,x,y
0,25.049446486001663,121.51552910838933
home delivery customers
node_idx,x,y,service_time,demand
1,25.04927080634488,121.54277384251488,10,3
2,25.046277050000004,121.55951674999999,10,1
3,25.089972999360036,121.52019521568029,10,2
4,25.066831818483077,121.50200950462163,10,1
self pickup customers
node_idx,x,y,service_time,demand,locker_idxs
5,25.051272708043726,121.52412566685324,10,1,29-27
6,25.17703865961931,121.44755865014275,10,2,24
7,25.02720095,121.56766144999999,10,4,23-26
8,25.02697445469359,121.5117500303692,10,3,27-29
9,24.96095194761276,121.41533502911766,10,3,21
10,24.956397402568857,121.5397784825696,10,5,25
flexible customers
node_idx,x,y,service_time,demand,locker_idxs
11,25.057546320346212,121.60611031976921,10,1,22
12,25.17260150323648,121.43632196843707,10,5,24
13,25.00726215,121.56005910000002,10,5,28
14,25.045844599999995,121.61619350000001,10,2,22
15,24.959424727253083,121.4182010993446,10,1,21
16,25.02556510367593,121.53120970456115,10,1,27
17,24.95652570199682,121.53375637719148,10,2,25
18,25.024804215031438,121.57163948646134,10,2,23-28
19,25.043995250000002,121.57116785000001,10,2,26-23
20,25.043026290480032,121.57427031322952,10,5,26-23
lockers
node_idx,x,y,service_time,capacity,cost_per_unit_good
21,24.9595637,121.4197544,10,30
22,25.0553158,121.617896,10,70
23,25.0328676,121.5697576,10,30
24,25.1678849,121.4456164,10,120
25,24.9579858,121.5375799,10,30
26,25.0500706,121.5774743,10,50
27,25.0331792,121.5202608,10,45
28,25.0021343,121.5673343,10,34
29,25.0504268,121.5151142,10,30
mrt lines
start_node_idx,end_node_idx,freight_capacity,cost_per_unit_good
21,22,100,65
22,21,100,65
23,24,80,65
24,23,80,65
distance matrix
,0,1,2,3,4,5,6,7,8,9,10,11,12,13,14,15,16,17,18,19,20,21,22,23,24,25,26,27,28,29,
0,0.0,3.512,5.8767,5.0584,3.3195,1.653,20.477,7.7717,3.3134,16.2333,14.026200000000001,12.3986,19.9892,8.1059,13.6329,15.7051,4.6159,14.088799999999999,8.2325,6.4719,6.863,15.679200000000002,12.9342,8.5804,18.927,13.6347,7.3099,3.0913000000000004,10.0803,0.1355
1,3.3001,0.0,2.3595,6.7987,7.8507,2.7081999999999997,22.7363,5.0268999999999995,7.357600000000001,21.2535,14.7772,8.380799999999999,22.2485,6.8422,9.693700000000002,20.7252,4.208600000000001,14.839799999999999,5.4877,4.1697,4.2595,20.6994,9.6782,5.8356,21.1863,14.3857,4.110399999999999,6.5889,8.816600000000001,3.2325999999999997
2,5.3707,2.3655999999999997,0.0,8.5166,9.1816,4.2832,25.2545,3.3684000000000003,6.8904,20.6538,12.812,6.722300000000001,24.7668,5.6181,8.0352,20.1255,5.428100000000001,12.8747,3.8293000000000004,2.5113000000000003,2.6010999999999997,20.0996,8.185,4.1772,23.7046,12.4205,2.5589,5.8713999999999995,7.5925,5.3054
3,5.31,6.6626,8.9869,0.0,5.8898,5.248399999999999,15.6936,11.5406,8.5814,25.068099999999998,19.8631,13.1265,15.2059,11.9281,15.3131,24.5398,9.2945,19.9257,12.0014,9.9036,10.773200000000001,24.514,14.689,12.3494,14.143600000000001,19.4716,9.9918,7.562399999999999,13.9025,5.1762
4,3.6398,5.841,10.3169,6.271,0.0,3.982,17.6176,11.6718,7.0329,18.3442,17.926299999999998,13.982299999999999,17.1298,11.4306,16.1689,17.815900000000003,8.780100000000001,17.9889,12.1326,10.9121,11.3031,17.7901,15.544799999999999,12.4805,16.0676,17.5348,11.7501,6.9915,13.405,3.1733000000000002
5,1.2395999999999998,2.3845,4.708699999999999,5.0939,4.1635,0.0,21.0315,7.1568000000000005,3.8986,17.2957,13.8144,11.5576,20.5437,7.6491999999999996,12.7919,16.767400000000002,4.1411999999999995,13.877,7.6176,5.6309,6.389399999999999,16.7415,12.093200000000001,7.9655,19.4815,13.4229,5.7137,2.8795,9.6236,1.1721
6,20.5856,22.487299999999998,24.8115,15.6615,17.6933,21.073,0.0,27.365299999999998,23.7645,29.794900000000002,35.573800000000006,27.7234,1.8263,27.7528,29.91,29.266599999999997,25.1192,35.6364,27.8261,25.7282,26.597900000000003,29.2408,29.2859,28.174,2.0007,35.182300000000005,25.8578,22.8995,29.7272,20.1192
7,7.6297,5.1512,3.4543000000000004,11.6255,12.1807,7.3899,27.481900000000003,0.0,6.2346,19.923299999999998,12.0816,6.4112,26.9942,4.366899999999999,7.7241,19.395,4.2743,12.144200000000001,0.6734,2.3486,2.5252,19.3692,7.8739,2.0016,25.932,11.690100000000001,3.4915,5.8735,7.031,8.3045
8,3.7935,6.6836,9.5966,8.838899999999999,6.7454,4.4375,22.8965,7.123,0.0,15.679799999999998,10.9227,13.726600000000001,22.4087,6.1742,14.393799999999999,15.1515,2.309,10.9854,6.7326999999999995,7.7905,8.9596,15.1256,14.2622,7.6481,21.3465,10.5313,8.6388,1.6913,8.1486,3.7857
9,16.475099999999998,22.457,22.2833,21.9172,17.6636,17.700400000000002,30.187900000000003,22.1297,14.3902,0.0,18.327,28.8052,29.700200000000002,20.4787,31.7643,1.7933,16.4872,18.3897,21.7393,22.8785,23.269599999999997,1.7674,33.311800000000005,22.654799999999998,28.638,17.935599999999997,23.7165,15.85,21.075599999999998,16.467299999999998
10,13.7023,12.1176,13.487,17.4742,17.620900000000002,14.0371,34.8263,12.7356,10.8452,16.933799999999998,0.0,19.3391,34.3385,6.9266000000000005,15.6576,16.4055,8.4429,2.0277,12.3452,13.403,13.5799,16.3797,17.205,13.2607,33.276300000000006,0.3915,14.2514,11.291,7.3938999999999995,13.8418
11,10.9471,7.2641,5.0383000000000004,12.83,14.2905,8.652700000000001,27.4776,6.4251000000000005,12.3697,25.1097,18.314,0.0,26.9898,10.0741,2.565,24.581400000000002,9.4899,17.330599999999997,6.8858999999999995,5.1007,4.738899999999999,24.5555,2.2644,5.5827,25.927599999999998,16.8765,3.1159,11.350700000000002,11.2946,10.2691
12,20.045,21.9467,24.2709,15.120899999999999,17.1527,20.532400000000003,1.7933,26.8246,23.2239,29.2543,35.0331,27.1828,0.0,27.2121,29.369400000000002,28.726,24.5785,35.095800000000004,27.2855,25.1876,26.057299999999998,28.7001,28.7453,27.6334,1.4601,34.6417,25.3172,22.3588,29.1865,19.5785
13,8.2966,6.5803,6.3007,11.9369,11.48,7.7012,27.7933,4.312600000000001,6.654,19.0717,7.0942,12.1528,27.3056,0.0,11.8278,18.543400000000002,4.1501,7.502800000000001,4.5863000000000005,6.2166999999999994,6.3936,18.517599999999998,12.6884,6.0744,26.243299999999998,6.7027,7.0651,5.8853,2.32,8.8033
14,12.1381,9.812299999999999,6.974,15.0245,16.485,10.7839,29.672099999999997,7.6161,13.5607,31.8178,16.7063,2.5721,29.1843,11.8659,0.0,31.2895,11.2817,17.6587,8.077,6.2918,5.93,31.2637,2.1193,6.7738000000000005,28.1221,16.8586,5.2471000000000005,12.5417,12.3493,12.192
15,16.1489,21.712799999999998,21.957099999999997,21.591,17.337400000000002,17.374200000000002,29.4437,21.3855,14.064,0.5282,17.582900000000002,28.479,28.956,19.734599999999997,31.0202,0.0,18.0165,17.6455,20.9952,22.5523,22.2298,0.3394,32.5676,21.9106,27.8938,17.1914,22.9013,15.5239,20.331400000000002,16.1411
16,4.2216000000000005,4.8126999999999995,5.9833,8.2956,8.318200000000001,4.5564,24.4693,5.2318,2.1714,17.032,10.4809,11.8354,23.9816,4.2919,11.510299999999999,16.503700000000002,0.0,10.5435,4.8415,5.8993,6.0762,16.4778,12.371,5.7569,22.9193,10.0894,6.7476,1.8102,6.2663,4.3611
17,13.862200000000001,14.5936,13.6469,19.950200000000002,17.7807,14.197,34.6158,12.8955,11.0051,16.7234,2.0983,19.499,34.128099999999996,7.5179,16.6648,16.1951,10.897200000000002,0.0,12.5051,13.562899999999999,13.739799999999999,16.1692,18.2122,13.4206,33.0658,1.7069,14.411200000000001,11.450899999999999,7.9853000000000005,14.001700000000001
18,8.0086,5.5302,3.8333000000000004,12.0045,12.559700000000001,7.768800000000001,27.8609,0.9349,6.6627,20.3514,12.5096,6.7902,27.3732,4.795,8.1031,19.8231,4.7024,12.572299999999998,0.0,2.7276,2.9042,19.7972,8.2529,2.3806,26.3109,12.1182,3.8705,6.3015,7.41,8.6835
19,6.5009,4.175,1.7674,10.553600000000001,10.641,6.0988999999999995,26.4101,2.2121999999999997,7.9235,21.1881,13.3463,4.5832,25.9223,6.152399999999999,5.896100000000001,20.6598,5.5682,13.409,2.673,0.0,0.39130000000000004,20.6339,6.0458,2.4319,24.8601,12.954799999999999,1.368,6.9045,7.7667,6.7648
20,6.6776,4.3518,2.0405,10.7304,10.914,6.275600000000001,26.5868,2.3889,8.1002,21.6553,13.813600000000001,4.614,26.099,6.6197,5.9269,21.127,6.0355,13.8762,2.8497,0.39130000000000004,0.0,21.101200000000002,6.0767,2.0689,25.0368,13.4221,1.219,7.0812,7.7808,7.0379
21,15.8095,21.3734,21.6177,21.2516,16.998,17.0348,29.1043,21.0461,13.7246,1.2609000000000001,17.2435,28.139599999999998,28.6166,19.3952,30.680799999999998,0.3501,17.6771,17.306099999999997,20.6558,22.2129,21.890400000000003,0.0,32.2282,21.5712,27.5544,16.852,22.5619,15.1845,19.992,15.8017
22,11.476600000000001,9.1507,6.312399999999999,13.922799999999999,15.383299999999998,10.1223,28.570400000000003,6.9546,12.8992,31.894,16.782400000000003,1.4704000000000002,28.0826,11.2043,1.3533,31.3657,10.6201,17.734900000000003,7.4154,5.630199999999999,5.2684,31.3399,0.0,6.1122,27.020400000000002,16.9348,4.5855,11.8801,11.8241,11.5305
23,6.9394,4.461,3.6471,10.9353,11.4904,6.6996,26.791700000000002,0.8423999999999999,6.4681999999999995,20.1277,12.286,5.777100000000001,26.303900000000002,5.0921,7.09,19.599400000000003,4.507899999999999,12.348600000000001,1.3032000000000001,1.6584,1.835,19.5736,7.2398,0.0,25.2417,11.8945,2.8574,6.1071,6.3969,7.6143
24,18.7422,20.643900000000002,22.9681,13.818100000000001,15.8499,19.229599999999998,2.3535999999999997,25.521900000000002,21.9211,27.9515,33.7304,25.88,1.8659000000000001,25.9094,28.066599999999998,27.4232,23.2758,33.793,25.9827,23.8848,24.7545,27.3974,27.4425,26.330599999999997,0.0,33.3389,24.014400000000002,21.056099999999997,27.8838,18.2758
25,13.472299999999999,11.8876,13.257100000000001,17.2442,17.390900000000002,13.8072,34.5963,12.505600000000001,10.615200000000002,16.703799999999998,0.3915,19.1092,34.1085,6.6966,15.8435,16.1755,8.2129,1.7978,12.1153,13.173,13.3499,16.1497,17.390900000000002,13.030700000000001,33.0463,0.0,14.0214,11.061,7.164,13.6119
26,7.2184,4.1482,1.9224,10.3422,11.0293,5.5368,25.4671,3.6206,8.334299999999999,21.9937,14.152,3.7475,24.979400000000002,6.9581,5.5139,21.465400000000002,6.3739,14.2146,4.0814,1.3191,1.4952,21.4396,5.321899999999999,2.7782,23.9172,13.7605,0.0,7.7489,8.4901,7.1531
27,2.6213,4.4226,6.3633999999999995,7.3575,6.707199999999999,2.9560999999999997,22.8583,5.8196,2.1176999999999997,16.9783,11.4251,12.3955,22.3705,5.8182,12.0969,16.45,1.9441,11.4878,6.280399999999999,6.4594,6.6627,16.4241,12.9311,6.3447,21.3083,11.033700000000001,7.3077,0.0,7.7926,2.7608
28,10.278799999999999,8.5625,8.2829,13.9191,13.462200000000001,9.683399999999999,29.7755,6.3715,8.6362,19.6493,7.5666,10.5545,29.2877,2.3135,9.997399999999999,19.121,6.1323,7.9752,6.8323,7.1875,7.2105,19.095200000000002,11.5449,5.529100000000001,28.2255,7.1751000000000005,7.6347,7.8675,0.0,10.7854
29,0.644,3.3765,5.8995,4.922899999999999,3.1865,1.5175999999999998,20.3015,7.7943999999999996,3.3362,16.2561,14.0489,12.4214,19.8138,8.1894,13.655700000000001,15.727799999999998,4.6386,14.111600000000001,8.2552,6.4947,6.8857,15.702,12.957,8.603200000000001,18.7515,13.657399999999999,7.3327,3.1141,10.163799999999998,0.0
