vehicles
vehicle_idx, capacity, cost_per_unit_distance
1,160,18
2,160,18
depot
node_idx,x,y
0,25.049446486001663,121.51552910838933
home delivery customers
node_idx,x,y,service_time,demand
1,25.02477787071402,121.50057793151922,10,4
2,25.062629400000002,121.50076514999999,10,2
3,25.030501390318808,121.54436851844959,10,4
4,25.023017603120117,121.5316064633792,10,4
self pickup customers
node_idx,x,y,service_time,demand,locker_idxs
5,25.042785223919807,121.57623967441285,10,2,26-23-29
6,25.16946214823447,121.44115845299245,10,2,24
flexible customers
node_idx,x,y,service_time,demand,locker_idxs
7,24.9609981,121.4207013,10,3,21
8,25.044565695892665,121.57163792480584,10,5,26-23-29
9,25.13410665552138,121.54759431352817,10,3,28
10,24.970038805847878,121.43150108663306,10,2,21
11,25.172452701888393,121.43865129702698,10,1,24
12,25.045851746233055,121.61624464677082,10,4,22
13,25.04515175,121.56723454999998,10,1,26-23
14,25.018963380151046,121.5326027528633,10,1,27
15,25.022147,121.55661565000003,10,4,29-23
16,25.05386771256777,121.56310089009702,10,1,26-23
17,24.956870787479552,121.53790669549028,10,3,25
18,24.953465621414402,121.54017549069862,10,2,25
19,25.0345227,121.53062835,10,2,27
20,25.0412021,121.6220077,10,5,22
lockers
node_idx,x,y,service_time,capacity,cost_per_unit_good
21,24.9595637,121.4197544,10,30
22,25.0553158,121.617896,10,70
23,25.0328676,121.5697576,10,30
24,25.1678849,121.4456164,10,120
25,24.9579858,121.5375799,10,30
26,25.0500706,121.5774743,10,50
27,25.0266021,121.5207474,10,55
28,25.1377713,121.5419672,10,43
29,25.0291158,121.5647401,10,22
mrt lines
start_node_idx,end_node_idx,freight_capacity,cost_per_unit_good
21,22,100,65
22,21,100,65
distance matrix
,0,1,2,3,4,5,6,7,8,9,10,11,12,13,14,15,16,17,18,19,20,21,22,23,24,25,26,27,28,29,
0,0.0,4.0765,4.1692,5.1873000000000005,5.3048,7.0646,20.034299999999998,15.4395,6.4141,13.9513,13.598799999999999,19.6115,13.6381,6.3756,5.5276000000000005,6.8566,5.505,13.7501,14.167,3.5187,14.329600000000001,15.679200000000002,12.9342,8.5804,18.927,13.6347,7.3099,4.0059000000000005,14.357899999999999,7.3437
1,4.0325,0.0,6.2859,6.5121,4.6051,9.991,22.8545,13.2711,9.6141,17.7112,10.8363,22.4318,15.2195,9.1515,4.813,6.7261999999999995,9.1098,12.0505,12.4674,4.7628,15.911,13.5108,16.1342,9.4405,21.7472,11.9351,10.605,2.8708,18.1178,7.7656
2,3.4183000000000003,6.6195,0.0,8.4405,8.558,10.8578,17.5385,16.9034,10.2073,14.1089,15.1536,17.1158,16.5378,10.285200000000001,8.780899999999999,10.1098,7.6126000000000005,17.0033,17.4202,6.7719,17.2293,17.143099999999997,15.9084,11.8336,16.4313,16.887900000000002,11.103200000000001,6.9446,14.5155,10.5969
3,4.5808,6.8294,7.9929,0.0,2.582,4.7418000000000005,24.1298,18.2318,4.0931999999999995,16.791900000000002,17.7486,23.707099999999997,9.9704,3.5459,2.8125999999999998,2.3045,4.5455,10.9079,11.3248,3.3401,10.6619,18.4716,10.6227,4.0363,23.022599999999997,10.7925,4.9994,3.5005,17.1985,2.9957
4,4.765899999999999,4.6464,8.164100000000001,2.5705999999999998,0.0,6.4067,25.1628,16.2503,5.9611,17.824900000000003,15.767100000000001,24.740099999999998,11.635200000000001,5.4138,0.6093999999999999,3.1623,6.9743,10.291799999999999,10.7087,2.2392,13.2759,16.490099999999998,12.4907,5.876600000000001,24.0555,10.1764,6.8673,1.9127,18.2315,4.2018
5,6.8769,10.196299999999999,10.4166,4.6579,6.6597,0.0,26.343400000000003,21.0607,0.6796,16.8089,20.5775,25.9206,5.707199999999999,1.2389000000000001,6.8902,4.689,2.6103,13.736799999999999,14.1537,6.3536,6.3988000000000005,21.3005,5.8518,1.8543,25.236099999999997,13.6214,0.9979,7.6421,17.2155,2.7456
6,19.1758,23.241400000000002,16.6465,23.254,24.1247,25.3989,0.0,27.5912,24.2605,22.448,25.8414,0.7339,28.5054,24.5594,24.3553,25.1418,23.0705,33.887800000000006,34.3048,21.7973,29.196900000000003,27.8309,27.876099999999997,26.764200000000002,0.5909,33.7725,24.448,22.4042,22.854599999999998,25.5275
7,15.7956,14.298200000000001,16.955299999999998,19.3105,17.425099999999997,22.0873,28.6477,0.0,22.141099999999998,29.916,2.3678000000000003,28.225,30.672099999999997,21.0944,17.633,18.8429,22.076900000000002,16.953400000000002,17.3703,16.5259,30.083,0.2892,32.2143,21.557299999999998,27.5404,16.838099999999997,22.547900000000002,16.4678,30.322599999999998,19.8824
8,6.7723,10.0163,9.8847,4.3715,6.1886,0.6796,26.2134,20.589599999999997,0.0,16.4072,20.1064,25.790599999999998,5.8434,0.707,6.4191,4.217899999999999,2.0783,13.2657,13.6826,6.0672,6.5348999999999995,20.8294,5.988,2.7029,25.106099999999998,13.1503,1.3102,7.1071,16.8138,2.3507
9,13.796700000000001,17.8112,13.9885,16.828599999999998,17.6993,16.8248,23.0768,32.9205,16.9679,0.0,31.1707,22.6541,20.4968,16.486900000000002,17.9299,18.7164,15.9854,27.5765,27.9934,15.3719,21.188299999999998,33.160199999999996,19.792900000000003,18.359599999999997,21.9695,27.4611,15.9024,16.4665,1.1314000000000002,18.0403
10,13.8418,10.9408,15.0739,16.3214,14.4071,20.8379,26.7662,2.1965,20.1874,27.9623,0.0,26.3435,30.0854,20.2653,14.615,18.2562,20.1232,16.3667,16.7836,14.5721,29.496299999999998,2.4363,26.7076,20.9705,25.659,16.2513,21.083299999999998,12.6234,28.3689,19.2957
11,19.6417,23.7073,17.1125,23.719900000000003,24.590700000000002,25.864900000000002,0.4918,28.0572,24.7265,22.9139,26.3074,0.0,28.971400000000003,25.0254,24.8212,25.6077,23.5365,34.3538,34.7707,22.2632,29.6629,28.2969,28.342,27.2302,1.0568,34.2384,24.914,22.870099999999997,23.3205,25.9935
12,12.1434,15.4627,16.8533,9.9244,11.711799999999998,5.5475,29.234599999999997,31.0187,5.8328999999999995,19.8872,30.5355,28.8119,0.0,6.1972,11.9423,9.741100000000001,7.251600000000001,16.968700000000002,17.3856,11.62,0.9414,31.2585,2.1245,6.779,28.127299999999998,16.8534,5.2523,12.9085,20.2939,7.6703
13,6.5394,9.4166,9.6518,3.8781999999999996,5.550800000000001,1.2527000000000001,25.0334,19.9518,0.6022000000000001,15.82,19.4686,24.6107,6.2094,0.0,5.7813,3.5801,2.0128,12.6279,13.044799999999999,5.5739,6.9009,20.191599999999998,7.6741,3.0688,23.926099999999998,12.5125,1.5084000000000002,6.4693000000000005,16.2266,2.2033
14,4.9016,4.7477,8.2999,2.7593,0.825,6.553,25.831599999999998,16.0356,6.107399999999999,18.4937,15.5524,25.408900000000003,11.781600000000001,5.5601,0.0,3.3085999999999998,7.6431000000000004,10.3931,10.81,3.2626,13.3231,16.275299999999998,12.637,6.0229,24.7243,10.277700000000001,7.0136,2.5132,18.900299999999998,4.3481000000000005
15,6.8215,7.6246,11.2898,2.2020999999999997,3.3202,4.3382,26.8231,17.750400000000003,3.8926,19.4852,17.2672,26.4004,9.5667,3.3453000000000004,3.5508,0.0,4.5076,10.4265,10.843399999999999,4.5652,10.2582,17.9902,10.4222,3.8081,25.7159,10.3111,4.7988,4.2387,19.8918,1.5680999999999998
16,5.7055,10.0328,9.901200000000001,4.6669,7.168699999999999,2.4148,24.1212,21.0898,1.7643,16.133200000000002,20.6066,23.6985,6.9676,1.5965,7.3993,4.718100000000001,0.0,13.7659,14.182799999999999,6.3626000000000005,7.6591000000000005,21.3296,7.457199999999999,4.2606,23.013900000000003,13.6505,1.8894000000000002,7.651,16.5398,3.3413000000000004
17,13.581700000000001,12.222700000000001,16.8019,10.8933,8.0842,13.670200000000001,34.263,16.0194,13.2246,25.4294,15.536100000000001,33.840300000000006,15.5423,12.677299999999999,7.5202,10.425799999999999,13.8396,0.0,0.4874,11.9426,14.9532,16.2591,17.0845,13.1401,33.155699999999996,0.2083,14.130799999999999,10.1284,25.836,11.4653
18,14.0468,12.6878,17.267,11.3584,8.5494,14.135299999999999,34.7281,16.4845,13.6897,25.894599999999997,16.0013,34.3054,16.0074,13.1424,7.9853000000000005,10.8909,14.3047,0.7409,0.0,12.4078,15.418299999999999,16.7242,17.549599999999998,13.6052,33.6209,0.8774,14.5959,10.5936,26.3012,11.930399999999999
19,3.6315999999999997,5.8373,7.3253,1.9493,2.0668,5.8265,23.9645,17.669,5.173100000000001,15.7129,15.3596,23.5418,11.055,4.6258,2.2974,3.6186,5.776,11.9798,12.396700000000001,0.0,11.7465,17.9087,11.7027,5.1163,22.8573,11.8644,6.0793,2.9853,16.1195,4.0756
20,12.827399999999999,16.1467,17.5373,10.6084,12.3958,6.2315,29.918599999999998,31.5158,6.517,20.5713,31.0326,29.495900000000002,0.9414,6.8813,12.626299999999999,10.4251,7.9356,17.465799999999998,17.8827,12.3041,0.0,31.755599999999998,2.2823,7.463,28.8113,17.3504,5.9363,13.592600000000001,20.9779,8.354299999999999
21,15.8095,14.312100000000001,16.9693,19.3244,17.439,22.1013,28.6616,0.467,22.155099999999997,29.9299,2.3817,28.2389,30.686,21.108400000000003,17.646900000000002,18.856900000000003,22.0909,16.9674,17.3843,16.5398,30.0969,0.0,32.2282,21.5712,27.5544,16.852,22.5619,16.4817,30.3365,19.8963
22,11.476600000000001,14.7959,15.7464,9.2576,11.045,4.8807,28.1277,31.100099999999998,5.1661,19.2204,30.6169,27.704900000000002,1.3585,5.530399999999999,11.2755,9.0743,6.5848,17.050099999999997,17.467,10.9532,2.05,31.3399,0.0,6.1122,27.020400000000002,16.9348,4.5855,12.241700000000002,19.6271,7.0035
23,6.9394,9.208,10.792,3.3136,4.9328,2.0458,26.349,19.3338,1.7479,17.89,18.8506,25.926299999999998,7.0952,2.125,5.1633000000000004,2.9621,4.0829,12.0099,12.4268,5.7093,7.7868,19.5736,7.2398,0.0,25.2417,11.8945,2.8574,5.8513,18.296599999999998,0.8913
24,18.7422,22.8078,16.213,22.820400000000003,23.6911,24.965400000000002,1.9109,27.1576,23.827,22.014400000000002,25.407799999999998,1.4882,28.071900000000003,24.1259,23.9217,24.7082,22.6369,33.4543,33.871199999999995,21.3637,28.7634,27.3974,27.4425,26.330599999999997,0.0,33.3389,24.014400000000002,21.970599999999997,22.421,25.094
25,13.472299999999999,12.113299999999999,16.692400000000003,10.7839,7.9748,13.560799999999999,34.1536,15.9099,13.115200000000002,25.32,15.4267,33.7308,15.848700000000001,12.5679,7.4108,10.3164,13.7302,0.2083,0.6727000000000001,11.833200000000001,15.2596,16.1497,17.390900000000002,13.030700000000001,33.0463,0.0,14.0214,10.019,25.726599999999998,11.355799999999999
26,7.2184,10.462399999999999,10.3308,5.1263000000000005,6.7988,1.2512999999999999,25.0244,21.1998,1.2612,15.811,20.7166,24.6017,5.519100000000001,1.8978,7.0294,4.8281,1.9992999999999999,13.8759,14.2928,6.822,6.2107,21.4396,5.321899999999999,2.7782,23.9172,13.7605,0.0,7.7173,16.2176,3.4513000000000003
27,3.3649,3.0904000000000003,6.7631000000000006,3.2636,1.6779000000000002,7.0996999999999995,23.169900000000002,15.135,6.654100000000001,16.1769,12.7038,22.7472,12.328299999999999,6.1068999999999996,2.22,3.8553,8.5534,10.4424,10.8593,1.7955999999999999,14.592799999999999,15.3747,13.1837,6.5697,22.0627,10.327,7.5604,0.0,16.5835,4.8948
28,14.171,18.1854,14.3628,17.2028,18.0736,17.199099999999998,23.451,33.2947,17.3421,1.099,31.544900000000002,23.028299999999998,20.8711,16.861099999999997,18.3041,19.0906,16.3596,27.9507,28.3676,15.7461,21.5626,33.5345,20.167099999999998,18.7338,22.343799999999998,27.8353,16.2767,16.840700000000002,0.0,18.4146
29,6.9542,8.693700000000002,10.806799999999999,2.9314,4.3893,2.8251999999999997,26.363799999999998,18.8195,2.6209000000000002,17.9049,18.336299999999998,25.9411,7.6498,2.1398,4.619800000000001,1.5680999999999998,4.0977,11.4956,11.9125,5.7241,8.341299999999999,19.0593,7.7943,1.922,25.2566,11.3802,3.4119,5.3078,18.3115,0.0
