set K:= 1	2	3	4	5;
set C_H:= 1	2	3	4	5;
set C_S:= 6	7	8	9	10;
set C_F:= 11	12	13	14	15;
set M:= 16	17	18	19	20	21;
set M_B:= 22	23	24	25	26	27;
set L_B:= 28	29;
set A1:=
(0,*) 1 2 3 4 5 11 12 13 14 15 16 17 18 19 20 21 22 23 24 25 26 27 28 29
(1,*) 0 2 3 4 5 11 12 13 14 15 16 17 18 19 20 21 22 23 24 25 26 27 28 29
(2,*) 0 1 3 4 5 11 12 13 14 15 16 17 18 19 20 21 22 23 24 25 26 27 28 29
(3,*) 0 1 2 4 5 11 12 13 14 15 16 17 18 19 20 21 22 23 24 25 26 27 28 29
(4,*) 0 1 2 3 5 11 12 13 14 15 16 17 18 19 20 21 22 23 24 25 26 27 28 29
(5,*) 0 1 2 3 4 11 12 13 14 15 16 17 18 19 20 21 22 23 24 25 26 27 28 29
(11,*) 0 1 2 3 4 5 12 13 14 15 16 17 18 19 20 21 22 23 24 25 26 27 28 29
(12,*) 0 1 2 3 4 5 11 13 14 15 16 17 18 19 20 21 22 23 24 25 26 27 28 29
(13,*) 0 1 2 3 4 5 11 12 14 15 16 17 18 19 20 21 22 23 24 25 26 27 28 29
(14,*) 0 1 2 3 4 5 11 12 13 15 16 17 18 19 20 21 22 23 24 25 26 27 28 29
(15,*) 0 1 2 3 4 5 11 12 13 14 16 17 18 19 20 21 22 23 24 25 26 27 28 29
(16,*) 0 1 2 3 4 5 11 12 13 14 15 17 18 19 20 21 22 23 24 25 26 27 28 29
(17,*) 0 1 2 3 4 5 11 12 13 14 15 16 18 19 20 21 22 23 24 25 26 27 28 29
(18,*) 0 1 2 3 4 5 11 12 13 14 15 16 17 19 20 21 22 23 24 25 26 27 28 29
(19,*) 0 1 2 3 4 5 11 12 13 14 15 16 17 18 20 21 22 23 24 25 26 27 28 29
(20,*) 0 1 2 3 4 5 11 12 13 14 15 16 17 18 19 21 22 23 24 25 26 27 28 29
(21,*) 0 1 2 3 4 5 11 12 13 14 15 16 17 18 19 20 22 23 24 25 26 27 28 29
(22,*) 0 1 2 3 4 5 11 12 13 14 15 16 17 18 19 20 21 23 24 25 26 27 28 29
(23,*) 0 1 2 3 4 5 11 12 13 14 15 16 17 18 19 20 21 22 24 25 26 27 28 29
(24,*) 0 1 2 3 4 5 11 12 13 14 15 16 17 18 19 20 21 22 23 25 26 27 28 29
(25,*) 0 1 2 3 4 5 11 12 13 14 15 16 17 18 19 20 21 22 23 24 26 27 28 29
(26,*) 0 1 2 3 4 5 11 12 13 14 15 16 17 18 19 20 21 22 23 24 25 27 28 29
(27,*) 0 1 2 3 4 5 11 12 13 14 15 16 17 18 19 20 21 22 23 24 25 26 28 29
(28,*) 0 1 2 3 4 5 11 12 13 14 15 16 17 18 19 20 21 22 23 24 25 26 27 29
(29,*) 0 1 2 3 4 5 11 12 13 14 15 16 17 18 19 20 21 22 23 24 25 26 27 28
;
set A2:=
(16,*) 17
(17,*) 16
(18,*) 19
(19,*) 18
(20,*) 21
(21,*) 20
;
param BigM:=99999;
param n:= 5;
param d:=
1	10
2	19
3	30
4	17
5	16
6	28
7	29
8	21
9	17
10	20
11	18
12	16
13	4
14	10
15	17
;
param Q:=100;
param w:=
[16,*] 17 0.1
[17,*] 16 0.1
[18,*] 19 0.1
[19,*] 18 0.1
[20,*] 21 0.1
[21,*] 20 0.1
;
param V:=
[16,*] 17 119
[17,*] 16 119
[18,*] 19 165
[19,*] 18 165
[20,*] 21 150
[21,*] 20 150
;
param e:
	16	17	18	19	20	21	22	23	24	25	26	27	28	29:=
6		0		0		0		0		0		0		0		0		0		0		0		0		1		0	
7		0		1		0		0		0		1		0		1		0		0		0		1		0		0	
8		0		0		0		1		0		0		0		0		0		1		0		0		0		0	
9		0		1		0		0		0		0		0		1		0		0		0		0		0		0	
10		1		0		0		0		0		0		1		0		0		0		0		0		0		0	
11		0		1		0		0		0		0		0		1		0		0		0		0		0		0	
12		0		0		0		0		0		0		0		0		0		0		0		0		0		1	
13		0		0		1		0		0		0		0		0		1		0		0		0		0		1	
14		1		0		0		0		0		0		1		0		0		0		0		0		0		0	
15		0		0		0		0		1		0		0		0		0		0		1		0		0		0	
;
param p:=
1	3
2	3
3	3
4	3
5	3
;
param G:=
16	51
17	68
18	96
19	69
20	51
21	99
22	51
23	68
24	96
25	69
26	51
27	99
28	93
29	54
;
param s:=
0	0
1	10
2	10
3	10
4	10
5	10
11	10
12	10
13	10
14	10
15	10
16	10
17	10
18	10
19	10
20	10
21	10
22	10
23	10
24	10
25	10
26	10
27	10
28	10
29	10
;
param t:
	0	1	2	3	4	5	6	7	8	9	10	11	12	13	14	15	16	17	18	19	20	21	22	23	24	25	26	27	28	29:=
0	0.0	5.245100000000001	4.4497	4.0235	2.6035999999999997	3.6936	3.107	9.241100000000001	20.9318	14.4064	14.0035	10.9387	8.4615	6.717899999999999	13.6022	11.6842	15.6462	12.9348	8.5804	18.784200000000002	13.6341	7.3102	15.6462	12.9348	8.5804	18.784200000000002	13.6341	7.3102	2.7019	6.8082
1	6.374	0.0	5.1498	4.934	5.336600000000001	9.2633	2.7493000000000003	7.9723999999999995	25.8182	12.5893	16.4086	9.4069	5.0392	2.0337	15.321399999999999	7.8788	17.4533	11.5008	4.886699999999999	23.6706	9.828700000000001	5.8771	17.4533	11.5008	4.886699999999999	23.6706	9.828700000000001	5.8771	4.6188	3.3655999999999997
2	4.5076	5.6022	0.0	0.3861	6.893800000000001	5.0394	6.1781999999999995	13.1905	24.020400000000002	16.476599999999998	12.2971	14.625	6.7005	7.075	10.8075	9.2561	13.3418	19.0254	9.9281	21.872799999999998	11.206	13.4007	13.3418	19.0254	9.9281	21.872799999999998	11.206	13.4007	6.8063	5.7328
3	4.0931999999999995	4.6113	0.3861	0.0	6.4794	4.625100000000001	5.7638	12.7761	23.9578	16.0623	12.5272	14.210600000000001	6.423100000000001	6.0841	10.9097	9.2627	13.5719	16.1956	8.937100000000001	21.810200000000002	11.2126	10.678799999999999	13.5719	16.1956	8.937100000000001	21.810200000000002	11.2126	10.678799999999999	6.3919	5.4554
4	2.4001	5.1083	7.006600000000001	6.5804	0.0	4.976	2.8613000000000004	9.0446	20.5721	13.1867	16.5604	11.5314	9.7561	6.5811	16.1591	13.514	18.2031	11.7886	8.3423	18.424599999999998	15.463899999999999	5.887	18.2031	11.7886	8.3423	18.424599999999998	15.463899999999999	5.887	1.1414000000000002	8.1028
5	3.7497	7.751600000000001	6.223199999999999	5.797	5.0516000000000005	0.0	5.6135	13.723799999999999	19.5945	17.8658	14.181	16.2105	10.968	9.2244	13.8241	14.190700000000001	15.813600000000001	16.4677	11.0869	17.446900000000003	16.1406	10.356200000000001	15.813600000000001	16.4677	11.0869	17.446900000000003	16.1406	10.356200000000001	6.0484	9.3147
6	3.2218	2.8623000000000003	4.9797	5.3227	3.2876	6.3339	0.0	7.5149	23.6579	10.8011	15.302700000000002	8.949399999999999	6.5661000000000005	4.335100000000001	14.901399999999999	10.7691	16.945400000000003	11.576	6.1693	21.5103	12.719	5.4177	16.945400000000003	11.576	6.1693	21.5103	12.719	5.4177	2.328	4.9128
7	8.9203	7.635800000000001	12.337200000000001	12.1113	7.437600000000001	11.5571	7.4065	0.0	27.031599999999997	4.451	22.092	2.5993000000000004	10.672799999999999	6.3137	22.4136	13.5124	23.136599999999998	3.3446	4.1878	24.884	15.462299999999999	1.7023	23.136599999999998	3.3446	4.1878	24.884	15.462299999999999	1.7023	6.7198	9.002
8	21.184	25.7569	25.128400000000003	25.2089	20.7997	19.046599999999998	23.2621	27.1391	0.0	31.2811	28.5725	29.625799999999998	30.404700000000002	27.2298	27.8647	34.3918	29.8543	29.883	28.9909	2.5959	36.341699999999996	28.8414	29.8543	29.883	28.9909	2.5959	36.341699999999996	28.8414	21.686799999999998	28.7515
9	15.277299999999999	11.608	16.597099999999998	16.1708	14.2672	17.914099999999998	11.2638	4.4185	31.026799999999998	0.0	30.7881	1.8997	14.645	10.2859	31.1097	19.1512	31.8327	2.3594	7.540100000000001	28.8793	17.4275	6.0362	31.8327	2.3594	7.540100000000001	28.8793	17.4275	6.0362	11.053700000000001	12.974200000000002
10	14.2507	15.289100000000001	10.6154	11.3064	17.0396	13.8856	15.921299999999999	23.451700000000002	28.5605	29.356099999999998	0.0	31.1219	15.5665	21.6683	1.4957	14.117799999999999	2.2186	31.4103	24.5213	26.4129	16.0324	21.520799999999998	2.2186	31.4103	24.5213	26.4129	16.0324	21.520799999999998	16.549400000000002	16.302799999999998
11	11.402299999999999	9.986600000000001	14.975700000000002	14.5495	12.8649	14.039100000000001	9.6425	2.7971999999999997	29.6245	1.7435	30.1955	0.0	13.0236	8.6646	30.5171	18.5586	31.240099999999998	1.4833	5.918699999999999	27.477	16.8349	4.414899999999999	31.240099999999998	1.4833	5.918699999999999	27.477	16.8349	4.414899999999999	9.4324	11.3529
12	8.9673	5.7946	6.896100000000001	6.6803	9.7736	10.9805	6.261699999999999	11.342799999999999	30.255200000000002	15.791799999999999	14.422600000000001	12.777299999999999	0.0	5.404100000000001	14.744200000000001	3.0524	15.4672	14.8712	8.257100000000001	28.1077	4.0219000000000005	9.2475	15.4672	14.8712	8.257100000000001	28.1077	4.0219000000000005	9.2475	9.0558	2.1694
13	6.759600000000001	2.2938	6.9952	6.7794	7.182	10.712399999999999	3.9164	6.791300000000001	27.6636	10.0775	16.7499	8.2258	5.3308	0.0	17.0716	8.170399999999999	17.7946	10.319700000000001	3.7056	25.516	10.120299999999999	4.696	17.7946	10.319700000000001	3.7056	25.516	10.120299999999999	4.696	6.4642	3.66
14	13.8291	14.8676	10.8044	10.8849	16.618	13.475	15.499799999999999	29.1432	27.796599999999998	29.573700000000002	1.4955	24.7278	15.7841	21.885900000000003	0.0	14.3354	2.4363	31.6279	24.7389	25.649099999999997	16.25	21.0993	2.4363	31.6279	24.7389	25.649099999999997	16.25	21.0993	16.1279	16.5205
15	11.651200000000001	8.4785	9.58	9.3642	13.4348	13.664399999999999	10.352	14.0267	33.0969	17.6346	13.018	15.461200000000002	3.0637	8.088	13.3397	0.0	14.062700000000001	17.5551	10.9411	30.9494	2.5441	11.9314	14.062700000000001	17.5551	10.9411	30.9494	2.5441	11.9314	12.717	4.6615
16	15.7968	16.8352	14.2896	14.5172	18.5857	15.3704	17.4675	28.4253	29.692	30.1743	2.0961	31.940099999999997	16.384700000000002	22.4866	2.3817	14.936	0.0	32.2285	25.339599999999997	27.5445	16.8507	23.0669	0.0	32.2285	25.339599999999997	27.5445	16.8507	23.0669	18.095599999999997	17.1211
17	13.2953	11.852	16.912599999999998	16.4863	12.3992	16.122700000000002	9.840200000000001	2.5064	29.1588	2.1313	30.299599999999998	0.476	14.889	10.5299	30.6212	17.7286	31.3442	0.0	6.1164	27.011200000000002	16.939	4.208699999999999	31.3442	0.0	6.1164	27.011200000000002	16.939	4.208699999999999	9.2261	13.2183
18	7.6804	4.0679	8.7693	8.5535	6.9029	10.3171	4.5486	4.5776	27.3845	7.8638	18.524099999999997	6.0121	7.1049	2.7458	18.8457	9.9445	19.5687	7.2398	0.0	25.237	11.8944	2.8571	19.5687	7.2398	0.0	25.237	11.8944	2.8571	6.1851	5.4342
19	18.7453	23.3183	22.689799999999998	22.7703	18.361099999999997	16.608	20.8235	24.7005	2.9511999999999996	28.8425	26.1339	27.1872	27.966099999999997	24.7912	25.426099999999998	31.953200000000002	27.4157	27.4444	26.5523	0.0	33.9031	26.4027	27.4157	27.4444	26.5523	0.0	33.9031	26.4027	19.2482	26.312900000000003
20	13.741100000000001	10.5684	11.6699	11.4541	15.524700000000001	15.754299999999999	9.7245	16.116600000000002	35.186800000000005	15.332600000000001	15.107899999999999	17.0984	4.0345	10.1779	15.4295	2.6274	16.1525	17.3868	13.030899999999999	33.039300000000004	0.0	14.0213	16.1525	17.3868	13.030899999999999	33.039300000000004	0.0	14.0213	14.806899999999999	5.6322
21	7.218	5.9335	10.6349	10.4091	5.7353000000000005	9.8548	5.7043	2.3239	26.0656	6.2863	20.3897	4.4346000000000005	8.9705	4.6114	20.711299999999998	11.8101	21.4343	5.6621999999999995	2.7808	23.9181	13.76	0.0	21.4343	5.6621999999999995	2.7808	23.9181	13.76	0.0	5.0175	7.2998
22	15.7968	16.8352	14.2896	14.5172	18.5857	15.3704	17.4675	28.4253	29.692	30.1743	2.0961	31.940099999999997	16.384700000000002	22.4866	2.3817	14.936	0.0	32.2285	25.339599999999997	27.5445	16.8507	23.0669	0.0	32.2285	25.339599999999997	27.5445	16.8507	23.0669	18.095599999999997	17.1211
23	13.2953	11.852	16.912599999999998	16.4863	12.3992	16.122700000000002	9.840200000000001	2.5064	29.1588	2.1313	30.299599999999998	0.476	14.889	10.5299	30.6212	17.7286	31.3442	0.0	6.1164	27.011200000000002	16.939	4.208699999999999	31.3442	0.0	6.1164	27.011200000000002	16.939	4.208699999999999	9.2261	13.2183
24	7.6804	4.0679	8.7693	8.5535	6.9029	10.3171	4.5486	4.5776	27.3845	7.8638	18.524099999999997	6.0121	7.1049	2.7458	18.8457	9.9445	19.5687	7.2398	0.0	25.237	11.8944	2.8571	19.5687	7.2398	0.0	25.237	11.8944	2.8571	6.1851	5.4342
25	18.7453	23.3183	22.689799999999998	22.7703	18.361099999999997	16.608	20.8235	24.7005	2.9511999999999996	28.8425	26.1339	27.1872	27.966099999999997	24.7912	25.426099999999998	31.953200000000002	27.4157	27.4444	26.5523	0.0	33.9031	26.4027	27.4157	27.4444	26.5523	0.0	33.9031	26.4027	19.2482	26.312900000000003
26	13.741100000000001	10.5684	11.6699	11.4541	15.524700000000001	15.754299999999999	9.7245	16.116600000000002	35.186800000000005	15.332600000000001	15.107899999999999	17.0984	4.0345	10.1779	15.4295	2.6274	16.1525	17.3868	13.030899999999999	33.039300000000004	0.0	14.0213	16.1525	17.3868	13.030899999999999	33.039300000000004	0.0	14.0213	14.806899999999999	5.6322
27	7.218	5.9335	10.6349	10.4091	5.7353000000000005	9.8548	5.7043	2.3239	26.0656	6.2863	20.3897	4.4346000000000005	8.9705	4.6114	20.711299999999998	11.8101	21.4343	5.6621999999999995	2.7808	23.9181	13.76	0.0	21.4343	5.6621999999999995	2.7808	23.9181	13.76	0.0	5.0175	7.2998
28	3.2273	4.644	9.0315	8.815700000000001	1.1251	5.7057	3.4739	8.8962	21.4421	13.038200000000002	20.2903	11.383	9.291799999999999	6.116899999999999	17.8339	13.049700000000001	21.335	11.6401	7.878	19.2946	14.999600000000001	5.4201999999999995	21.335	11.6401	7.878	19.2946	14.999600000000001	5.4201999999999995	0.0	7.6386
29	6.9177	4.026	6.4994	6.283600000000001	8.1295	9.574	4.6176	9.5863	28.611099999999997	13.885299999999999	15.2999	11.0208	1.6532	3.6475999999999997	15.6216	4.1786	16.3446	13.114700000000001	6.5006	26.4635	5.1481	7.491	16.3446	13.114700000000001	6.5006	26.4635	5.1481	7.491	7.4117	0.0
;
