set K:= 1	2;
set C_H:= 1	2;
set C_S:= 3	4	5	6	7;
set C_F:= 8	9	10;
set M:= 11	12	13	14	15	16;
set L_B:= 17	18;
set A1:=
(0,*) 1 2 8 9 10 11 12 13 14 15 16 17 18 19
(1,*) 0 2 8 9 10 11 12 13 14 15 16 17 18 19
(2,*) 0 1 8 9 10 11 12 13 14 15 16 17 18 19
(8,*) 0 1 2 9 10 11 12 13 14 15 16 17 18 19
(9,*) 0 1 2 8 10 11 12 13 14 15 16 17 18 19
(10,*) 0 1 2 8 9 11 12 13 14 15 16 17 18 19
(11,*) 0 1 2 8 9 10 12 13 14 15 16 17 18 19
(12,*) 0 1 2 8 9 10 11 13 14 15 16 17 18 19
(13,*) 0 1 2 8 9 10 11 12 14 15 16 17 18 19
(14,*) 0 1 2 8 9 10 11 12 13 15 16 17 18 19
(15,*) 0 1 2 8 9 10 11 12 13 14 16 17 18 19
(16,*) 0 1 2 8 9 10 11 12 13 14 15 17 18 19
(17,*) 0 1 2 8 9 10 11 12 13 14 15 16 18 19
(18,*) 0 1 2 8 9 10 11 12 13 14 15 16 17 19
(19,*) 0 1 2 8 9 10 11 12 13 14 15 16 17 18
;
set A2:=
(11,*) 12
(12,*) 11
;
param BigM:=99999;
param n:= 2;
param d:=
1	1
2	2
3	5
4	4
5	5
6	4
7	4
8	2
9	1
10	1
;
param Q:=160;
param w:=
[11,*] 12 65
[12,*] 11 65
;
param V:=
[11,*] 12 100
[12,*] 11 100
;
param e:
	11	12	13	14	15	16	17	18:=
3		0		0		1		0		0		0		0		0	
4		0		0		0		0		0		0		1		0	
5		0		1		0		0		0		0		0		0	
6		1		0		0		0		0		0		0		0	
7		0		0		1		0		0		1		0		0	
8		0		0		0		0		1		0		0		0	
9		0		0		0		1		0		0		0		0	
10		0		0		0		0		0		0		0		1	
;
param p:=
1	18
2	18
;
param G:=
11	30
12	70
13	30
14	120
15	30
16	50
17	28
18	44
;
param s:=
0	0
1	10
2	10
8	10
9	10
10	10
11	10
12	10
13	10
14	10
15	10
16	10
17	10
18	10
;
param t:
	0	1	2	3	4	5	6	7	8	9	10	11	12	13	14	15	16	17	18	19:=
0	0.0	4.1116	4.6079	9.375200000000001	8.828100000000001	13.952	15.439200000000001	6.4284	13.9171	20.7619	3.4918	15.679200000000002	12.9342	8.5804	18.927	13.6347	7.3099	9.1361	4.0204	0.0
1	4.3967	0.0	4.4588	9.9453	13.6865	18.9955	11.9171	9.5684	11.709200000000001	22.987299999999998	8.7728	12.157200000000001	17.977700000000002	9.8059	21.1525	11.4268	12.353399999999999	14.4171	9.284600000000001	4.3967
2	4.1608	3.8454	0.0	6.2223999999999995	11.5298	12.1554	15.7503	5.8262	9.959200000000001	24.6935	8.1799	15.9904	12.697	6.0828999999999995	22.8586	9.6767	7.073600000000001	11.4954	7.036	4.1608
3	9.0822	9.7667	6.3678	0.0	16.373	9.4958	20.603900000000003	3.4018	13.447299999999998	29.2194	10.1951	20.844	9.3264	3.4541	27.3845	13.1649	4.944	16.3386	7.534	9.0822
4	9.1997	12.5585	11.8729	16.5367	0.0	18.7404	27.382099999999998	13.589799999999999	23.1466	14.1678	6.9327	27.6221	17.797099999999997	15.7419	12.333	22.864099999999997	13.4257	1.6733	9.4003	9.1997
5	12.4498	15.8043	12.212	9.5313	18.4686	0.0	31.137900000000002	6.4461	16.602400000000003	30.2686	13.7659	31.3779	1.9045999999999998	7.0854	28.4337	16.9728	5.5587	19.405900000000003	9.868799999999998	12.4498
6	15.7953	12.1022	17.108700000000002	21.6964	24.3699	30.2725	0.0	21.3003	17.1202	29.375	19.4562	0.2889	32.214	21.557	27.5401	16.837799999999998	22.5477	25.1005	22.6889	15.7953
7	6.0037	9.3582	5.980300000000001	3.3185	13.3514	6.5672	20.1872	0.0	13.0306	26.1977	7.1735	20.4272	6.3979	2.3901	24.3629	12.7482	2.0155	13.317	4.608	6.0037
8	13.6645	12.004299999999999	10.1454	13.3624	20.7314	15.0695	16.1019	12.9662	0.0	35.0734	14.5535	16.3419	17.011	13.2229	33.2385	0.49510000000000004	14.2136	20.697	13.409600000000001	13.6645
9	20.8705	24.1442	24.59	29.253700000000002	14.1893	30.514	29.2856	26.306900000000002	35.7496	0.0	19.6498	29.5257	29.5708	28.4589	2.2856	35.4672	26.1427	15.6767	22.1174	20.8705
10	3.5816999999999997	7.6313	6.8218000000000005	10.0528	6.665100000000001	11.7998	22.4539	7.105899999999999	16.6627	19.5925	0.0	22.693900000000003	10.8565	9.258	17.7577	16.3803	6.8039	6.6306	2.7229	3.5816999999999997
11	15.8095	12.1165	17.1229	21.7107	24.3841	30.2867	0.4667	21.3145	17.134400000000003	29.389200000000002	19.4704	0.0	32.2282	21.5712	27.5544	16.852	22.5619	25.1147	22.7031	15.8095
12	11.476600000000001	14.831100000000001	11.2388	8.5581	17.0553	1.6724	31.0998	5.472899999999999	16.564400000000003	28.8553	12.3526	31.3399	0.0	6.1122	27.020400000000002	16.9348	4.5855	17.9926	8.8956	11.476600000000001
13	6.9394	8.5255	5.126600000000001	2.4459	14.2302	7.4091000000000005	19.3335	1.259	12.1769	27.0766	8.0523	19.5736	7.2398	0.0	25.2417	11.8945	2.8574	14.195799999999998	5.3911999999999995	6.9394
14	18.7422	22.015900000000002	22.4617	27.125400000000003	12.061	28.3857	27.1573	24.1786	33.621300000000005	2.6385	17.5215	27.3974	27.4425	26.330599999999997	0.0	33.3389	24.014400000000002	13.548399999999999	19.989099999999997	18.7422
15	13.472299999999999	11.812	9.9532	13.170200000000001	20.5392	15.449399999999999	15.9097	12.774	0.4228	34.8812	14.3613	16.1497	17.390900000000002	13.030700000000001	33.0463	0.0	14.0214	20.5048	13.2173	13.472299999999999
16	7.2184	10.4976	6.9926	5.2241	12.8245	5.833	21.1995	2.1389	14.0429	25.752	6.8916	21.4396	5.321899999999999	2.7782	23.9172	13.7605	0.0	12.7901	4.3101	7.2184
17	8.9819	13.031600000000001	11.655100000000001	16.3189	1.6709	18.0611	27.9651	13.372	22.9288	15.6528	6.714899999999999	28.205099999999998	17.117900000000002	15.5241	13.818	22.6463	13.2079	0.0	9.1825	8.9819
18	5.1001	10.4632	6.7361	8.3028	8.7478	13.040799999999999	22.3681	5.355899999999999	16.577	21.6753	2.5699	22.6082	12.0976	7.508	19.840400000000002	16.2946	4.7318999999999996	8.7134	0.0	5.1001
;
