vehicles
vehicle_idx, capacity, cost_per_unit_distance
1,100,1
2,100,1
3,100,1
4,100,1
5,100,1
depot
node_idx,x,y
0,25.049446486001663,121.51552910838933
home delivery customers
node_idx,x,y,service_time,demand
1,25.08498575,121.50934219999999,10,14
2,25.021655650000003,121.55590995,10,17
3,25.033261633175588,121.52661651230963,10,25
self pickup customers
node_idx,x,y,service_time,demand,locker_idxs
4,25.054045999999996,121.5991729,10,7,11-15
5,25.042624112685967,121.56816173102051,10,15,12-15
6,25.155884136143086,121.46027525198588,10,6,13
flexible customers
node_idx,x,y,service_time,demand,locker_idxs
7,24.964101649985235,121.432155089179,10,21,10
8,25.04850006595026,121.56323627192936,10,19,15-12
9,24.974465587626927,121.54401342954144,10,4,14
lockers
node_idx,x,y,service_time,capacity,cost_per_unit_good
10,24.9595637,121.4197544,10,96
11,25.0553158,121.617896,10,91
12,25.0328676,121.5697576,10,75
13,25.1678849,121.4456164,10,75
14,24.9579858,121.5375799,10,70
15,25.0500706,121.5774743,10,61
16,25.0889935,121.5183171,10,57
17,25.0512835,121.5270354,10,52
mrt lines
start_node_idx,end_node_idx,freight_capacity,cost_per_unit_good
10,11,187,0.5
11,10,187,0.5
12,13,150,0.5
13,12,150,0.5
14,15,131,0.5
15,14,131,0.5
distance matrix
,0,1,2,3,4,5,6,7,8,9,10,11,12,13,14,15,16,17,
0,0.0,4.6328000000000005,6.7898000000000005,3.29,9.8322,6.6117,16.6427,14.2537,5.6656,10.3595,15.679200000000002,12.9348,8.5804,18.918400000000002,13.640600000000001,7.3102,5.3936,1.7332
1,4.7817,0.0,10.8675,7.2942,11.4065,10.530899999999999,12.4772,21.845,8.9052,15.8628,23.2705,13.448799999999999,12.556700000000001,14.753,19.679,12.407200000000001,1.5595,5.2041
2,6.8049,11.4099,0.0,4.756600000000001,7.249899999999999,3.3482,23.2862,16.419400000000003,3.8635,7.6413,17.8448,10.365,3.751,25.5619,10.165700000000001,4.7413,12.1707,7.1083
3,3.544,9.4299,3.9581999999999997,0.0,9.0269,5.125100000000001,19.447200000000002,15.145299999999999,5.4604,7.995100000000001,16.570700000000002,12.1419,5.5555,21.723,11.2761,6.5182,7.5198,3.0
4,9.5379,11.0019,7.0032,9.155100000000001,0.0,4.2685,22.8781,22.333599999999997,3.8843,13.5556,23.759,2.7906999999999997,4.570600000000001,25.1539,16.08,2.3198000000000003,11.7627,7.936100000000001
5,6.7438,10.224,3.6931,5.2455,4.1935,0.0,22.1002,19.0235,1.4693,10.2455,20.448900000000002,8.0385,2.8270999999999997,24.376,12.7699,1.6716,10.9848,5.837899999999999
6,16.7739,12.407200000000001,22.6732,19.142599999999998,23.4317,22.336599999999997,0.0,24.0195,20.8176,30.1851,25.4449,25.4741,24.3624,2.4762,31.3868,24.4324,11.7581,17.3413
7,16.7331,21.5637,17.178900000000002,15.9599,23.4589,19.5572,31.0167,0.0,20.0725,16.4292,12.5161,30.616799999999998,19.96,33.2924,15.2405,20.9503,22.512400000000003,18.1956
8,6.0616,9.17,3.9985999999999997,5.4677,4.0499,1.185,21.0463,19.329,0.0,10.5509,20.7544,7.419,3.6557,23.3221,13.075299999999999,1.528,9.9309,4.8663
9,10.3811,15.773299999999999,7.6783,8.0574,13.9584,10.0566,30.0378,15.1275,10.5719,0.0,16.5529,15.9322,9.0756,32.3135,2.0498000000000003,11.4498,16.5341,10.5176
10,15.8095,20.000700000000002,18.7904,16.2805,25.070400000000003,21.1687,25.2677,1.6115,21.405900000000003,18.0407,0.0,32.2282,21.5714,27.5435,16.852,22.561799999999998,20.9494,17.1129
11,11.6,12.8598,8.9342,10.700899999999999,2.1783,5.8143,24.736099999999997,29.9187,5.7731,15.659799999999999,31.344099999999997,0.0,6.1164,27.0118,16.939,4.208699999999999,13.6206,9.825
12,7.679600000000001,11.0855,2.8178,5.398899999999999,4.9909,1.2957,22.9618,18.1482,3.4229000000000003,9.3701,19.5736,7.2398,0.0,25.237599999999997,11.8945,2.8571,11.8464,6.7519
13,18.743299999999998,14.3766,24.642599999999998,21.112099999999998,25.4012,24.306099999999997,2.1955999999999998,25.989,22.7871,32.1546,27.4144,27.4436,26.331799999999998,0.0,33.356300000000005,26.4019,13.7275,19.3108
14,13.742299999999998,19.7062,10.2499,11.4185,16.5299,12.628200000000001,30.7608,14.7243,13.1435,2.0566999999999998,16.1497,17.390900000000002,13.030899999999999,33.0366,0.0,14.0213,20.467,13.8787
15,7.218,9.92,4.6834,6.565,2.9149000000000003,1.4609,21.6429,20.0138,1.5644,11.235700000000001,21.4392,5.6621999999999995,2.7808,23.9187,13.7601,0.0,10.6809,5.6163
16,5.1719,1.6502999999999999,10.7017,7.1711,12.5834,10.3651,11.754,23.022,8.8461,15.6969,24.447400000000002,14.6258,12.3909,14.0298,19.513099999999998,10.0315,0.0,5.369800000000001
17,1.5923,5.8298000000000005,5.9757,2.4528000000000003,8.585,5.3645,17.931099999999997,15.6691,4.418399999999999,10.971,17.0945,11.687700000000001,7.56,20.2069,14.7872,6.0631,6.0037,0.0
