set K:= 1	2;
set C_H:= 1	2	3	4	5	6	7	8	9	10;
set C_S:= 11	12	13	14	15	16	17	18	19	20	21	22	23	24	25	26	27	28	29	30	31	32	33	34	35	36	37	38	39	40;
set C_F:= 41	42	43	44	45	46	47	48	49	50;
set M:= 51	52	53	54	55	56;
set L_B:= 57	58	59	60	61	62;
set A1:=
(0,*) 1 2 3 4 5 6 7 8 9 10 41 42 43 44 45 46 47 48 49 50 51 52 53 54 55 56 57 58 59 60 61 62 63
(1,*) 0 2 3 4 5 6 7 8 9 10 41 42 43 44 45 46 47 48 49 50 51 52 53 54 55 56 57 58 59 60 61 62 63
(2,*) 0 1 3 4 5 6 7 8 9 10 41 42 43 44 45 46 47 48 49 50 51 52 53 54 55 56 57 58 59 60 61 62 63
(3,*) 0 1 2 4 5 6 7 8 9 10 41 42 43 44 45 46 47 48 49 50 51 52 53 54 55 56 57 58 59 60 61 62 63
(4,*) 0 1 2 3 5 6 7 8 9 10 41 42 43 44 45 46 47 48 49 50 51 52 53 54 55 56 57 58 59 60 61 62 63
(5,*) 0 1 2 3 4 6 7 8 9 10 41 42 43 44 45 46 47 48 49 50 51 52 53 54 55 56 57 58 59 60 61 62 63
(6,*) 0 1 2 3 4 5 7 8 9 10 41 42 43 44 45 46 47 48 49 50 51 52 53 54 55 56 57 58 59 60 61 62 63
(7,*) 0 1 2 3 4 5 6 8 9 10 41 42 43 44 45 46 47 48 49 50 51 52 53 54 55 56 57 58 59 60 61 62 63
(8,*) 0 1 2 3 4 5 6 7 9 10 41 42 43 44 45 46 47 48 49 50 51 52 53 54 55 56 57 58 59 60 61 62 63
(9,*) 0 1 2 3 4 5 6 7 8 10 41 42 43 44 45 46 47 48 49 50 51 52 53 54 55 56 57 58 59 60 61 62 63
(10,*) 0 1 2 3 4 5 6 7 8 9 41 42 43 44 45 46 47 48 49 50 51 52 53 54 55 56 57 58 59 60 61 62 63
(41,*) 0 1 2 3 4 5 6 7 8 9 10 42 43 44 45 46 47 48 49 50 51 52 53 54 55 56 57 58 59 60 61 62 63
(42,*) 0 1 2 3 4 5 6 7 8 9 10 41 43 44 45 46 47 48 49 50 51 52 53 54 55 56 57 58 59 60 61 62 63
(43,*) 0 1 2 3 4 5 6 7 8 9 10 41 42 44 45 46 47 48 49 50 51 52 53 54 55 56 57 58 59 60 61 62 63
(44,*) 0 1 2 3 4 5 6 7 8 9 10 41 42 43 45 46 47 48 49 50 51 52 53 54 55 56 57 58 59 60 61 62 63
(45,*) 0 1 2 3 4 5 6 7 8 9 10 41 42 43 44 46 47 48 49 50 51 52 53 54 55 56 57 58 59 60 61 62 63
(46,*) 0 1 2 3 4 5 6 7 8 9 10 41 42 43 44 45 47 48 49 50 51 52 53 54 55 56 57 58 59 60 61 62 63
(47,*) 0 1 2 3 4 5 6 7 8 9 10 41 42 43 44 45 46 48 49 50 51 52 53 54 55 56 57 58 59 60 61 62 63
(48,*) 0 1 2 3 4 5 6 7 8 9 10 41 42 43 44 45 46 47 49 50 51 52 53 54 55 56 57 58 59 60 61 62 63
(49,*) 0 1 2 3 4 5 6 7 8 9 10 41 42 43 44 45 46 47 48 50 51 52 53 54 55 56 57 58 59 60 61 62 63
(50,*) 0 1 2 3 4 5 6 7 8 9 10 41 42 43 44 45 46 47 48 49 51 52 53 54 55 56 57 58 59 60 61 62 63
(51,*) 0 1 2 3 4 5 6 7 8 9 10 41 42 43 44 45 46 47 48 49 50 52 53 54 55 56 57 58 59 60 61 62 63
(52,*) 0 1 2 3 4 5 6 7 8 9 10 41 42 43 44 45 46 47 48 49 50 51 53 54 55 56 57 58 59 60 61 62 63
(53,*) 0 1 2 3 4 5 6 7 8 9 10 41 42 43 44 45 46 47 48 49 50 51 52 54 55 56 57 58 59 60 61 62 63
(54,*) 0 1 2 3 4 5 6 7 8 9 10 41 42 43 44 45 46 47 48 49 50 51 52 53 55 56 57 58 59 60 61 62 63
(55,*) 0 1 2 3 4 5 6 7 8 9 10 41 42 43 44 45 46 47 48 49 50 51 52 53 54 56 57 58 59 60 61 62 63
(56,*) 0 1 2 3 4 5 6 7 8 9 10 41 42 43 44 45 46 47 48 49 50 51 52 53 54 55 57 58 59 60 61 62 63
(57,*) 0 1 2 3 4 5 6 7 8 9 10 41 42 43 44 45 46 47 48 49 50 51 52 53 54 55 56 58 59 60 61 62 63
(58,*) 0 1 2 3 4 5 6 7 8 9 10 41 42 43 44 45 46 47 48 49 50 51 52 53 54 55 56 57 59 60 61 62 63
(59,*) 0 1 2 3 4 5 6 7 8 9 10 41 42 43 44 45 46 47 48 49 50 51 52 53 54 55 56 57 58 60 61 62 63
(60,*) 0 1 2 3 4 5 6 7 8 9 10 41 42 43 44 45 46 47 48 49 50 51 52 53 54 55 56 57 58 59 61 62 63
(61,*) 0 1 2 3 4 5 6 7 8 9 10 41 42 43 44 45 46 47 48 49 50 51 52 53 54 55 56 57 58 59 60 62 63
(62,*) 0 1 2 3 4 5 6 7 8 9 10 41 42 43 44 45 46 47 48 49 50 51 52 53 54 55 56 57 58 59 60 61 63
(63,*) 0 1 2 3 4 5 6 7 8 9 10 41 42 43 44 45 46 47 48 49 50 51 52 53 54 55 56 57 58 59 60 61 62
;
set A2:=
(51,*) 52
(52,*) 51
(53,*) 54
(54,*) 53
;
param BigM:=99999;
param n:= 2;
param d:=
1	1
2	2
3	5
4	2
5	3
6	2
7	3
8	1
9	3
10	2
11	3
12	5
13	2
14	3
15	2
16	4
17	2
18	4
19	3
20	3
21	2
22	5
23	3
24	4
25	4
26	1
27	4
28	4
29	4
30	1
31	3
32	3
33	3
34	3
35	4
36	3
37	5
38	2
39	3
40	2
41	5
42	1
43	1
44	4
45	5
46	3
47	1
48	5
49	3
50	3
;
param Q:=160;
param w:=
[51,*] 52 65
[52,*] 51 65
[53,*] 54 65
[54,*] 53 65
;
param V:=
[51,*] 52 100
[52,*] 51 100
[53,*] 54 80
[54,*] 53 80
;
param e:
	51	52	53	54	55	56	57	58	59	60	61	62:=
11		0		0		1		0		0		0		0		0		0		0		0		0	
12		0		0		0		0		0		0		0		0		0		0		0		1	
13		0		0		0		0		0		0		1		0		0		0		1		0	
14		0		0		0		0		0		0		0		1		0		1		0		0	
15		0		0		0		0		1		0		0		0		0		0		0		0	
16		0		0		0		0		0		0		1		0		0		0		1		0	
17		0		0		1		0		0		0		0		0		0		0		0		0	
18		0		0		0		0		0		0		0		0		0		0		0		1	
19		0		0		0		0		0		0		1		0		0		0		1		0	
20		0		0		1		0		0		1		0		0		0		0		0		0	
21		0		0		0		0		0		0		0		0		1		0		0		0	
22		1		0		0		0		0		0		0		0		0		0		0		0	
23		0		0		0		1		0		0		0		0		0		0		0		0	
24		0		0		0		0		1		0		0		0		0		0		0		0	
25		0		1		0		0		0		0		0		0		0		0		0		0	
26		0		0		0		0		0		0		1		0		0		0		1		0	
27		0		0		0		1		0		0		0		0		0		0		0		0	
28		0		0		0		0		0		1		0		0		1		0		0		0	
29		0		0		0		0		0		0		0		1		0		1		0		0	
30		0		0		0		1		0		0		0		0		0		0		0		0	
31		0		1		0		0		0		0		0		0		0		0		0		0	
32		0		0		0		0		0		0		1		0		0		0		1		0	
33		0		0		0		0		0		0		0		1		0		1		0		0	
34		0		0		1		0		0		1		0		0		0		0		0		0	
35		1		0		0		0		0		0		0		0		0		0		0		0	
36		0		0		0		0		1		0		0		0		0		0		0		0	
37		0		0		0		0		0		0		0		1		0		1		0		0	
38		0		0		0		1		0		0		0		0		0		0		0		0	
39		0		0		0		0		0		0		0		0		0		0		0		1	
40		0		0		1		0		0		1		0		0		0		0		0		0	
41		0		1		0		0		0		0		0		0		0		0		0		0	
42		0		0		0		0		0		0		0		1		0		1		0		1	
43		0		0		0		0		0		1		0		0		1		0		0		0	
44		0		0		0		0		0		0		0		1		0		1		0		0	
45		0		1		0		0		0		0		0		0		0		0		0		0	
46		0		0		1		0		0		0		0		0		0		0		0		0	
47		1		0		0		0		0		0		0		0		0		0		0		0	
48		0		0		0		0		0		0		1		0		0		0		1		0	
49		0		0		1		0		0		1		0		0		0		0		0		0	
50		1		0		0		0		0		0		0		0		0		0		0		0	
;
param p:=
1	18
2	18
;
param G:=
51	30
52	70
53	30
54	120
55	30
56	50
57	21
58	23
59	55
60	54
61	49
62	20
;
param s:=
0	0
1	10
2	10
3	10
4	10
5	10
6	10
7	10
8	10
9	10
10	10
41	10
42	10
43	10
44	10
45	10
46	10
47	10
48	10
49	10
50	10
51	10
52	10
53	10
54	10
55	10
56	10
57	10
58	10
59	10
60	10
61	10
62	10
;
param t:
	0	1	2	3	4	5	6	7	8	9	10	11	12	13	14	15	16	17	18	19	20	21	22	23	24	25	26	27	28	29	30	31	32	33	34	35	36	37	38	39	40	41	42	43	44	45	46	47	48	49	50	51	52	53	54	55	56	57	58	59	60	61	62	63:=
0	0.0	4.1226	6.7753000000000005	2.7051999999999996	5.908399999999999	3.7805	5.0032	2.4339	2.5576	3.1229	0.9941	6.9028	14.9541	2.6209000000000002	10.1221	10.7027	3.2516	9.4508	17.296200000000002	0.0933	7.0655	10.7476	14.6174	20.0608	14.049700000000001	13.023	1.4104	20.7619	9.5631	9.1154	19.9892	14.3248	3.3635	9.7516	6.4213000000000005	16.3432	14.4471	6.6761	21.4753	13.864	7.4372	13.7478	11.000399999999999	12.254700000000001	8.473600000000001	14.3799	8.286200000000001	14.8902	3.6174	7.6151	15.4395	15.679200000000002	12.9342	8.5804	18.927	13.6347	7.3099	3.5114	9.4205	9.902700000000001	7.777699999999999	1.7402	15.9907	0.0
1	4.5061	0.0	6.908600000000001	8.088899999999999	2.4958	0.4077	4.2323	7.807600000000001	7.9312	7.674600000000001	3.7121	7.549	20.177400000000002	7.9945	15.0899	9.3189	6.5011	9.9194	22.6866	4.5558000000000005	12.218399999999999	15.9004	11.2047	22.3957	11.9512	18.1758	5.5	23.096700000000002	14.7159	14.505799999999999	22.324099999999998	19.4776	8.7539	14.652299999999999	11.5741	12.9306	12.348600000000001	11.6439	23.810200000000002	19.2544	12.59	18.900599999999997	16.3401	17.2613	13.864	19.532799999999998	8.754700000000001	11.4776	9.0078	8.213799999999999	12.0268	12.2666	18.087	9.7043	21.2618	11.536200000000001	12.4627	8.9018	14.2455	15.0556	13.1681	4.9896	21.3811	4.5061
2	6.977600000000001	6.9157	0.0	9.3604	9.2488	6.573600000000001	3.9151	7.0513	6.909800000000001	10.9856	7.2175	1.5355999999999999	20.0694	7.4945	16.6262	7.2474	4.4368	3.9295	22.4115	7.027399999999999	4.8698999999999995	8.5938	16.5098	26.431099999999997	10.3075	9.3098	6.0825	27.132099999999998	7.4093	14.2307	26.3595	11.9046	8.0946	14.8669	3.8773	18.235599999999998	10.7049	12.309	27.845599999999997	18.9793	5.273899999999999	10.034600000000001	16.1157	8.2752	13.588899999999999	11.552700000000002	2.7649	16.7826	7.5752	2.224	17.331799999999998	17.5716	10.7804	4.166300000000001	25.2973	9.8925	5.157	7.4693000000000005	14.5359	7.7489	12.893	5.3715	21.106	6.977600000000001
3	2.7537	6.9482	9.463899999999999	0.0	8.7999	6.4591	7.0356000000000005	2.2993	2.7382	1.035	3.6726	8.6479	12.0547	2.5728	7.940300000000001	12.735100000000001	4.9968	11.1959	14.4007	2.8034	7.882899999999999	8.5795	17.5344	18.0025	16.0821	13.2857	3.2355	18.7035	10.074399999999999	6.216	17.9309	14.5876	1.1567	6.8522	7.940300000000001	19.2602	16.4795	4.298100000000001	19.417	10.968399999999999	8.9562	14.0105	8.101	10.3851	5.574199999999999	14.642700000000001	10.0313	17.8072	1.6914	9.7298	18.3564	18.5962	13.2715	10.3255	16.868599999999997	15.6671	8.0792	1.7462	6.521100000000001	7.4261	4.8783	3.7491	13.0951	2.7537
4	6.0228	2.4981	8.8061	9.1705	0.0	3.0535	6.727600000000001	9.107	9.012799999999999	8.7561	5.228800000000001	9.4465	21.259	9.3866	15.992700000000001	10.0229	8.0178	11.816799999999999	23.484	6.0726	13.2999	16.982	9.844899999999999	20.8712	12.9788	19.2574	7.0167	21.572200000000002	15.7975	14.999799999999999	20.7995	20.5592	9.2479	15.5551	12.655700000000001	11.5707	13.3762	12.5468	22.285700000000002	20.0517	13.6716	19.982200000000002	17.242900000000002	19.636200000000002	14.358	20.6143	10.6522	10.117700000000001	9.5018	10.1113	10.667	10.9067	19.168599999999998	11.6775	19.737299999999998	12.563799999999999	13.5443	9.3958	15.148299999999999	16.1371	13.662	6.506399999999999	22.1785	6.0228
5	3.8885	0.3421	6.5009	6.2447	2.6083000000000003	0.0	3.8245999999999998	6.0912	6.214899999999999	7.787100000000001	3.0945	7.1413	20.29	6.2782	15.202399999999999	9.185	5.8835	9.5116	20.912200000000002	3.9383000000000004	10.1739	13.803700000000001	12.4936	22.508200000000002	11.802100000000001	14.4604	4.8824	23.2092	12.619200000000001	12.7313	22.4366	15.7623	6.982399999999999	13.3676	9.1833	14.2195	12.1995	11.7564	23.9227	17.4799	10.529	15.1852	14.6164	13.485100000000001	12.0896	15.8174	8.347	12.7665	6.891	7.806100000000001	13.315700000000001	13.555399999999999	15.9903	9.2965	21.3744	11.387	10.461	6.785	13.0365	12.9588	11.393600000000001	4.3721000000000005	19.6067	3.8885
6	4.3036	4.1088000000000005	3.5458000000000003	6.662100000000001	6.4418999999999995	3.7666999999999997	0.0	5.6158	5.7395	7.863899999999999	4.6221000000000005	4.186100000000001	18.1184	5.8028	14.7564	6.997199999999999	3.7085	6.5565	20.4605	4.3533	7.045	10.768799999999999	15.181	24.1352	10.3442	11.4849	4.407	24.8362	9.584299999999999	12.2797	24.063599999999997	14.3597	6.507	12.915899999999999	6.0524	16.9068	10.7416	10.358	25.5497	17.028299999999998	7.449	12.209700000000002	14.1647	14.677100000000001	11.6379	14.0078	5.3918	15.4538	7.5146999999999995	4.850899999999999	16.003	16.2428	12.9555	6.341399999999999	23.0014	9.929200000000002	7.3321000000000005	7.4087	12.5849	9.924	10.942	3.8964000000000003	19.155	4.3036
7	2.3854	6.446	7.8692	2.3438000000000003	8.4246	6.103899999999999	7.4758000000000004	0.0	0.871	3.5164	3.3043	7.496899999999999	13.037799999999999	0.7173999999999999	9.675799999999999	12.829600000000001	3.0772	10.0449	15.38	2.4352	6.0453	8.6275	16.9408	19.480700000000002	16.7118	11.933399999999999	1.765	20.1817	6.355899999999999	7.1991000000000005	19.4091	13.2352	1.0631	7.8353	7.1455	18.6666	17.1092	5.277399999999999	20.8952	11.947700000000001	7.0366	12.6582	9.084100000000001	9.0328	6.557300000000001	13.290299999999998	8.8802	17.2136	0.9785	8.1351	17.7628	18.002599999999997	11.9192	9.1745	18.346799999999998	16.2967	6.2416	0.9235	7.5043	7.4742	5.8614	2.1871	14.074399999999999	2.3854
8	2.6685	6.729100000000001	6.7013	3.2554000000000003	10.939200000000001	6.387	6.3078	0.6704	0.0	5.1206000000000005	3.5874	6.3289	13.9643	0.4223	10.6023	11.661700000000002	2.6258000000000004	8.8769	16.3065	2.7182	5.3543	8.293700000000001	20.380599999999998	20.4073	15.5438	11.7828	1.8033	21.1083	6.1908	8.1257	20.3356	13.084700000000002	1.9895999999999998	8.761899999999999	5.9775	22.1064	15.9412	6.204	21.8218	12.8742	7.3232	12.5076	10.0107	8.882200000000001	7.483899999999999	13.1398	7.7123	20.6535	1.2023	6.9672	21.2027	21.442400000000003	11.768600000000001	8.0065	19.273400000000002	15.1288	5.5506	1.0963	8.4308	7.0241999999999996	6.7879	2.4461	15.001	2.6685
9	3.2396	6.478899999999999	10.3277	0.9833999999999999	8.3305	6.2427	7.4653	3.211	3.6443000000000003	0.0	3.4562	9.365	13.4314	4.1408000000000005	7.506	13.1649	5.7138	11.913	14.8185	2.8895	11.6561	9.122	17.065	17.1998	16.5118	12.539200000000001	3.9362	17.9008	9.3279	6.6338	17.1282	13.8411	2.0839000000000003	7.0684	8.8834	18.7908	16.909299999999998	4.06	18.6143	11.3862	9.899299999999998	13.264	8.756200000000002	9.6386	5.992	13.8962	10.748299999999999	17.337799999999998	2.6187	10.5936	17.8871	18.1268	12.525	11.0425	16.066	16.096799999999998	11.4824	2.6734	6.6616	7.8525	5.2961	4.2023	13.5129	3.2396
10	1.3520999999999999	3.0591	6.8707	3.7081999999999997	4.8449	2.717	5.0986	3.5548	3.6784	3.7676	0.0	6.9982	16.2704	3.7417	11.1829	10.798200000000001	3.3470999999999997	9.5462	18.375700000000002	1.4018	7.6375	11.2672	13.553799999999999	20.0389	13.552	11.924	2.3459	20.739900000000002	10.0827	10.1949	19.967299999999998	13.2258	4.4459	10.831100000000001	6.6468	15.2797	13.949399999999999	7.7368999999999994	21.453400000000002	14.9435	7.9926	12.6488	12.0799	10.9487	9.5531	13.280899999999999	8.3816	13.8267	4.3546000000000005	7.7105	14.3759	14.6157	13.4538	8.675799999999999	18.905	13.137	7.924600000000001	4.248600000000001	10.5001	10.4224	8.8572	1.8356	17.0702	1.3520999999999999
11	6.4765	7.589899999999999	1.5355999999999999	8.937700000000001	9.4668	7.2478	4.9705	6.6286000000000005	6.487100000000001	10.562899999999999	7.4822	0.0	23.501900000000003	7.0718000000000005	16.2035	8.3028	3.9802	2.6954000000000002	21.4418	6.5263	3.5107	7.2345	17.5652	26.0084	11.363	7.4985	5.5309	26.709400000000002	6.05	13.808	25.936799999999998	8.8003	7.6719	14.4442	2.518	19.291	11.760399999999999	11.886299999999999	27.422900000000002	18.0095	3.5671	8.2233	15.693	6.916	13.1662	8.8554	1.5307	17.838099999999997	7.1525	0.9912000000000001	18.3873	18.627	9.421100000000001	2.3859	24.874599999999997	10.947899999999999	3.7977	7.0465	14.113100000000001	6.3896999999999995	12.4702	5.6053999999999995	20.136200000000002	6.4765
12	14.7796	18.9467	20.0165	12.049	20.798299999999998	18.8882	19.623	13.6898	14.0999	13.418299999999999	16.63	19.644099999999998	0.0	13.963299999999998	6.6432	24.9769	15.8818	22.1922	2.9156999999999997	14.8294	21.4813	18.6304	32.8969	17.928	28.859	22.9298	14.631	18.629	19.6095	8.154300000000001	17.8564	24.2316	12.0455	5.953399999999999	22.0678	34.622800000000005	29.256400000000003	8.761700000000001	19.3425	5.8053	21.9716	23.6546	4.3704	19.9131	7.0987	24.2867	21.0275	33.1698	12.5803	20.282400000000003	33.719	33.958800000000004	22.915599999999998	23.7648	16.7942	28.444	21.3077	12.635	6.2373	18.4795	7.3499	15.1402	3.3659	14.7796
13	2.5782	6.6388	6.6678999999999995	2.8971999999999998	8.6174	6.2966999999999995	6.2744	0.5801000000000001	1.1165	3.8737	3.4972	6.2956	13.606200000000001	0.0	10.244200000000001	11.6283	2.5924	8.8436	15.9483	2.628	5.321	8.260299999999999	17.133599999999998	20.0491	15.510399999999999	11.7495	1.713	20.7501	6.1574	7.7675	19.9775	13.0513	1.6314000000000002	8.4037	5.944100000000001	18.8594	15.9078	5.8458000000000006	21.4636	12.5161	7.289899999999999	12.4743	9.6525	8.8489	7.1257	13.106399999999999	7.6789	17.4064	1.112	6.9338	17.9557	18.195400000000003	11.735299999999999	7.973199999999999	18.915200000000002	15.0954	5.5173000000000005	1.0061	8.0727	6.9908	6.4298	2.3559	14.6428	2.5782
14	10.421100000000001	13.963799999999999	16.671200000000002	7.8969	15.8154	13.905299999999999	16.2777	10.3445	10.7545	7.4472	10.6377	16.2988	6.567399999999999	10.618	0.0	21.6316	12.5365	18.846799999999998	9.4411	10.071	15.422600000000001	12.982899999999999	27.914	12.539100000000001	25.5137	19.1025	11.2857	13.2401	15.891200000000001	6.2976	12.4675	20.4043	8.7002	3.6754000000000002	15.48	29.6399	25.911099999999998	4.509399999999999	13.9536	13.572799999999999	16.495900000000002	19.8273	5.3632	16.2019	5.6558	20.4595	17.6822	28.1869	9.235	16.937099999999997	28.736099999999997	28.975900000000003	19.0883	17.9764	11.4052	25.0987	15.660200000000001	9.2897	3.2685999999999997	12.8321	4.122	11.7949	9.891200000000001	10.421100000000001
15	10.4899	9.0716	7.2073	14.3757	9.534799999999999	8.7295	7.054399999999999	12.066600000000001	11.9251	16.000899999999998	10.893600000000001	8.124	25.0847	12.509799999999998	21.6415	0.0	9.2699	10.494399999999999	27.4268	10.5396	10.982899999999999	14.7068	14.3751	33.0212	2.6001999999999996	15.673	10.5933	33.722199999999994	13.5223	19.246	32.9496	14.0167	13.1099	19.8822	9.9903	16.1009	2.6515999999999997	17.3243	34.4357	23.9946	11.386899999999999	14.5518	21.131	14.388200000000001	18.604200000000002	13.6648	9.3297	14.6479	12.5905	8.788799999999998	15.1972	15.4369	16.1528	10.2793	31.8873	1.8392	11.27	12.4845	19.551099999999998	13.8619	17.9083	10.0827	26.121299999999998	10.4899
16	2.7047	6.0702	4.3774	5.043699999999999	10.0016	5.7281	3.4423000000000004	2.7054	2.5162	5.7132	3.3758000000000004	4.2577	15.5066	2.5795	12.1446	9.4396	0.0	6.8057	17.8488	2.7545	4.897	8.6332	17.387700000000002	21.9495	13.3627	9.1835	1.6511	22.6505	7.4487	9.6679	21.8779	10.485299999999999	3.778	10.304200000000002	3.9063000000000003	19.1135	13.7601	7.7462	23.364	14.4165	5.2521	9.908299999999999	11.553	8.3147	9.026200000000001	10.5404	5.641100000000001	17.6606	3.2586	4.97	18.209799999999998	18.4495	9.943200000000001	5.9353	20.8157	12.947700000000001	5.1841	3.1526	9.9731	7.788399999999999	8.330200000000001	1.8224	16.543200000000002	2.7047
17	9.1578	9.853200000000001	3.9295	11.523200000000001	11.7302	9.5111	7.2631000000000006	9.2141	9.0726	13.1485	10.059700000000001	2.6954000000000002	25.5135	9.6573	18.789	10.5954	6.5658	0.0	23.4533	9.207600000000001	5.1933	9.2461	19.8577	28.594	13.6555	8.642299999999999	8.212200000000001	29.295	7.7518	15.2565	28.5224	9.9442	10.2575	17.029700000000002	3.6808	21.583599999999997	14.0529	14.4718	30.0085	20.021099999999997	4.7109	9.3672	18.2785	8.867799999999999	15.7518	9.9993	1.2659	20.130599999999998	9.738100000000001	1.8059	20.6798	20.9196	9.402	3.5296999999999996	27.460099999999997	13.2405	5.0196000000000005	9.632100000000001	16.698700000000002	8.401200000000001	15.0558	8.191	22.1478	9.1578
18	17.141599999999997	21.2022	22.3785	14.411	23.247400000000003	20.8601	21.985	16.0518	16.4619	14.8509	18.060599999999997	22.0062	2.9155	16.3253	9.5167	27.338900000000002	18.2438	24.5542	0.0	17.1914	19.421	16.57	35.4433	20.8015	31.221	23.226599999999998	16.993	24.2298	17.5492	11.9661	20.7299	24.5284	14.4075	7.5767	20.0075	37.1691	31.6184	12.2471	22.9539	3.745	19.9113	23.951400000000003	5.9937	17.8528	13.524899999999999	24.5835	23.3895	35.7162	14.9423	22.6444	36.2654	36.5051	23.1378	21.7045	19.6677	30.806	19.2473	14.997	7.8605	16.4192	12.829	17.502200000000002	1.3055	17.141599999999997
19	0.7603	4.0559	6.7085	2.6860999999999997	5.8416999999999994	3.7138	4.9364	2.4148	2.5385	3.1791	0.9272999999999999	6.8361	16.2257	2.6018000000000003	10.1784	10.636	3.1849000000000003	9.3841	17.277099999999997	0.0	6.9988	10.6808	14.550600000000001	19.9941	13.983	12.9562	1.3913	20.6951	9.4963	9.0963	19.9225	14.2581	3.3444000000000003	9.7325	6.3545	16.2765	14.3804	6.732399999999999	21.4086	13.844899999999999	7.3704	13.681	10.9813	12.311	8.4545	14.3132	8.2194	14.8235	3.5983	7.5484	15.3727	15.6125	12.8675	8.5137	18.8603	13.5679	7.2432	3.4923	9.401399999999999	9.836	7.7586	1.6734	15.9716	0.7603
20	7.0447	10.3349	4.811100000000001	7.9704	13.760399999999999	9.992799999999999	7.6094	5.6592	5.5177	9.5957	7.2063999999999995	3.6659	21.0423	5.581	15.0724	10.9417	5.1887	5.4723999999999995	18.982200000000002	7.0958000000000006	0.0	4.775	20.204099999999997	24.877299999999998	14.0018	5.4372	5.7175	25.5783	3.5905	10.7853	24.8057	6.7391000000000005	6.7047	13.2319	1.1956	21.9299	14.3992	10.6761	26.2918	15.55	1.9019000000000001	6.162	14.480799999999999	4.4563999999999995	11.954	6.7942	4.3077	20.4769	6.1853	4.0487	21.0262	21.265900000000002	5.903899999999999	3.3454	23.7435	13.586799999999998	0.9742000000000001	6.0793	12.9009	3.9301	11.258	6.3872	17.6767	7.0447
21	10.760399999999999	14.050600000000001	8.3682	8.2419	17.4761	13.7085	11.1664	7.0474	7.2136000000000005	10.8725	10.9221	7.222899999999999	18.4793	6.7734	12.5094	14.4988	8.709700000000002	9.1446	16.4192	10.8115	4.339600000000001	0.0	29.0005	22.3143	17.5589	5.9947	9.0097	23.0153	1.4835999999999998	8.222299999999999	22.2427	7.296600000000001	7.5599	10.668899999999999	5.457	30.7263	17.9563	8.113100000000001	23.7288	12.9869	4.829899999999999	6.7195	11.9177	0.967	9.3909	7.3517	7.98	29.2733	6.854100000000001	7.6058	29.8225	30.0623	5.9805	6.6231	21.180400000000002	17.143900000000002	4.1659	6.7482	10.3379	0.8531	8.695	9.9443	15.113700000000001	10.760399999999999
22	14.8572	11.1048	17.546799999999998	17.7248	9.832799999999999	11.660200000000001	16.2542	17.4434	17.5671	17.3104	14.0632	18.4636	29.813299999999998	17.6304	24.7258	15.5969	16.8522	20.834	32.3225	14.9069	21.3225	28.6296	0.0	27.7359	16.314700000000002	30.7961	15.8511	28.4369	24.3518	24.1417	27.6643	29.1398	18.3898	24.2882	20.329900000000002	2.3743000000000003	16.7121	21.279799999999998	29.1504	28.8903	22.225900000000003	29.6749	25.976	29.945	23.4999	28.7879	19.6693	0.9213	18.6437	19.128400000000003	1.4705	1.7103	31.2759	20.6189	26.6021	15.899700000000001	21.609599999999997	18.5377	23.881400000000003	28.04	22.804	15.3407	31.017	14.8572
23	20.723599999999998	23.937900000000003	27.0068	18.479599999999998	21.4979	24.4932	26.6133	20.68	21.0901	17.7285	20.9402	26.634400000000003	17.214	20.953599999999998	13.1078	33.6484	22.872	29.1824	23.6658	20.3735	25.758200000000002	23.3185	28.3169	0.0	35.7353	29.438	21.6212	1.5402	26.2268	16.633200000000002	1.9643	30.739900000000002	19.0358	14.8988	25.8155	30.0427	36.1327	14.845	1.5386	25.0819	26.831400000000002	30.1629	16.586599999999997	26.5374	15.9914	30.795	28.017799999999998	28.5898	19.5705	27.272599999999997	29.139	29.378700000000002	29.4239	28.312	2.1386999999999996	35.3203	25.9958	19.6252	14.492	23.1676	15.295399999999999	21.6863	22.642400000000002	20.723599999999998
24	13.7334	12.084100000000001	10.2198	18.190900000000003	10.9807	11.742	10.2979	15.8819	15.7403	19.816200000000002	13.9061	11.1365	28.899900000000002	16.325	25.456799999999998	2.5501	13.1235	13.5069	31.242099999999997	13.7832	13.9954	17.7192	14.9786	34.0709	0.0	17.6037	13.836799999999998	34.7719	16.5347	23.0612	33.999300000000005	15.9474	16.9252	23.6975	13.002799999999999	16.7045	2.3905	21.1395	35.4854	27.8098	14.3994	16.482400000000002	24.9463	17.4007	22.4195	15.5955	12.3422	15.2515	16.4058	11.8013	15.8007	16.0405	18.0835	13.291799999999999	32.9371	1.5780999999999998	14.2825	16.299799999999998	23.366400000000002	16.8744	21.7235	13.3262	29.9365	13.7334
25	11.527	14.8925	9.2814	13.9205	18.361900000000002	14.5504	12.0797	12.985899999999999	10.3273	13.1993	11.8079	7.5178	24.806099999999997	12.7119	18.8399	15.2755	9.5441	8.6842	22.6158	11.576799999999999	4.8096000000000005	6.6991000000000005	29.865599999999997	28.6448	17.2833	0.0	10.5814	29.3458	5.0716	14.418899999999999	28.5732	1.8185	12.8299	18.4023	5.8511999999999995	31.5915	17.334799999999998	15.3939	30.0593	19.1835	4.3695	1.2414	20.0901	5.0912	17.8208	1.8736	7.5195	30.1385	12.3113	7.2989	30.6877	30.9275	1.5082	6.1626	27.511	16.522299999999998	4.636	12.2054	17.9955	6.206899999999999	17.1248	10.7426	21.310299999999998	11.527
26	1.3425	5.2878	6.1096	3.2990999999999997	7.0737	4.9458	5.7161	1.851	1.6841	4.0698	2.2238	5.6323	14.6522	1.7474	11.2902	11.07	1.9810999999999999	8.1803	16.9943	1.3922	5.5286	9.251	15.7826	21.0951	14.9521	11.526399999999999	0.0	21.7961	8.0665	8.8135	21.0235	12.8282	2.6174	9.4497	4.9247	17.5085	15.3495	6.8918	22.5096	13.562100000000001	5.940600000000001	12.2512	10.6985	10.3696	8.1717	12.883299999999998	7.0157	16.0555	2.3575	6.344600000000001	16.6047	16.8445	11.4376	7.3099	19.9612	14.5371	5.8133	2.2515	9.1187	8.4061	7.4758000000000004	0.7896	15.688799999999999	1.3425
27	20.8705	24.084799999999998	27.1537	18.6266	21.6448	24.640099999999997	26.7602	20.827	21.237	17.8755	21.0871	26.781299999999998	17.3609	21.1005	13.254700000000001	33.7954	23.018900000000002	29.3293	24.2383	20.520400000000002	25.905099999999997	23.465400000000002	28.4638	3.3777	35.8822	29.585	21.7682	0.0	26.3737	16.780099999999997	2.1111999999999997	30.8868	19.1827	15.0457	25.9625	30.189700000000002	36.2796	14.9919	2.111	24.0553	26.9784	30.3098	16.7335	26.6844	16.1383	30.942	28.1647	28.7367	19.7175	27.4196	29.2859	29.5257	29.5708	28.4589	2.2856	35.4672	26.1427	19.7722	14.6389	23.3146	15.4424	21.8332	23.2149	20.8705
28	9.6416	12.931799999999999	7.2494	10.7247	16.3573	12.5897	14.8234	6.2651	6.4313	10.0035	9.8033	6.104100000000001	19.465700000000002	5.9911	15.644	13.3799	7.5908999999999995	7.7833000000000006	17.4056	9.6927	2.9784	1.4870999999999999	22.6423	25.449	16.440099999999997	5.1257	7.890899999999999	26.15	0.0	9.2087	25.377299999999998	6.4275	6.5913	11.655299999999999	4.338100000000001	24.3681	16.8375	9.0995	26.863400000000002	13.9733	3.4686	5.8505	12.9041	0.9238	10.3773	6.4826999999999995	6.6187	22.915200000000002	6.0718000000000005	6.3981	23.4644	23.704099999999997	5.1115	5.2618	24.315099999999997	16.025100000000002	2.8047	5.9658999999999995	11.324200000000001	1.1335	9.6814	8.4095	16.1	9.6416
29	8.947799999999999	13.0084	14.184700000000001	6.2172	16.3651	12.6663	13.7912	7.858	8.2681	6.704899999999999	9.8668	13.8124	8.0993	8.1315	6.2601	19.1451	10.05	16.3604	11.9657	8.9976	11.223700000000001	8.3727	27.1092	16.0651	23.0272	17.098	8.7992	16.766099999999998	9.351799999999999	0.0	15.9934	18.3998	6.2137	2.9275	12.9935	28.835	23.424599999999998	2.9299	17.479599999999998	8.5334	11.714	17.8228	4.1456	9.6554	1.3559	18.454900000000002	15.1957	27.382099999999998	6.7485	14.4506	27.9313	28.171	17.0838	15.4899	14.9312	22.6122	11.05	6.8031999999999995	2.5964	8.2218	2.0247	9.308399999999999	10.660200000000001	8.947799999999999
30	20.045	23.2593	26.328200000000002	17.801	20.8193	23.8146	25.9347	20.0014	20.4115	17.0499	20.261599999999998	25.9558	16.535400000000003	20.275	12.429200000000002	32.969800000000006	22.1934	28.5038	19.4091	19.6949	25.0796	22.6399	27.6383	2.6898	35.0567	28.759400000000003	20.9426	1.5704	25.5482	15.954600000000001	0.0	30.0613	18.357200000000002	14.2202	25.1369	29.364099999999997	35.4541	14.1664	2.7916999999999996	23.2298	26.1528	29.484299999999998	15.908	25.8588	15.3128	30.116400000000002	27.3392	27.9112	18.8919	26.594	28.4604	28.7001	28.7453	27.6334	1.4601	34.6417	25.3172	18.9466	13.8134	22.489	14.6168	21.0077	23.8955	20.045
31	12.8226	16.188	10.577	15.2161	19.657400000000003	15.8459	13.3753	14.2814	11.6229	14.4949	13.103399999999999	8.8134	26.101599999999998	14.0074	20.1354	16.0987	10.8396	9.979700000000001	23.9113	12.8723	6.1052	7.9946	30.6889	29.9404	18.1066	1.7889000000000002	11.8769	30.6414	6.367100000000001	15.7145	29.8688	0.0	14.1255	19.6978	7.1468	32.4147	18.158	16.6895	31.3549	20.4791	5.665	0.8518	21.3856	6.3868	19.1163	0.3519	8.815100000000001	30.9618	13.6069	8.5944	31.511	31.750700000000002	2.2775	7.4582	28.8065	17.345599999999997	5.9315	13.5009	19.291	7.5025	18.4203	12.038200000000002	22.6058	12.8226
32	3.8226	7.8638	8.042300000000001	1.7686	9.8804	7.5217	7.6488000000000005	1.4004	1.5666	2.532	4.9109	7.669899999999999	12.4636	1.413	9.101600000000001	13.0027	3.9646	10.218	14.8057	3.8724000000000003	6.697100000000001	7.3951	21.7216	18.9065	16.8848	10.8842	3.1664	19.6075	7.673	6.624899999999999	18.8349	12.1861	0.0	7.261100000000001	7.3185	23.4475	17.2822	4.7032	20.321	11.3735	8.664299999999999	11.6091	8.5099	7.9836	5.9831	12.241200000000001	9.0533	21.9945	0.5347999999999999	8.308200000000001	22.5437	22.7835	10.8701	9.3475	17.772599999999997	16.4698	6.8934	0.5895	6.9301	6.1256	5.2871999999999995	3.5326	13.500200000000001	3.8226
33	9.5671	13.627600000000001	14.8039	6.836399999999999	16.6725	13.2855	14.4105	8.4772	8.8873	7.0123999999999995	10.486	14.4316	5.9621	8.7507	3.6338000000000004	19.7643	10.6692	16.979599999999998	7.5854	9.6168	13.555399999999999	11.1157	27.416700000000002	14.3232	23.6465	17.717200000000002	9.4184	15.0242	12.0948	2.9417	14.2516	19.019	6.8328999999999995	0.0	13.6127	29.1425	24.0439	3.5490999999999997	15.7377	11.7056	14.6286	18.442	2.0085	12.398399999999999	2.0686999999999998	19.0742	15.815	27.6895	7.3677	15.069799999999999	28.2387	28.4785	17.703	16.1092	13.1893	23.2314	13.793	7.4224	0.6045	10.964799999999999	2.1373	9.9276	7.4541	9.5671
34	6.543100000000001	9.833200000000001	3.9005	8.929799999999998	13.258700000000001	9.491100000000001	6.6988	5.9663	5.5412	8.9703	6.7047	2.7553	21.602400000000003	5.6046000000000005	15.9995	10.0311	4.3285	3.7018	19.5423	6.5941	1.1357000000000002	5.335	19.2935	26.0108	13.0912	5.850899999999999	4.7923	26.7118	4.1505	11.3454	25.9391	7.1528	7.467899999999999	13.792	0.0	21.019299999999998	13.4886	11.2362	27.4253	16.11	1.5074	6.5758	15.040799999999999	5.0165	12.514	7.2078999999999995	2.5372	19.5663	6.9485	2.3165	20.115599999999997	20.3553	6.610600000000001	2.6028000000000002	24.876900000000003	12.676200000000001	1.3800999999999999	6.8425	13.461	4.4902	11.818100000000001	5.527	18.2367	6.543100000000001
35	16.166700000000002	12.414299999999999	19.2743	19.034299999999998	11.142299999999999	12.9696	17.9817	18.7529	18.8766	18.6199	15.3727	20.1911	31.122799999999998	18.9399	26.0353	17.3244	18.1617	22.561400000000003	33.632	16.2164	23.05	30.3571	2.3331	29.4634	18.0422	32.5236	17.1605	30.1644	25.6613	25.4512	29.3918	30.8673	19.6993	25.5977	22.057299999999998	0.0	18.4396	22.589299999999998	30.8779	30.1998	23.535400000000003	31.4024	27.2855	31.6725	24.8094	30.515400000000003	21.3968	1.7577	19.953200000000002	20.855900000000002	1.2193	1.459	33.0034	22.346400000000003	28.3296	17.627200000000002	23.408099999999997	19.8472	25.190900000000003	29.7675	24.1135	16.6502	32.3265	16.166700000000002
36	14.2738	12.6244	10.7601	16.415200000000002	11.95	12.2823	10.838299999999998	14.1061	13.9646	18.0405	14.4465	11.6769	27.124200000000002	14.549299999999999	23.681	2.659	11.3094	14.0472	29.4664	14.3235	14.5358	18.2596	15.889299999999999	34.9816	2.5601	17.2967	14.3772	35.6826	17.0751	21.2855	34.91	15.6404	15.1495	21.9217	13.5431	17.6152	0.0	19.363799999999998	36.3961	26.0341	14.9397	16.1755	23.1705	17.9411	20.6438	15.2885	12.8826	16.162200000000002	14.6301	12.341700000000001	16.7114	16.9512	17.7765	13.8321	33.8478	0.7032999999999999	14.822799999999999	14.5241	21.590700000000002	17.4147	19.9478	13.8666	28.1608	14.2738
37	6.9971000000000005	10.4282	12.2339	4.2595	13.7452	10.7155	11.8405	5.9072	6.3173	4.0851	7.275600000000001	11.861600000000001	8.5416	6.1807	4.4911	17.1943	8.0992	14.409600000000001	12.249600000000001	7.0468	11.0784	8.2274	24.4893	14.296	21.0765	15.7404	6.8484	14.997	9.2065	2.7029	14.2244	17.0422	4.262899999999999	3.3392	11.0427	26.2152	21.4739	0.0	15.7105	8.8173	11.5686	16.4652	4.588	9.5101	2.0612	17.0974	13.245	24.7622	4.7977	12.499799999999999	25.311400000000003	25.5512	15.7262	13.539200000000001	13.1621	20.6614	10.9047	4.852399999999999	2.499	8.0765	1.3652	7.357600000000001	10.944	6.9971000000000005
38	19.61	22.8243	25.8932	17.3661	20.3843	23.3797	25.4997	19.5665	19.976599999999998	16.615	19.8266	25.520799999999998	16.1004	19.84	11.994200000000001	32.5349	21.7585	28.068900000000003	23.5475	19.259900000000002	24.6447	22.204900000000002	27.203400000000002	1.4272	34.6217	28.3245	20.5077	2.7708000000000004	25.1132	15.5196	3.4844	29.6264	17.9222	13.785200000000001	24.702	28.9292	35.0191	13.731399999999999	0.0	24.9635	25.7179	29.0493	15.4731	25.4239	14.8779	29.6815	26.9042	27.476200000000002	18.457	26.1591	28.0254	28.2652	28.310299999999998	27.198400000000003	3.6588000000000003	34.2067	24.8822	18.5117	13.3785	22.0541	14.181899999999999	20.5727	22.524099999999997	19.61
39	13.7094	17.7699	18.9462	10.9787	19.815099999999997	17.427799999999998	18.552799999999998	12.6195	13.0296	11.4186	14.6283	18.573900000000002	5.8051	12.893	13.2111	23.906599999999997	14.8115	21.1219	3.745	13.7591	15.9888	13.137799999999999	32.011	23.016	27.7888	19.7943	13.5607	23.717	14.1169	8.5339	22.9444	21.0961	10.975200000000001	11.3706	16.5753	33.7369	28.1862	8.8148	24.37	0.0	16.479	20.519099999999998	8.6455	14.4205	10.0927	21.1513	19.9572	32.2839	11.51	19.2121	32.8331	33.072900000000004	19.7055	18.2722	21.8822	27.3737	15.815100000000001	11.5647	11.0396	12.9869	9.396700000000001	14.0699	2.4395	13.7094
40	7.4384	10.803799999999999	5.1928	9.8606	14.9017	10.4617	7.9911	7.542	7.41	11.485899999999999	8.347700000000001	3.4291	21.9584	7.9947	17.1264	11.3234	5.4554	4.5955	19.8983	7.4881	1.8280999999999998	5.0581000000000005	20.5857	26.9314	14.3835	4.4658999999999995	6.4927	27.6324	3.5754	11.7014	26.8598	5.7678	8.594899999999999	14.148	1.7626	22.3116	14.780899999999999	11.5922	28.3459	16.466	0.0	5.1907	15.3969	4.6914	12.8701	5.8229	3.4309000000000003	20.8586	8.0755	3.2102	21.407799999999998	21.647599999999997	5.2256	2.074	25.7975	13.9685	1.6545	7.9695	13.817	4.4684	12.174100000000001	6.654	18.5928	7.4384
41	12.2455	15.611	9.9999	14.639	19.0804	15.2689	12.798200000000001	13.7044	11.0458	13.9178	12.526399999999999	8.2363	25.5246	13.430399999999999	19.558400000000002	15.521700000000001	10.2626	9.402700000000001	23.3343	12.2953	5.5281	7.4176	30.111900000000002	29.3633	17.5296	1.2119000000000002	11.2999	30.0643	5.790100000000001	15.1374	29.291700000000002	0.8518	13.548399999999999	19.1208	6.5697	31.8377	17.581	16.1124	30.7778	19.902	5.088	0.0	20.8086	5.809699999999999	18.5393	0.887	8.238	30.384700000000002	13.0298	8.0174	30.9339	31.1737	1.7004000000000001	6.8811	28.2295	16.7686	5.3545	12.9239	18.714	6.9254	17.8433	11.4611	22.0288	12.2455
42	10.826	14.8866	16.0629	8.0953	18.3517	14.5445	15.6694	9.7362	10.1462	8.691600000000001	11.7449	15.6905	4.3704	10.0097	5.3129	21.0233	11.9281	18.2385	5.9937	10.8757	14.8143	12.374600000000001	29.0958	16.002299999999998	24.9054	18.9761	10.6774	16.7033	13.3537	4.200699999999999	15.9307	20.278	8.091899999999999	1.9998	14.8716	30.8216	25.302799999999998	4.808	17.4168	8.6455	15.8876	19.7009	0.0	13.6573	3.1451	20.333099999999998	17.073900000000002	29.3687	8.6266	16.3287	29.917900000000003	30.1576	18.9619	17.3681	14.8685	24.4904	15.0519	8.681299999999998	2.2836	12.223700000000001	3.3963	11.1865	5.8624	10.826
43	12.967	16.416900000000002	8.047600000000001	10.7143	19.6442	15.97	14.813	9.7797	9.9459	9.9931	13.1836	6.9023	19.8037	9.505700000000001	15.633700000000001	14.1781	8.389100000000001	8.8727	17.743599999999997	12.6169	4.2191	0.967	30.23	25.438599999999997	17.2383	5.1153	11.2315	26.139599999999998	1.1473	9.546700000000001	25.367	6.4172	9.623700000000001	11.9933	5.1364	31.9559	17.6357	9.4375	26.853099999999998	14.3113	4.558	5.8401000000000005	13.2421	0.0	10.7153	6.472300000000001	7.708	30.5029	9.1051	7.4874	31.0521	31.291900000000002	5.101100000000001	6.351100000000001	24.3048	16.8233	4.0455	8.9991	11.6623	1.3914000000000002	10.0194	12.8381	16.438	12.967
44	8.3158	12.3764	13.552700000000002	5.5851999999999995	15.7331	12.0343	13.1592	7.226	7.636100000000001	6.0729	9.2348	13.180399999999999	7.2503	7.4995	5.628100000000001	18.513099999999998	9.418	15.728399999999999	12.240200000000002	8.3656	12.304200000000002	9.8645	26.4772	15.4331	22.3952	16.466	8.1672	16.1341	10.8436	1.3885999999999998	15.3615	17.767799999999998	5.5817	2.0785	12.3615	28.203	22.7926	2.2979000000000003	16.8476	8.8079	13.3774	17.1908	3.2965999999999998	11.147200000000002	0.0	17.8229	14.5637	26.7501	6.1165	13.8186	27.2993	27.539	16.4518	14.857899999999999	14.2992	21.9802	12.541799999999999	6.1712	1.7474	9.7136	0.8861	8.6764	10.934700000000001	8.3158
45	12.890600000000001	16.256	10.645	15.2841	19.7254	15.9139	13.443299999999999	14.3494	11.6908	14.5628	13.1714	8.8813	26.1696	14.0754	20.203400000000002	16.1339	10.9076	10.0477	23.9793	12.940299999999999	6.1732	8.0626	30.7241	30.0084	18.1418	1.8569	11.9449	30.709400000000002	6.4351	15.7825	29.936700000000002	0.3519	14.1935	19.7658	7.2148	32.4499	18.1932	16.7574	31.4228	20.547099999999997	5.733	0.887	21.453599999999998	6.4547	19.1843	0.0	8.8831	30.997	13.6749	8.6624	31.546200000000002	31.7859	2.3125999999999998	7.5262	28.8745	17.3808	5.9995	13.5689	19.359	7.5705	18.4883	12.106200000000001	22.6738	12.890600000000001
46	7.9932	8.688600000000001	2.7649	10.358600000000001	10.5656	8.3465	6.0984	8.0495	7.908	11.983799999999999	8.895	1.5307	24.3488	8.492700000000001	17.6244	9.4307	5.4012	1.2659	22.288700000000002	8.0429	4.0287	8.0814	18.693099999999998	27.429299999999998	12.4909	7.4777	7.0475	28.1303	6.5872	14.0918	27.3577	8.7796	9.092799999999999	15.8651	2.5162	20.4189	12.8883	13.3072	28.843799999999998	18.8564	3.5463	8.2025	17.1139	7.7032	14.5871	8.834700000000002	0.0	18.966	8.5734	0.5516	19.5152	19.754900000000003	8.2374	2.3651	26.2955	12.075899999999999	3.855	8.4674	15.534	7.2366	13.891200000000001	7.0263	20.9832	7.9932
47	15.1176	11.3653	17.807299999999998	17.9852	10.093200000000001	11.9206	16.5147	17.7039	17.827599999999997	17.5709	14.3236	18.7241	30.0738	17.890900000000002	24.9862	15.8574	17.112599999999997	21.0944	32.583	15.167399999999999	21.582900000000002	28.89	0.8661	27.9964	16.5751	31.0566	16.1115	28.697400000000002	24.612299999999998	24.402099999999997	27.924799999999998	29.400299999999998	18.650299999999998	24.548599999999997	20.5903	1.7687	16.9726	21.540200000000002	29.4109	29.1507	22.4863	29.9354	26.2364	30.2055	23.7604	29.0484	19.9298	0.0	18.9041	19.388900000000003	0.8649	1.1047	31.5364	20.8793	26.8625	16.1601	21.87	18.7982	24.1418	28.3004	23.064400000000003	15.6012	31.2774	15.1176
48	3.2237	7.2843	7.5948	1.8527	9.3969	6.9422	7.2013	0.9168999999999999	1.0831	2.6161	4.1427	7.2223999999999995	12.495	0.9295	9.133	12.555200000000001	3.5166999999999997	9.7705	14.837200000000001	3.2735	6.2496	7.4665	21.274099999999997	18.937900000000003	16.4373	10.9557	2.3575	19.639	7.7444	6.6564	18.8663	12.2575	0.5193	7.2926	6.871	23.0	16.8347	4.7346	20.352400000000003	11.4049	8.2168	11.6805	8.5414	8.0551	6.014600000000001	12.312700000000001	8.605799999999999	21.547	0.0	7.8607	22.0962	22.336	10.9415	8.9	17.8041	16.022299999999998	6.4459	0.106	6.9615	6.197100000000001	5.3186	3.0003	13.5317	3.2237
49	7.772600000000001	8.1477	2.224	10.138	10.0246	7.8056	5.5575	7.8289	7.6873000000000005	11.763200000000001	8.6744	0.9912000000000001	24.126	8.272	17.4038	8.8898	5.1805	1.7270999999999999	22.065900000000003	7.8223	3.8081	7.8587	18.1522	27.2087	11.95	7.2571	6.826899999999999	27.9097	6.3665	13.869	27.1371	8.5589	8.872200000000001	15.6445	2.2955	19.878	12.3474	13.0865	28.6232	18.633599999999998	3.3257	7.9818999999999996	16.8933	7.4825	14.3665	8.6141	0.5516	18.425099999999997	8.352799999999998	0.0	18.9743	19.214	8.0168	2.1445	26.074900000000003	11.5349	3.6344000000000003	8.246799999999999	15.3134	7.0138	13.6705	6.8057	20.7604	7.772600000000001
50	15.7956	12.0432	18.4852	18.6632	10.7712	12.5985	17.1926	18.3818	18.5055	18.2488	15.0016	19.402	30.7517	18.5688	25.6642	16.5353	17.7905	21.772299999999998	33.2609	15.8453	22.260900000000003	29.568	1.544	28.6743	17.2531	31.7345	16.7894	29.3753	25.290200000000002	25.080099999999998	28.602700000000002	30.078200000000002	19.328200000000002	25.2265	21.2682	0.9532	17.6505	22.2182	30.0888	29.828599999999998	23.1643	30.6133	26.9144	30.8834	24.438299999999998	29.7263	20.6077	0.9686	19.582099999999997	20.0668	0.0	0.2892	32.2143	21.557299999999998	27.5404	16.838099999999997	22.547900000000002	19.4761	24.8198	28.9784	23.7423	16.2791	31.9554	15.7956
51	15.8095	12.0571	18.499200000000002	18.6771	10.7851	12.6125	17.2065	18.395799999999998	18.5194	18.262700000000002	15.0155	19.4159	30.7656	18.5827	25.678099999999997	16.5492	17.8045	21.7863	33.274800000000006	15.859200000000001	22.2748	29.5819	1.5579	28.688200000000002	17.267	31.7484	16.8034	29.389200000000002	25.3041	25.094	28.6166	30.0921	19.3421	25.2405	21.2822	1.3708	17.6644	22.2321	30.102700000000002	29.842599999999997	23.1782	30.627200000000002	26.9283	30.897299999999998	24.4522	29.7402	20.621599999999997	0.9825	19.596	20.0807	0.467	0.0	32.2282	21.5712	27.5544	16.852	22.5619	19.49	24.8337	28.9923	23.7563	16.293	31.9693	15.8095
52	11.476600000000001	14.842	9.231	13.43	18.311400000000003	14.4999	12.0293	12.495299999999999	12.6615	12.7087	11.7574	7.4674	24.3155	12.2213	18.3493	15.687899999999999	9.4937	8.633700000000001	22.5654	11.526299999999999	4.7592	6.2085	30.2781	28.1542	17.6958	0.7433	10.530899999999999	28.8553	4.581	14.3685	28.0826	2.0452	12.3394	17.9117	5.800800000000001	32.0039	17.7472	14.9033	29.5687	19.1331	4.319	1.4682	19.5995	4.6006	17.3302	2.1003000000000003	7.4691	30.550900000000002	11.820799999999998	7.2485	31.100099999999998	31.3399	0.0	6.1122	27.020400000000002	16.9348	4.5855	11.714799999999999	17.504900000000003	5.716399999999999	16.6342	10.692200000000001	21.2598	11.476600000000001
53	6.9394	8.5364	3.1188000000000002	9.304799999999998	14.395299999999999	8.1943	5.9171000000000005	6.9957	6.8542	10.9301	7.8413	1.3552	23.295099999999998	7.438899999999999	16.5706	9.2494	4.3473999999999995	2.5215	21.234900000000003	6.989199999999999	3.0311	7.027699999999999	18.5118	26.3756	12.3095	6.4801	5.9938	27.0766	5.8431999999999995	13.0381	26.303900000000002	7.781899999999999	8.039100000000001	14.8113	1.4624000000000001	20.237599999999997	12.7069	12.2534	27.7901	17.8027	2.5486999999999997	7.204899999999999	16.060100000000002	6.7055	13.5334	7.8371	1.3569	18.784599999999998	7.519699999999999	1.1362999999999999	19.3338	19.5736	7.2398	0.0	25.2417	11.8945	2.8574	7.4136999999999995	14.4803	6.1828	12.837399999999999	5.972600000000001	19.9294	6.9394
54	18.7422	21.9565	25.0254	16.4983	19.5165	22.5119	24.6319	18.698700000000002	19.1088	15.747200000000001	18.9588	24.653	15.2326	18.9722	11.1264	31.667099999999998	20.890700000000002	27.201	18.1064	18.3921	23.776799999999998	21.3371	26.3356	1.9375	33.7539	27.4567	19.6399	2.6385	24.2454	14.6518	1.8659000000000001	28.7585	17.0544	12.917399999999999	23.8342	28.061400000000003	34.151300000000006	12.8636	3.352	21.927	24.850099999999998	28.1815	14.6052	24.556099999999997	14.01	28.8137	26.0364	26.608400000000003	17.5892	25.2913	27.1576	27.3974	27.4425	26.330599999999997	0.0	33.3389	24.014400000000002	17.643900000000002	12.5106	21.1863	13.3141	19.704900000000002	18.5565	18.7422
55	13.472299999999999	11.823	9.9587	15.6138	11.1486	11.4809	10.0368	13.3047	13.163200000000002	17.239	13.645	10.875399999999999	26.3227	13.7479	22.8796	1.8576	10.508	13.2458	28.664900000000003	13.5221	13.7343	17.458099999999998	15.0879	34.1802	1.7586	16.911099999999998	13.575700000000001	34.8812	16.273600000000002	20.484099999999998	34.1085	15.2548	14.348	21.1203	12.741700000000002	16.8137	0.7032999999999999	18.5624	35.5946	25.232599999999998	14.1383	15.7899	22.3691	17.139599999999998	19.842299999999998	14.902899999999999	12.081100000000001	15.360700000000001	13.8286	11.5402	15.9099	16.1497	17.390900000000002	13.030700000000001	33.0463	0.0	14.0214	13.7226	20.7892	16.6133	19.1463	13.065100000000001	27.3594	13.472299999999999
56	7.2184	10.5086	4.9848	8.1441	13.9341	10.1665	7.7831	5.8328999999999995	5.6914	9.7694	7.3801000000000005	3.8396	21.216	5.7547	15.2461	11.1154	5.3624	5.2997	19.155900000000003	7.2695	0.1737	4.948600000000001	20.3778	25.051	14.1755	4.904	5.8911999999999995	25.752	3.0957	10.959	24.979400000000002	6.2058	6.8784	13.4056	1.2684000000000002	22.1036	14.572899999999999	10.8498	26.4655	15.723600000000001	1.3347	5.6288	14.654399999999999	4.2615	12.1277	6.261	4.1351	20.650599999999997	6.359	3.9144	21.1998	21.4396	5.321899999999999	2.7782	23.9172	13.7605	0.0	6.253	13.0746	4.103800000000001	11.431700000000001	6.560899999999999	17.8504	7.2184
57	3.1178000000000003	7.1783	7.4888	1.9074	9.291	6.8362	7.0953	0.8109	0.9771	2.6708000000000003	4.0367	7.1165	12.6024	0.8235	9.2404	12.449200000000001	3.4107	9.6645	14.944600000000001	3.1675	6.1437	7.521199999999999	21.1681	19.0453	16.3313	11.010399999999999	2.2515	19.746299999999998	7.7991	6.7637	18.9737	12.312299999999999	0.6263	7.3999	6.765	22.894	16.7287	4.842	20.459799999999998	11.5123	8.1108	11.7352	8.648700000000002	8.1098	6.121899999999999	12.3674	8.499799999999999	21.441	0.106	7.7547	21.9902	22.23	10.9962	8.7941	17.9114	15.9163	6.339899999999999	0.0	7.068899999999999	6.2518	5.426	2.8944	13.639	3.1178000000000003
58	9.236	13.2966	14.4729	6.5054	16.2658	12.9545	14.0794	8.1462	8.556299999999998	6.605600000000001	10.1549	14.1005	6.2459	8.4197	3.227	19.4333	10.3382	16.6485	7.8692	9.2858	13.2243	10.784600000000001	27.009900000000002	13.9164	23.3154	17.3861	9.087399999999999	14.6174	11.7638	2.6107	13.8448	18.688	6.5019	0.6045	13.2817	28.7357	23.712799999999998	2.6438	15.3309	11.3745	14.297600000000001	18.111	2.2923	12.0673	1.7375999999999998	18.7431	15.4839	27.282799999999998	7.0367	14.7388	27.832	28.0717	17.372	15.7781	12.7826	22.9004	13.4619	7.091399999999999	0.0	10.633799999999999	1.8063	9.5966	7.7379	9.236
59	10.1371	13.427299999999999	7.7448999999999995	7.3755	16.8528	13.0852	10.5431	6.6938	6.86	11.0756	10.2988	6.599600000000001	18.318900000000003	6.4198	12.349	13.875399999999999	8.0864	8.4061	16.2588	10.1882	4.2471000000000005	0.6688	28.3771	22.1539	16.935599999999997	6.1978	8.3864	22.8549	1.13	8.0619	22.0823	7.4997	6.6935	10.5085	4.833600000000001	30.103	17.333	7.9527	23.5684	12.8265	4.7374	6.9226	11.757299999999999	1.3914000000000002	9.2305	7.5548	7.2415	28.65	6.5005	6.9825	29.1992	29.439	6.1836	6.530600000000001	21.02	16.520599999999998	4.0735	6.3945	10.1775	0.0	8.534600000000001	9.3209	14.9532	10.1371
60	7.594	11.6546	12.8309	4.8633999999999995	15.011299999999999	11.3125	12.4374	6.5042	6.9143	5.351100000000001	8.513	12.4586	7.362100000000001	6.777699999999999	4.9063	17.7913	8.696200000000001	15.0066	13.1648	7.643800000000001	11.5824	9.1426	25.7554	14.7113	21.6734	15.744200000000001	7.445399999999999	15.4123	10.121799999999999	2.0315	14.639700000000001	17.046	4.8599	2.1595999999999997	11.639700000000001	27.4812	22.0708	1.5760999999999998	16.125799999999998	9.7326	12.6556	16.469	3.4084	10.4254	0.8816	17.1011	13.841899999999999	26.028299999999998	5.394699999999999	13.0968	26.5775	26.8172	15.73	14.1361	13.577399999999999	21.2584	11.8199	5.4494	1.8285	8.9918	0.0	7.9546	11.8593	7.594
61	1.443	4.8084	5.3258	3.8015	6.5943000000000005	4.4663	3.6353	2.203	2.3266	5.0172	2.1141	5.453399999999999	15.2597	2.3899	11.8977	9.3349	1.8022	8.0014	17.6019	1.4927000000000001	6.0926	9.5556	15.9871	21.2885	12.681799999999999	10.379100000000001	0.875	21.9895	8.3711	9.421100000000001	21.216900000000003	11.6809	3.6464000000000003	10.0573	5.1019	17.7129	13.0792	7.4994	22.703	14.1696	6.4477	11.1039	11.3061	9.237	8.7793	11.7361	6.8366999999999996	16.2599	2.9876	6.1657	16.809099999999997	17.0489	11.7422	7.131	20.1546	12.2668	6.3797	2.8815999999999997	9.7262	8.710700000000001	8.0833	0.0	16.2964	1.443
62	15.8361	19.8967	21.073	13.1054	21.9418	19.554599999999997	20.6795	14.7463	15.1563	13.5453	16.755	20.700599999999998	3.3657	15.0198	9.9668	26.0334	16.938200000000002	23.2486	1.3055	15.8858	18.1155	15.2645	34.137800000000006	23.1971	29.9155	21.921	15.6875	23.206400000000002	16.2436	10.6606	23.92	23.222900000000003	13.102	7.445399999999999	18.702	35.8636	30.312900000000003	10.9415	21.9305	2.4395	18.6058	22.645799999999998	5.8624	16.5472	12.2194	23.278	22.084	34.410599999999995	13.636700000000001	21.3388	34.9598	35.1996	21.8323	20.3989	20.1178	29.5005	17.9418	13.6914	7.7292	15.1136	11.523399999999999	16.1966	0.0	15.8361
;
