vehicles
vehicle_idx, capacity, cost_per_unit_distance
1,160,18
2,160,18
3,160,18
depot
node_idx,x,y
0,25.049446486001663,121.51552910838933
home delivery customers
node_idx,x,y,service_time,demand
1,25.083634051951325,121.50934901087021,10,1
2,25.073082975194332,121.51467985509807,10,4
3,25.082762782874813,121.52112855056177,10,3
4,25.03402185483341,121.49812197259884,10,3
5,25.030988168209518,121.47709715755101,10,1
6,25.028159792728708,121.52883327709924,10,3
7,25.043233434055878,121.54752636739222,10,5
8,25.04886216426926,121.54326420170136,10,5
9,25.03950753963986,121.54555628688068,10,4
10,25.087280252306105,121.52463465337921,10,1
11,25.070825394380062,121.51290487513448,10,5
12,25.066330577273536,121.5298216163409,10,2
self pickup customers
node_idx,x,y,service_time,demand,locker_idxs
13,25.02983756979754,121.54523557156598,10,3,68-63
14,25.0869144,121.5620952,10,4,73-72
15,25.17703865961931,121.44755865014275,10,2,64
16,25.084047856041085,121.58879350422296,10,5,72-73
17,24.953116207013345,121.54120329160675,10,3,65
18,24.959424727253083,121.4182010993446,10,4,61
19,24.960355008945594,121.41488113570192,10,1,61
20,25.04192979628106,121.57334817463484,10,4,66-63-68
21,25.082558099871754,121.50857049538659,10,1,71
22,25.130074176768666,121.50036337587042,10,3,70
23,25.05259408193934,121.53498723742551,10,4,69-71
24,25.03495492841579,121.4994995873701,10,4,67-69
25,25.044337599999995,121.50798024999999,10,4,67-69
26,24.972375099912743,121.53444664714421,10,5,65
27,24.95848759687925,121.53382295239976,10,1,65
28,25.03879617275528,121.55668386932781,10,2,68-63-66
29,25.068239954606366,121.58681537341593,10,4,73-72
30,25.056670249999996,121.60088035000001,10,1,62-66
31,25.033220305106433,121.56772055858502,10,1,63-68-66
32,25.02223021797858,121.5681901554366,10,4,63-68
33,25.07639508896426,121.582693026251,10,2,73-72
34,25.180655960587064,121.44155440055427,10,1,64
35,25.031959660446503,121.55060907414023,10,3,68-63
36,24.951935437411134,121.41077458001682,10,4,61
flexible customers
node_idx,x,y,service_time,demand,locker_idxs
37,25.05780775,121.52999045,10,3,69-71-67
38,25.02398046241838,121.57108518415596,10,5,63-68
39,24.956397402568857,121.5397784825696,10,4,65
40,25.08335086646689,121.5219807004475,10,3,71
41,25.04478824933155,121.50598416237708,10,5,67-69
42,25.04573201096786,121.58478084576065,10,4,66-63-68
43,25.02714400092111,121.56563239817736,10,2,63-68
44,24.965884165732064,121.42187749014043,10,1,61
45,25.054332848575875,121.60082206099321,10,1,62-66
46,25.0345992,121.54586624999997,10,1,68-69-63
47,25.08841948278038,121.5931880339054,10,4,72-73
48,25.043091249999993,121.57169489999998,10,2,66-63
49,25.04574144718228,121.57496522875435,10,4,66-63-68
50,25.044437905868232,121.62112613180878,10,5,62
51,25.069408009465562,121.61101946676627,10,5,62-72
52,25.035923372250874,121.50152355646088,10,1,67-69
53,25.12644631894987,121.5084872629012,10,5,70
54,25.05097183786102,121.52369227283918,10,5,69-67-71
55,25.172289428801427,121.44604069201209,10,3,64
56,25.165023350000002,121.45253925,10,1,64
57,25.045252600883064,121.50363520046949,10,3,67-69
58,25.087261700000003,121.5893642,10,2,72-73
59,25.143615291240938,121.48971092573856,10,5,70
60,25.028587569069025,121.52735468859996,10,1,69-67
lockers
node_idx,x,y,service_time,capacity,cost_per_unit_good
61,24.9595637,121.4197544,10,30
62,25.0553158,121.617896,10,70
63,25.0328676,121.5697576,10,30
64,25.1678849,121.4456164,10,120
65,24.9579858,121.5375799,10,30
66,25.0500706,121.5774743,10,50
67,25.0411554,121.506828,10,20
68,25.0316632,121.5595697,10,27
69,25.0454283,121.5254737,10,39
70,25.1390893,121.5018495,10,37
71,25.0707118,121.51932,10,22
72,25.0859884,121.5900515,10,48
73,25.0758316,121.5732477,10,48
mrt lines
start_node_idx,end_node_idx,freight_capacity,cost_per_unit_good
61,62,100,65
62,61,100,65
63,64,80,65
64,63,80,65
65,66,80,55
66,65,80,55
distance matrix
,0,1,2,3,4,5,6,7,8,9,10,11,12,13,14,15,16,17,18,19,20,21,22,23,24,25,26,27,28,29,30,31,32,33,34,35,36,37,38,39,40,41,42,43,44,45,46,47,48,49,50,51,52,53,54,55,56,57,58,59,60,61,62,63,64,65,66,67,68,69,70,71,72,73,
0,0.0,4.393,2.844,4.1757,3.2001,5.9802,3.9814000000000003,4.7184,3.8331999999999997,4.9849,5.265899999999999,2.9081,3.4959000000000002,5.3537,8.6679,20.477,11.7032,15.644200000000001,15.7051,16.3432,6.9336,4.653,10.5136,3.2802,3.0438,1.4139000000000002,10.8376,14.0342,5.541,9.7401,9.8858,7.0833,8.4596,10.335,20.693900000000003,5.6937,16.828599999999998,2.3309,8.2188,14.026200000000001,4.2206,1.6435,7.6615,7.3397,14.9149,9.8175,5.016100000000001,12.3862,6.57,6.685899999999999,14.2665,14.3154,2.8716,9.9739,1.2327000000000001,19.046599999999998,18.1568,2.332,11.8933,12.3985,3.7807,15.679200000000002,12.9342,8.5804,18.927,13.6347,7.3099,1.7911,7.1093,1.9957,11.9417,2.6860999999999997,11.911200000000001,9.523100000000001
1,4.668,0.0,1.6562999999999999,3.0602,6.5515,8.641,7.871899999999999,8.581100000000001,6.9707,8.8476,2.6093,1.8879000000000001,4.313899999999999,9.0993,8.1676,16.2799,11.7432,21.5748,23.186,23.8242,10.796299999999999,0.1809,6.3165,5.8136,6.3952,5.304399999999999,16.7683,19.9649,9.4037,10.1633,11.3056,10.946,11.8931,11.9973,16.4969,9.4946,24.3096,5.2133,12.0815,19.956799999999998,2.9188,5.534,12.687700000000001,11.1284,22.6459,11.278799999999999,8.759,12.318,10.5923,10.5764,14.5929,12.5094,6.4672,6.2573,4.7812,14.8495,13.9598,6.2225,12.3415,8.2014,7.6712,23.1602,13.3352,12.443100000000001,14.73,19.5654,12.2926,5.6816,10.6913,5.8862,7.7446,2.3962,12.4122,8.725700000000002
2,3.2018,1.7122,0.0,1.9305999999999999,5.5842,7.6737,6.4056999999999995,7.7062,5.7242,7.9727,2.4315,0.4218,2.3655999999999997,8.2244,7.2927,17.801,10.8683,18.0685,18.3255,18.9637,9.9214,1.9770999999999999,7.8376,4.9387,5.427899999999999,3.8381999999999996,13.262,16.4585,8.528799999999999,9.2884,10.4307,10.0711,11.0182,11.122399999999999,18.018,8.6197,19.449099999999998,3.2456,11.2066,16.4505,1.9755999999999998,4.0678,11.8128,10.2535,17.5353,10.4039,7.8842,11.443100000000001,8.994299999999999,9.1102,13.718,11.6346,5.2959,7.293,3.315,16.3707,15.4809,4.7563,11.4666,9.7226,6.205100000000001,18.2997,12.4603,11.568200000000001,16.2511,16.059,11.4177,4.2155,9.8164,4.42,9.2657,0.7486,11.5373,7.8508000000000004
3,4.1641,3.1361,1.7462,0.0,7.5648,9.6543,7.317399999999999,6.928100000000001,6.4474,8.2173,0.9007000000000001,2.146,3.0275,8.469,6.787,16.8326,9.507299999999999,20.944599999999998,20.3062,20.9443,10.166,2.9465,6.7989,5.3073999999999995,7.4085,5.502800000000001,16.1381,19.3346,8.7735,11.206299999999999,12.348600000000001,10.315700000000001,11.262799999999999,8.610899999999999,17.049599999999998,8.8643,21.4297,4.364199999999999,11.4512,19.3266,0.2304,5.732399999999999,11.3164,10.4981,19.516,12.3218,8.1288,10.1902,9.4651,9.581,15.6359,13.5524,6.9605,6.4633,4.2773,15.4022,14.5125,6.4209,9.3888,8.6838,7.1167,20.2803,14.378200000000001,11.8128,15.2826,18.9351,9.4553,5.8801000000000005,10.0611,5.395899999999999,8.227,1.6827,9.406799999999999,7.4613000000000005
4,3.5888,7.5667,6.6897,8.6521,0.0,3.4208000000000003,3.7762,7.0505,6.3534,7.317,9.153,6.2748,6.8151,6.2348,11.9841,22.7344,15.6951,14.5025,12.5511,13.1893,9.2657,7.3771,13.2376,6.4524,0.44480000000000003,2.1934,9.696,12.8925,7.8732,13.732,12.8781,9.4154,8.2627,14.3269,22.951400000000003,6.6301000000000005,13.674700000000001,5.6884,8.334700000000002,12.8845,8.697,2.0785,10.4162,7.5706999999999995,11.7609,12.573799999999999,5.9094,16.378,10.5619,10.6778,15.404200000000001,18.161,0.6891,13.780700000000001,4.405,21.304,20.4143,1.9170999999999998,15.885200000000001,15.1225,3.5755,12.5253,16.926099999999998,9.2435,21.1845,12.4931,11.3018,1.9013,7.5089,4.3278,14.665700000000001,6.9089,15.9031,13.515
5,6.095,8.633,7.756,9.7185,3.127,0.0,6.480899999999999,9.088899999999999,8.9055,10.222299999999999,10.219299999999999,7.3412,8.791799999999999,8.741100000000001,13.963700000000001,21.8499,16.7615,16.0337,11.3445,11.982700000000001,12.1052,8.4435,14.304,9.306,2.9707,4.6996,12.2005,14.4237,10.780299999999999,14.798399999999999,14.9441,12.3226,10.9674,15.3933,22.0669,9.136299999999999,12.4681,7.6099,11.039399999999999,14.415700000000001,9.763399999999999,4.6044,12.7198,10.2753,10.5543,14.8758,8.415700000000001,17.4444,11.6283,11.744200000000001,19.3247,19.227400000000003,3.215,14.847100000000001,6.9112,20.4195,19.529700000000002,4.443,16.9515,16.1889,6.2802,11.3186,17.9925,13.819700000000001,20.2999,14.0242,12.3682,4.2297,10.2136,6.8341,15.7321,7.9752,16.9695,14.5814
6,4.360600000000001,9.1989,7.2109,7.8373,3.9893,6.769399999999999,0.0,3.6841999999999997,3.9688000000000003,3.1049,7.4632,7.6821,5.976,2.5789,11.33,24.0104,11.3117,12.4849,16.6427,17.2808,6.3421,8.7844,13.976700000000001,4.562399999999999,3.833,4.0777,7.6784,10.8749,4.2703999999999995,9.348600000000001,9.4952,4.9592,4.9275,9.9435,24.2273,3.2306,17.766299999999998,4.0054,4.9995,10.8669,7.696,4.4235,7.4925,4.235399999999999,16.594,9.6502,2.524,11.9947,5.773899999999999,6.285,12.4805,13.0342,3.6608,13.6411,4.2863,22.58,21.6902,4.5305,11.5018,15.861600000000001,0.5362,16.616799999999998,12.5427,5.9286,22.4604,10.4755,6.9193,3.7857,4.1737,3.1324,15.4047,6.7,11.5197,9.1316
7,4.2273000000000005,8.1862,8.2369,8.0445,6.6701999999999995,9.450299999999999,4.1754,0.0,1.1428,1.1588,7.6704,8.4686,4.9634,1.9984000000000002,8.426200000000001,24.136400000000002,8.4079,13.776200000000001,19.471700000000002,20.1098,3.1075,8.2566,14.1027,3.5496999999999996,6.5139,4.884,8.969700000000001,12.1662,1.715,6.4448,6.7199,3.2571999999999997,4.6336,7.0397,24.3533,1.8676,20.595200000000002,4.016,4.3927,12.1582,7.9031,5.1136,4.258,3.5136999999999996,19.423,6.4156,1.3509,9.0908,2.9036,3.3025,9.246,8.9908,6.3416999999999994,13.767100000000001,4.153,22.706,21.816200000000002,5.8021,8.5979,15.9876,3.9747,19.4458,8.7622,4.7543999999999995,22.5864,11.7667,4.0031,5.2613,3.2832,2.9861999999999997,15.5308,6.6304,8.6159,6.2278
8,3.0813,6.6335,6.6842,6.3445,6.0717,8.851799999999999,4.4488,1.6396,0.0,2.37,5.9703,6.9158,3.4053,2.6953,6.652100000000001,22.5175,8.5788,16.1764,20.506400000000003,21.144599999999997,4.3188,6.7038,12.483799999999999,1.8384,5.9154,4.2855,11.3699,14.5664,2.9261999999999997,6.2986,6.8176000000000005,4.4684,5.8448,7.2106,22.7344,3.0788,21.63,2.4611,5.603899999999999,14.558399999999999,6.2031,4.5151,5.4692,4.7249,20.4578,6.7493,2.5621,9.261700000000001,4.1148,4.5137,10.4572,8.9586,5.7432,12.148200000000001,2.3735999999999997,21.0871,20.1973,5.203600000000001,8.768799999999999,14.3687,4.7454,20.4806,9.8095,5.9656,20.9675,14.1669,4.2417,4.6628,4.4944,2.3876999999999997,13.9119,5.0777,8.7868,6.3987
9,3.9877,8.001100000000001,8.0518,7.8593,5.6295,8.409600000000001,3.3398000000000003,0.8376,1.8847,0.0,7.4852,8.2834,4.7782,1.6542000000000001,8.7569,23.9512,8.7386,13.9033,19.5446,20.1828,3.4383000000000004,8.071399999999999,13.9175,3.3645,5.473199999999999,4.644399999999999,9.0968,12.293299999999999,2.0457,6.7755,7.0506,3.588,4.964300000000001,7.3704,24.168200000000002,1.9947000000000001,20.668200000000002,3.8308,4.7235,12.2853,7.718,4.874,4.5887,3.8444000000000003,19.496,6.7463999999999995,1.0512000000000001,9.4215,3.2343,3.6332,9.5767,11.0458,5.301,13.5819,3.9134,22.520799999999998,21.6311,5.0229,8.928700000000001,15.8024,3.1391999999999998,19.5188,9.0929,5.085100000000001,22.4012,11.893799999999999,4.3338,4.4821,3.614,2.7466999999999997,15.345600000000001,6.4453000000000005,8.9466,6.5585
10,4.670100000000001,2.5469,2.2521999999999998,1.0665,8.25,10.1603,7.158600000000001,6.769399999999999,6.288600000000001,8.0585,0.0,2.652,2.8688000000000002,8.3103,6.6283,16.278,9.3485,20.7858,20.8122,21.4503,10.007299999999999,2.78,6.2443,5.1487,8.0937,6.4638,15.979299999999999,19.1758,8.614700000000001,10.076,11.2183,10.1569,11.104,8.452200000000001,16.495,8.7055,21.9357,4.2055,11.292399999999999,19.1678,0.9251,6.6934,11.1577,10.3394,20.022,11.1915,7.97,10.0314,9.3064,9.4223,14.505600000000001,12.4222,7.9215,5.9087,4.8012,14.8476,13.9579,7.3819,9.2301,8.129199999999999,6.958,20.7863,13.2479,11.6541,14.728,18.7763,9.2966,6.8411,9.902299999999999,5.2372,7.6724,2.1887,9.248,7.3025
11,2.9652,2.0208,0.48719999999999997,2.1515,5.1719,7.2614,6.1691,6.9061,5.4876000000000005,7.1726,2.6523000000000003,0.0,2.3004000000000002,7.5415,7.6167,17.6552,11.1923,17.8319,17.9133,18.5514,9.1213,1.8312,7.6918,4.5611999999999995,5.0156,3.6016,13.0253,16.221899999999998,7.7287,9.6125,10.7548,9.271,10.6473,11.4465,17.8721,7.881399999999999,19.0368,3.1804,10.4065,16.2139,2.1964,3.8312,9.849200000000002,9.5274,17.123099999999997,10.7279,7.2038,11.767100000000001,8.757700000000002,8.8736,14.042,11.9586,5.0593,7.617100000000001,3.0784000000000002,16.2248,15.335,4.519699999999999,11.7906,9.5767,5.9685,17.887400000000003,12.7844,10.7681,16.1052,15.8224,9.4976,3.9788,9.297,4.1834,9.1199,0.6934,11.8614,8.1749
12,3.3827,4.1611,2.4053,3.082,6.5207,8.9716,5.2313,4.4049,3.5873000000000004,5.462899999999999,2.7079,2.1936,0.0,5.714600000000001,5.6581,19.2551,9.3056,18.190099999999997,22.5202,23.1583,7.4116,4.2314,9.2214,2.4393000000000002,6.3644,4.7345,13.3836,16.580099999999998,6.019,7.7258000000000004,8.8681,7.5613,8.5084,7.482,19.472,6.1099,23.6437,1.0591,8.6968,16.5721,2.9406999999999996,4.9641,8.562,7.7437,18.2355,8.8412,5.3743,9.8804,7.2076,7.0578,12.155299999999999,10.0719,6.1922,8.8858,2.9191,17.8247,16.934900000000003,5.6526000000000005,9.904,11.1063,5.030600000000001,22.4943,10.8977,9.058399999999999,17.705099999999998,16.1807,6.6043,5.111800000000001,7.3066,3.067,10.6495,1.682,9.9747,6.2162
13,5.0373,8.9583,9.009,8.816600000000001,5.8796,8.6597,2.6995,1.7867,2.4525,1.2074,8.4425,9.2407,5.735399999999999,0.0,9.334299999999999,24.9085,9.316,12.447299999999998,18.142799999999998,18.781,4.3892,9.0287,14.874799999999999,4.3218000000000005,5.7233,5.694,7.6408000000000005,10.837399999999999,2.3729,7.353,8.0016,3.2543,3.7605999999999997,7.9478,25.125400000000003,0.8177000000000001,19.2664,4.788,3.8826,10.8293,8.6752,5.9236,5.5397,2.9959000000000002,18.094099999999997,7.6973,0.6266,9.999,3.7782,4.2893,10.527700000000001,11.0385,5.5511,14.539200000000001,4.963,23.478099999999998,22.5883,5.9232,9.5061,16.759700000000002,2.996,18.117,10.547,3.9606,23.3585,10.437899999999999,4.9237,5.3823,2.3423000000000003,3.7962,16.3029,7.4025,9.524,7.136
14,8.478299999999999,7.5035,7.570600000000001,6.2818000000000005,11.616299999999999,13.7183,11.3596,8.7179,6.1083,8.9,5.9077,6.940300000000001,5.8211,9.739600000000001,0.0,20.5359,3.4537,20.393099999999997,28.933,29.5712,7.4792,7.590199999999999,10.5022,6.440300000000001,11.46,9.830200000000001,15.5866,18.7832,7.7275,3.7793,7.4658999999999995,7.908,9.2781,2.9055999999999997,20.7529,9.283100000000001,30.0566,6.7205,9.0372,18.7752,6.1405,10.0598,6.4831,8.570200000000002,28.3929,7.397600000000001,9.0921,3.7156,6.831,6.734,10.3546,6.4456999999999995,11.2879,10.1667,8.1675,19.1056,18.215799999999998,10.748299999999999,3.1151999999999997,12.3872,10.345799999999999,28.9072,9.827,8.3937,18.986,18.3837,5.9366,10.2074,8.1332,8.7446,11.930299999999999,6.4286,3.1332,2.2288
15,20.5856,16.3462,17.7777,16.953200000000002,22.051299999999998,21.177400000000002,23.6786,23.2893,22.8086,24.5785,17.025,17.6298,19.3887,24.8302,21.4159,0.0,24.136200000000002,37.1918,29.266599999999997,29.904799999999998,26.5272,16.5794,12.6764,21.668599999999998,21.8951,20.8158,33.358599999999996,35.5818,25.134700000000002,26.114,27.2563,26.6769,27.624,23.2398,1.3599,25.2255,30.3902,20.7254,27.8124,35.573800000000006,16.8119,20.3357,28.6384,26.859299999999998,28.7265,27.2295,24.49,24.8191,25.8263,25.9422,30.543599999999998,28.4602,21.9671,12.8216,20.6988,1.9350999999999998,2.8113,20.8346,24.3262,11.8639,23.4779,29.2408,29.2859,28.174,2.0007,35.182300000000005,25.8578,21.193099999999998,26.4223,21.757099999999998,12.725299999999999,18.322599999999998,24.3442,22.5631
16,14.2653,11.2029,11.2536,9.3871,16.6477,18.7372,15.2143,8.4558,8.1041,8.6379,9.013,11.485299999999999,10.5021,9.4775,3.7746,23.6412,0.0,20.131,31.2449,31.8831,6.735,11.273299999999999,13.6075,11.1806,16.491400000000002,14.9017,15.3245,18.521099999999997,7.4654,2.4821,4.3568,7.9913,9.179799999999998,1.5019,23.8582,9.021,32.3685,11.0663,8.9389,18.513099999999998,9.2458,12.7446,5.7388,8.3081,30.7048,4.329899999999999,8.83,1.1990999999999998,7.0693,6.293,7.657100000000001,3.4412,16.3594,13.272,10.265799999999999,22.210900000000002,21.321099999999998,12.959100000000001,1.2226,15.4925,15.5108,31.219099999999997,6.3995,7.6495,22.0913,18.121599999999997,5.3438,15.279,7.8711,13.679799999999998,15.0356,11.9935,1.0535999999999999,2.2918000000000003
17,14.1082,17.7863,16.9585,17.644599999999997,13.220600000000001,14.0024,10.945,12.7886,12.556299999999998,12.2705,17.2705,20.0292,14.5635,11.157399999999999,19.0679,35.232099999999996,19.049599999999998,0.0,16.811400000000003,17.4496,13.9151,17.8567,23.7028,13.149799999999999,13.0643,13.6795,2.6984,2.379,12.2865,17.0865,17.2331,12.6971,12.6654,17.6814,35.4491,11.238,17.935,13.616100000000001,12.7374,0.5402,17.5032,14.0252,15.0655,11.9733,16.762700000000002,17.1648,11.601600000000001,19.732599999999998,13.5118,14.0229,15.9839,19.854599999999998,12.892100000000001,23.3672,14.0339,33.8017,32.912,14.132200000000001,19.2397,25.5877,11.554799999999998,16.7856,17.6109,13.6665,33.682199999999995,0.9387000000000001,14.657200000000001,13.3874,11.9116,13.956700000000001,25.1309,16.2305,19.2576,16.8695
18,16.1489,19.6552,18.778200000000002,20.7407,12.969700000000001,11.571,17.8182,20.111099999999997,21.7456,20.514599999999998,21.2415,18.3633,19.814,19.4015,28.9555,29.4437,31.4737,19.2009,0.0,0.6381,22.1591,19.4656,25.3262,22.3392,13.0049,14.7535,16.7367,17.5909,20.5305,25.8206,25.4772,20.9411,20.9094,29.884,29.660700000000002,19.482,1.1236,18.632099999999998,20.9814,17.582900000000002,20.7856,14.6386,23.3095,20.2174,1.3891,25.408900000000003,19.845599999999997,33.1059,22.6504,22.766299999999998,30.9405,33.2974,13.2492,25.8692,16.9651,28.0134,27.1236,14.4772,31.6638,27.2111,17.7025,0.3394,32.5676,21.9106,27.8938,17.1914,22.9013,14.4614,20.1556,16.887900000000002,26.7543,18.997400000000003,31.6817,29.293599999999998
19,16.166700000000002,19.673,18.796,20.7585,12.9875,11.588799999999999,16.0302,20.1289,22.1814,20.950400000000002,21.2593,18.3811,19.8317,19.8373,29.391299999999998,29.8795,31.9095,19.636599999999998,1.4849,0.0,22.594900000000003,19.483400000000003,25.3439,19.0303,13.0227,14.7713,17.1725,18.0267,20.9663,25.8383,25.984,21.376900000000003,21.345200000000002,30.3198,30.0965,19.9178,1.9332,18.649900000000002,21.4172,18.0186,20.8034,14.6564,23.759700000000002,20.653200000000002,1.3800999999999999,25.9157,18.487299999999998,33.5417,22.668200000000002,22.7841,31.3763,33.7332,13.267,25.887,16.9829,28.449099999999998,27.5594,14.495,32.099599999999995,27.228900000000003,15.829600000000001,1.459,33.0034,22.346400000000003,28.3296,17.627200000000002,23.408099999999997,14.4792,20.5914,16.9057,26.772,19.0152,32.1175,29.729400000000002
20,6.4622,10.4212,9.3583,10.2795,8.9052,11.6853,6.2791999999999994,3.2117,3.9211,3.3938,9.9054,10.7036,7.198300000000001,4.2334,7.4022,26.3714,7.3839,15.2162,20.9116,21.549799999999998,0.0,10.4916,16.3377,5.7847,8.748899999999999,7.119,10.4097,13.606200000000001,2.2805,4.661,4.2437,1.4850999999999999,2.8615,6.0157,26.5883,4.102600000000001,22.0352,6.251,2.6206,13.5982,10.1381,7.3486,1.7818,2.6755,20.863,3.9395,3.5859,8.0668,0.3347,0.7583,6.7698,7.321,8.5767,16.0021,6.388,24.941,24.0512,8.0371,7.5739,18.2226,6.2097,20.8858,6.286,2.2782,24.8214,13.206700000000001,1.5604,7.4962,2.6759,5.2212,17.7658,8.8654,7.5919,5.2038
21,4.5575,0.1809,1.5458,3.2048,7.0299,9.119399999999999,7.7615,8.7011,7.0907,8.9675,2.7538,1.7775,4.4338,9.219299999999999,8.2875,16.0903,11.863100000000001,21.6948,23.1354,23.7736,10.9162,0.0,6.127,5.9336,6.873600000000001,5.193899999999999,16.8883,20.084799999999998,9.523700000000002,10.283299999999999,11.425600000000001,11.0659,12.013,12.117299999999998,16.307299999999998,9.6145,24.259,5.3332,12.2014,20.0768,3.0634,5.4235,12.8077,11.248299999999999,22.595299999999998,11.398700000000002,8.879,12.437899999999999,10.350100000000001,10.466,14.7128,12.6294,6.945600000000001,6.4018999999999995,4.6707,14.66,13.7702,6.112,12.4614,8.011899999999999,7.5608,23.109599999999997,13.455200000000001,12.5631,14.5404,19.685299999999998,12.412600000000001,5.5712,10.8113,5.7757,7.555,2.2858,12.532200000000001,8.8457
22,10.6259,6.3865,7.818,6.7336,12.0916,14.1812,13.4589,13.069700000000001,12.588899999999999,14.358799999999999,6.8054,7.670100000000001,9.1691,14.6106,11.196299999999999,12.556700000000001,13.9165,27.0861,28.197200000000002,28.8353,16.3076,6.6196,0.0,11.449,11.9353,10.8561,22.2796,25.4761,14.915,15.8944,17.0367,16.4573,17.4043,13.0202,12.7736,15.0059,29.320700000000002,10.505799999999999,17.5927,25.4681,6.5922,10.376,18.4188,16.6397,27.657,17.0098,14.270299999999999,14.5995,15.6067,15.7226,20.323900000000002,18.2405,12.007299999999999,1.1990999999999998,10.7391,11.126299999999999,10.2365,10.8749,14.1066,2.265,13.258299999999998,28.1713,19.0663,17.9544,11.0067,25.076700000000002,15.638200000000001,11.2334,16.2026,11.5375,1.2594,8.3629,14.1245,12.3435
23,2.4773,5.6261,4.329,5.2444,5.4265,8.2066,4.3904,2.6819,1.5115,3.4123,4.8703,4.342,2.1573,3.6424000000000003,7.1231,21.4174,8.8566,16.1179,20.448,21.0861,5.3611,5.6964,11.383700000000001,0.0,5.2702,3.6403000000000003,11.311399999999999,14.5079,3.9685,6.5764,7.0954,5.510800000000001,6.8871,7.4883999999999995,21.634400000000003,4.1211,21.5715,1.2130999999999998,6.646199999999999,14.4999,5.103,3.8699,6.5115,5.6715,20.3993,7.027100000000001,3.3021,9.5395,4.5503,4.6662,10.226,11.5369,5.098,11.048200000000001,1.7775999999999998,19.987,19.0973,4.5584,9.0466,13.268600000000001,4.6869,20.422099999999997,10.087299999999999,7.007899999999999,19.8675,14.1085,4.5195,4.0176,5.5368,1.9255,12.8118,3.8303000000000003,9.0646,6.6765
24,3.1893000000000002,7.1868,6.3098,8.2723,0.26080000000000003,3.0409,3.5751,6.651,5.9539,6.0908,8.773100000000001,5.8949,6.4156,5.8353,11.5846,22.8212,15.3152,14.3015,12.765799999999999,13.4039,8.866200000000001,6.997199999999999,12.8578,6.052899999999999,0.0,1.7939,9.4949,12.6915,7.4737,13.3522,12.4786,9.0159,8.0616,13.947,23.0381,6.230600000000001,13.8894,5.2889,8.1336,12.6835,8.317200000000001,1.6987,10.0167,7.3696,11.9756,12.174299999999999,5.5099,15.9982,10.182,10.2979,15.004700000000001,17.781200000000002,0.3093,13.4009,4.0055,21.3908,20.501,1.5372000000000001,15.5053,14.742700000000001,3.3744,12.7399,16.546200000000002,8.844,21.2712,12.292,10.921899999999999,1.324,7.3078,3.9283,14.2859,6.529,15.523299999999999,13.135200000000001
25,2.0923000000000003,5.560899999999999,4.2982,6.0251,1.932,4.7121,3.4747,5.554,4.8568999999999996,5.8205,7.0857,4.269,5.3186,4.9352,10.4876,21.1952,12.963,14.9419,14.437,15.0752,7.7692,5.3713,11.2318,4.9559,1.7757,0.0,10.135399999999999,13.332,6.3767,11.0,11.3816,7.9189,7.7286,11.5948,21.412200000000002,5.3305,15.5606,4.1918999999999995,7.8507,13.3239,6.07,0.2306,8.9197,6.9639,13.646799999999999,11.0773,4.594600000000001,13.646,7.5652,7.9456999999999995,13.9076,14.6855,1.6035,11.774899999999999,2.9085,19.7648,18.875,0.4496,13.1531,13.116700000000002,3.274,14.411200000000001,14.194,9.416,19.6452,12.9325,8.6648,0.5231,6.5268999999999995,2.8313,12.6599,4.4293000000000005,13.171100000000001,10.783
26,10.569,16.563200000000002,13.4193,16.4215,9.6814,12.0556,7.4058,9.2495,11.333200000000001,8.731399999999999,16.0474,16.49,13.340399999999999,7.6183000000000005,15.528799999999999,33.2854,15.510399999999999,4.0506,14.6761,15.3143,10.3759,16.633599999999998,22.4797,11.9267,9.5251,10.1403,0.0,2.7866,8.7473,13.5474,13.694,9.1579,9.1262,14.142299999999999,33.502300000000005,7.6988,15.799700000000001,12.393,9.1982,2.4326,16.2801,10.4861,11.526299999999999,8.4342,14.6274,13.6257,8.0624,16.1934,9.9726,10.4837,15.3194,17.2329,9.353,22.144099999999998,10.4947,31.855,30.9652,10.593,15.7005,24.3646,8.015699999999999,14.6503,16.9465,10.1274,31.735400000000002,2.0412,11.1181,9.8482,8.372399999999999,10.4175,23.907799999999998,15.0074,15.7185,13.3304
27,13.6169,19.6112,16.467200000000002,19.4695,12.7294,13.140799999999999,10.453700000000001,12.2974,14.381200000000002,11.7793,19.095299999999998,19.538,16.3883,10.6662,18.576700000000002,34.370599999999996,18.558400000000002,3.4711,15.9498,16.588,13.4238,19.6815,25.5276,14.9747,12.5731,13.1883,2.6386,0.0,11.7953,16.595299999999998,16.7419,12.2058,12.1742,17.1902,34.5875,10.746799999999999,17.073400000000003,15.4409,12.2462,1.8531,19.3281,13.534,14.5743,11.4821,15.901200000000001,16.673599999999997,11.1104,19.2413,13.0205,13.5317,16.3399,20.2808,12.4009,25.1921,13.5426,32.9402,32.0504,13.641,18.7485,27.412599999999998,11.063600000000001,15.924,17.967,13.1753,32.8206,1.4616,14.166,12.8962,11.420399999999999,13.4655,26.9557,18.055400000000002,18.7664,16.3783
28,4.9147,8.873700000000001,8.9244,8.732,7.357600000000001,10.1377,4.4873,1.6642000000000001,2.3735999999999997,1.4225999999999999,8.3578,9.1561,5.6508,2.2451,7.897,24.823900000000002,7.8787,13.831,19.5265,20.1646,2.5783,8.9441,14.7902,4.2372,7.2013,5.5715,9.0245,12.221,0.0,5.9156,6.1907,2.1136,3.1022,6.5105,25.0408,2.1143,20.65,4.703399999999999,3.2241999999999997,12.213,8.5906,5.8011,3.7288,2.3375,19.4778,5.8864,1.6628,8.5616,2.3743000000000003,2.7733000000000003,8.7168,10.1859,7.0291999999999994,14.454600000000001,4.8404,23.3935,22.503700000000002,6.4896,8.0687,16.675099999999997,4.2867,19.5006,8.233,4.2252,23.2739,11.8215,3.4739,5.9487,2.107,3.6736999999999997,16.2182,7.3179,8.0867,5.698600000000001
29,9.6723,9.9916,10.0423,8.594,12.0399,14.437899999999999,9.1281,6.3899,6.0097,6.572,8.219899999999999,10.274,6.408399999999999,7.4116,4.409800000000001,25.9417,2.2949,18.0652,23.7606,24.398799999999998,4.378,10.0619,15.908,6.3354,11.8836,10.2537,13.2586,16.4552,5.3995,0.0,3.1455,5.6343000000000005,6.8228,1.6874,26.1587,6.955100000000001,24.8842,6.2524,6.581899999999999,16.447200000000002,8.4526,10.678700000000001,3.3818,6.2421999999999995,23.712,3.1186,6.7641,2.8697,4.7123,3.6328,6.4458,3.3537,11.5808,15.5725,8.1999,24.511400000000002,23.621599999999997,10.8933,2.8931999999999998,17.793,9.424700000000001,23.7348,5.1881,5.2924,24.3918,16.0557,2.8353,10.631,5.8052,8.3994,17.3361,10.782200000000001,2.9639,1.8828
30,10.2659,11.0603,11.111,13.033,12.7088,14.6355,9.4845,7.0153,6.5845,7.1975,12.9932,11.3427,10.3595,8.0371,7.333699999999999,27.0105,4.337899999999999,18.4215,24.117,24.7551,3.987,11.130700000000001,16.9768,7.5373,12.5525,10.922600000000001,13.615,16.8115,5.7558,2.7699000000000003,0.0,5.243399999999999,6.4319,4.5921,27.227400000000003,7.9063,25.2405,8.1599,6.191,16.8035,13.0779,10.8764,2.9909,6.2459,24.0683,0.49210000000000004,7.3895,4.9128,4.3214,3.5450999999999997,3.7333000000000003,3.4566,12.3803,16.6412,8.7245,25.580099999999998,24.6903,11.0909,4.9363,18.8617,10.013399999999999,24.091099999999997,2.7992,4.9015,25.4605,16.412,2.6515,11.2999,6.2463,9.024899999999999,18.4049,11.851,5.007,5.0991
31,6.8898,10.7919,9.7784,10.6502,8.3862,11.1663,4.9174,3.6393,4.1962,3.07,10.2761,11.0743,7.569100000000001,3.0017,7.952,26.742099999999997,7.9337,13.8544,19.549799999999998,20.188,1.7708,10.8623,16.7084,6.155399999999999,8.229899999999999,7.546600000000001,9.0479,12.244399999999999,1.8807,5.5651,5.1479,0.0,1.4808,6.5655,26.959,2.7444,20.6734,6.6217,1.2399,12.2364,10.508799999999999,7.7761000000000005,2.686,1.2948,19.5012,4.8436,3.3066999999999998,8.6166,1.5668,2.5921,7.674,8.225100000000001,8.0577,16.372799999999998,6.8155,25.311700000000002,24.4219,8.4647,8.123800000000001,18.5933,5.2139,19.524,7.1902,1.3179,25.1921,11.844899999999999,2.8078000000000003,7.9238,1.2952000000000001,5.6488000000000005,18.1365,9.2361,8.1417,5.7536000000000005
32,8.196,12.0982,11.0846,11.9564,8.2477,11.0278,5.0675,4.9455,5.5024,4.3762,11.5823,12.3805,8.8753,3.6529000000000003,9.2582,28.048299999999998,9.2399,14.033700000000001,19.729200000000002,20.3674,3.0209,12.1685,18.014599999999998,7.461600000000001,8.0914,8.852799999999998,9.2272,12.4238,3.1869,6.8152,6.398,1.5985,0.0,7.8717,28.2653,3.4019,20.8528,7.927899999999999,0.478,12.415700000000001,11.815100000000001,9.0824,3.9360999999999997,0.8172,19.6805,6.0937,4.6129,9.9229,2.8169,3.8421999999999996,8.924,9.475200000000001,7.9192,17.679,8.1217,26.617900000000002,25.728099999999998,9.7709,9.43,19.8995,5.3641000000000005,19.703400000000002,8.440299999999999,2.568,26.4983,12.024299999999998,4.0579,9.23,1.5854000000000001,6.955,19.442700000000002,10.5423,9.447899999999999,7.0598
33,10.3845,10.7247,10.7754,8.188,13.4698,15.867799999999999,10.5581,7.8198,6.666399999999999,8.0019,7.813899999999999,11.007,7.0651,8.8415,2.9231,22.7897,1.5019,19.495099999999997,30.4299,31.068,5.820600000000001,10.795,12.756,6.992100000000001,13.3135,11.6836,14.688600000000001,17.885099999999998,6.8294,1.7726,3.8785,7.0099,8.2654,0.0,23.006700000000002,8.385,31.5534,6.9091000000000005,8.0245,17.8771,8.0466,12.108600000000001,4.8244,7.6721,29.8897,3.8516999999999997,8.194,2.2005,5.9329,5.0753,7.1789,3.9438,13.0107,12.420399999999999,10.0737,21.359299999999998,20.4696,12.3232,2.1074,14.6409,10.8546,30.404,5.9212,6.735,21.2398,17.485599999999998,4.2779,12.0609,7.2351,9.8293,14.1841,8.3348,2.1254,1.4768
34,20.802599999999998,16.563200000000002,17.9946,17.1702,22.2683,21.3944,23.8955,23.5063,23.0255,24.7954,17.242,17.846799999999998,19.605700000000002,25.0472,21.632900000000003,1.3599,24.353099999999998,37.408699999999996,29.4836,30.1217,26.7442,16.7963,12.8934,21.8856,22.112,21.032799999999998,33.5755,35.7987,25.351599999999998,26.331,27.4733,26.893900000000002,27.8409,23.456799999999998,0.0,25.4425,30.607200000000002,20.942400000000003,28.0293,35.790699999999994,17.0288,20.5527,28.855400000000003,27.0763,28.9434,27.4464,24.7069,25.036099999999998,26.0433,26.159200000000002,30.7605,28.6771,22.184,13.0385,20.9158,2.1521,3.0283,21.051599999999997,24.543200000000002,12.0809,23.6949,29.4577,29.5029,28.391,2.2177,35.399300000000004,26.0748,21.4101,26.639200000000002,21.9741,12.942200000000001,18.5395,24.5611,22.780099999999997
35,5.391,9.344299999999999,9.395,9.2026,6.5337,9.313799999999999,3.3535999999999997,2.1405,2.8663000000000003,1.6224,8.8285,9.626700000000001,6.1213999999999995,0.7908,8.7225,25.2945,8.7042,12.5417,18.2372,18.8753,4.1568000000000005,9.4147,15.2608,4.7078,6.3774,6.0478000000000005,7.7352,10.931700000000001,1.7610999999999999,6.7411,7.769100000000001,2.6424000000000003,3.1115999999999997,7.336,25.511400000000002,0.0,19.3607,5.174,3.2336,10.9237,9.061200000000001,6.277399999999999,5.3072,2.3469,18.1885,7.464899999999999,0.9823999999999999,9.3872,3.1664,3.6775,10.295200000000001,10.4267,6.2052,14.9252,5.3167,23.864099999999997,22.9743,6.9658999999999995,8.8943,17.1457,3.6501,18.211299999999998,9.9352,3.3116,23.7445,10.532200000000001,4.3118,6.425,1.9098,4.15,16.6889,7.7885,8.9122,6.524100000000001
36,17.0684,20.5747,19.6977,21.6601,13.8892,12.4905,18.7377,21.0306,22.6651,21.434099999999997,22.161,19.282799999999998,20.733400000000003,20.321,29.875,30.3632,32.3932,20.1203,1.3015,1.6898,23.078599999999998,20.385099999999998,26.2456,23.258599999999998,13.9244,15.673,17.656200000000002,18.5103,21.45,26.74,26.3966,21.860599999999998,21.8289,30.8035,30.5802,20.4015,0.0,19.551599999999997,21.9009,18.502299999999998,21.705099999999998,15.5581,24.229,21.1369,2.3085999999999998,26.3283,20.765099999999997,34.025400000000005,23.5699,23.6858,31.86,34.2169,14.168700000000001,26.788700000000002,17.8846,28.9328,28.0431,15.396700000000001,32.5833,28.130599999999998,18.6219,1.2589000000000001,33.4871,22.830099999999998,28.813299999999998,18.1109,23.8208,15.3809,21.0751,17.8074,27.6737,19.916900000000002,32.6012,30.213099999999997
37,2.3225,5.0724,3.3472,4.0803,5.4606,7.532,3.6976999999999998,3.7596999999999996,2.5894,4.4513,3.7062,3.1421,0.9991,4.703,6.5693,20.2533,10.216899999999999,17.1786,17.9656,18.6037,6.4,5.1427,10.2196,1.4259000000000002,5.3043000000000005,3.6744,12.3721,15.5686,5.0075,6.4081,9.779399999999999,6.5497,7.4968,7.4422,20.470299999999998,5.0983,19.0891,0.0,7.6852,15.5606,3.9389000000000003,3.904,7.5504,6.7321,17.1754,9.7525,4.3628,10.7917,5.932600000000001,6.0485,13.066600000000001,10.9832,5.1321,9.884,1.8572,18.8229,17.9332,4.5925,10.8152,12.1045,3.497,17.939700000000002,11.809,8.046800000000001,18.7033,15.1691,5.5973999999999995,4.051699999999999,6.295100000000001,2.0051,11.6477,2.6304000000000003,10.886,7.7543999999999995
38,8.0054,11.9075,10.894,11.765799999999999,8.321299999999999,11.1014,5.1411999999999995,4.7548,5.3117,4.1856,11.3916,12.1899,8.6846,3.7265,9.0676,27.8577,9.049299999999999,14.1074,19.802799999999998,20.441,2.8301999999999996,11.9779,17.824,7.271,8.165,8.6621,9.3009,12.497399999999999,2.9962,6.6246,6.2073,1.4078,0.5205,7.681100000000001,28.0746,3.4756,20.9264,7.7372,0.0,12.4894,11.6244,8.8917,3.7454,0.9525,19.7542,5.9031,4.4222,9.7322,2.6262,3.6515,8.7334,9.284600000000001,7.9928,17.488400000000002,7.931100000000001,26.4273,25.5375,9.580200000000001,9.2393,19.7089,5.4376999999999995,19.777,8.249600000000001,2.3773,26.3077,12.0979,3.8672,9.039399999999999,1.6577,6.7643,19.2521,10.351700000000001,9.257299999999999,6.8692
39,13.7023,17.3805,16.552599999999998,17.2387,12.8147,13.5965,10.539100000000001,12.382700000000002,12.1504,11.864700000000001,16.8646,19.6233,14.1576,10.7516,18.662,34.8263,18.6437,1.9038,16.4055,17.0437,13.5092,17.4508,23.2969,12.7439,12.6584,13.2736,2.2925,1.9730999999999999,11.880600000000001,16.6807,16.8273,12.2912,12.2595,17.2755,35.0432,10.8321,17.5291,13.2102,12.3315,0.0,17.0974,13.619399999999999,14.659600000000001,11.5675,16.3569,16.7589,11.1957,19.326700000000002,13.1059,13.617,15.578,19.4488,12.4862,22.961299999999998,13.628,33.395900000000005,32.506099999999996,13.726299999999998,18.8338,25.1818,11.1489,16.3797,17.205,13.2607,33.276300000000006,0.3915,14.2514,12.9815,11.505700000000001,13.550799999999999,24.725,15.8246,18.8518,16.4637
40,4.4868999999999994,2.9372,2.069,0.614,7.8876,9.9771,7.2326999999999995,6.8435,6.3627,8.1326,0.8161,2.4688000000000003,2.9429000000000003,8.3844,6.7024,16.748,9.422600000000001,20.859900000000003,20.629,21.2672,10.0814,3.2694,6.714300000000001,5.2228,7.7313,6.5379,16.0534,19.2499,8.688799999999999,10.1501,11.292399999999999,10.231,11.1781,8.526299999999999,16.9649,8.7797,21.752599999999997,4.2796,11.3665,19.2419,0.0,6.7675,11.2318,10.4135,19.8388,11.265600000000001,8.0441,10.1056,9.3805,9.4964,14.5797,12.4963,7.9956000000000005,6.3787,4.8753,15.3176,14.4278,7.456,9.304200000000002,8.599200000000002,7.032100000000001,20.603099999999998,13.322,11.728200000000001,15.198,18.8505,9.370700000000001,6.9152,9.9764,5.3113,8.1424,2.0055,9.3221,7.3767
41,1.9096,4.666,3.789,5.751399999999999,1.9939,4.774,3.7053000000000003,5.3881000000000006,4.691,5.6546,6.9198,3.3741,5.152699999999999,6.0235,10.3217,20.3003,12.805,15.1371,14.498899999999999,15.137,7.6033,4.4764,10.3369,4.79,1.8376,0.2306,10.3306,13.5271,6.2108,10.841899999999999,11.2157,7.753,9.1294,11.4368,20.5173,6.3633999999999995,15.6225,4.026,8.8885,13.5191,5.7963000000000005,0.0,8.7538,8.0095,13.7087,10.9114,5.6858,13.4879,7.6718,7.7877,13.7418,14.5274,1.5142,10.88,2.7426,18.8699,17.9801,0.2503,12.995,12.2218,3.5046,14.473,14.0359,9.250200000000001,18.7503,13.127600000000001,8.411700000000002,0.5622,7.779,2.6654,11.765,4.0081,13.013,10.6249
42,7.777399999999999,12.2241,12.274799999999999,10.3651,10.2203,12.6622,7.38,4.5268999999999995,5.2363,4.709,9.991,12.5065,8.5135,5.5486,6.180899999999999,25.7255,5.5017,16.317,22.0125,22.650599999999997,1.4986,12.2945,15.691799999999999,6.3202,10.064,8.4342,11.5105,14.707,3.5957,3.1165,2.6993,2.7549,3.9434,4.5367,25.942400000000003,5.417800000000001,23.136,6.9428,3.7025,14.699,10.223799999999999,8.6637,0.0,3.7574,21.9638,2.395,4.901,6.0765,1.8329000000000002,1.0566,5.2254,5.7765,9.8919,15.356200000000001,7.7031,24.295099999999998,23.4053,9.1176,6.3165,17.576700000000002,7.5249,21.9866,4.7416,2.413,24.1755,14.3075,1.4344000000000001,8.811399999999999,3.7578,6.5363999999999995,17.1199,10.1806,6.1708,3.9464
43,7.3837,11.2858,10.2723,11.1441,7.5556,10.335700000000001,4.3755,4.1331999999999995,4.6901,3.5639000000000003,10.77,11.568200000000001,8.062899999999999,2.9609,8.5869,27.236,8.5686,13.341700000000001,19.037200000000002,19.6753,2.8276999999999997,11.356200000000001,17.2023,6.6493,7.3993,8.0404,8.535200000000001,11.7317,2.3746,6.6055,6.2048000000000005,1.4054,0.8172,7.200399999999999,27.452900000000003,2.7099,20.160700000000002,7.115600000000001,0.8737999999999999,11.723700000000001,11.0027,8.27,3.7429,0.0,18.9885,5.900600000000001,3.405,9.2516,2.6238,3.6491,8.7309,10.2911,7.2271,16.8667,7.309399999999999,25.8056,24.9158,8.0968,8.758700000000001,19.0872,4.672,19.0113,8.2471,2.3748,25.686,11.3322,3.8647,7.352,0.8934,6.1427,18.6304,9.73,8.7766,6.3885
44,15.085,18.5914,17.7144,19.6768,11.905899999999999,10.507200000000001,14.9486,19.0473,21.7653,20.534200000000002,20.1777,17.2995,18.7501,19.4211,28.975099999999998,29.4634,26.7198,19.2205,1.1745,1.4002000000000001,22.1787,18.401799999999998,24.2623,17.948700000000002,11.941,13.6897,16.7563,17.6105,20.550099999999997,24.756700000000002,24.9024,20.9607,20.929,29.903599999999997,29.6803,19.5016,2.298,17.5682,21.001,17.6025,19.721799999999998,13.5748,22.678099999999997,20.237,0.0,24.8341,17.4057,27.4027,21.586599999999997,21.7025,30.9602,33.317,12.1854,24.805400000000002,15.901200000000001,28.033,27.1432,13.4134,26.9099,26.1472,14.748,1.1485999999999998,32.5872,21.9302,27.913400000000003,17.211,22.3265,13.3976,20.1753,15.8241,25.6904,17.9336,26.927799999999998,24.5397
45,9.911700000000002,11.016399999999999,11.0671,12.9891,12.3546,15.1347,9.4077,6.6612,6.5077,6.8433,12.949200000000001,11.2987,10.3156,7.6829,7.2569,26.9665,4.294,18.3447,24.040200000000002,24.6783,3.6329000000000002,11.0867,16.9328,7.4605,12.1983,10.5685,13.538200000000002,16.7347,5.73,2.7259,0.4865,4.8892,6.0777,4.548100000000001,27.1835,7.5521,25.163700000000002,8.0831,5.8368,16.7267,13.034,10.798,2.6367,5.8917,23.9915,0.0,7.0353,4.8688,3.9671999999999996,3.1909,3.6832,4.0066999999999995,12.026200000000001,16.5972,9.837399999999999,25.536099999999998,24.6464,11.486600000000001,4.8923000000000005,18.817700000000002,9.6592,24.0143,2.8802,4.5473,25.4165,16.3352,2.5747,10.9457,5.8921,8.6707,18.3609,11.807,4.963,5.0223
46,4.410699999999999,8.331700000000001,8.3824,8.19,5.8568,8.636899999999999,3.1375,1.1601,1.8259,0.5809,7.8159,8.6141,5.108899999999999,0.5997,8.9688,24.2819,8.9505,12.9035,18.599,19.237099999999998,3.7608,8.4021,14.2482,3.6952,5.7005,5.067399999999999,8.097,11.2935,2.0073,6.9874,7.3732,2.8886999999999996,3.395,7.5823,24.498900000000003,0.9823999999999999,19.7226,4.1615,3.5171,11.2855,8.0487,5.297,4.9113,2.6303,18.5503,7.068899999999999,0.0,9.6334,3.5568,3.9236999999999997,9.899299999999998,10.6729,5.5283,13.912600000000001,4.336399999999999,22.8515,21.9617,5.296600000000001,9.140600000000001,16.1331,3.3203,18.5731,10.1815,3.5951,22.731900000000003,10.8941,4.5581000000000005,4.7558,2.1933000000000002,3.1696999999999997,15.6763,6.7759,9.1585,6.7703999999999995
47,15.072,12.0096,12.0603,10.0701,17.4544,19.5439,16.021,9.2625,8.9109,9.444700000000001,9.696,12.292,11.3089,10.2843,3.7367,24.3242,1.1990999999999998,20.9378,33.4228,34.060900000000004,7.5417,12.08,14.2905,11.9873,17.298099999999998,15.7084,16.1313,19.3278,8.2721,3.2889,5.1635,8.7981,9.986600000000001,2.4134,24.5411,9.8278,34.5463,11.873,9.745700000000001,19.3198,9.928700000000001,13.5513,6.5456,9.1149,32.8826,5.136699999999999,9.636700000000001,0.0,7.8761,7.0998,6.9338999999999995,3.2138,17.1661,13.9549,11.0725,22.8938,22.004,13.7659,0.6103999999999999,16.1754,16.3176,33.3969,5.6762,8.4562,22.7742,18.9283,6.1505,16.0857,8.6778,14.4865,15.7186,12.8003,0.5824,2.9748
48,6.4028,10.361799999999999,9.076600000000001,10.2201,8.8457,11.6258,6.2197,3.1523000000000003,3.8617,3.3344,9.8459,10.644200000000001,7.1389,4.174,6.6747,26.3119,6.6564,15.1567,20.8522,21.4904,0.4808,10.4322,16.278299999999998,5.7253,8.6894,7.0596000000000005,10.350200000000001,13.5468,2.2211,4.1949,4.299300000000001,1.4257,2.8021,5.2882,26.5289,4.0432,21.9758,6.1915,2.5612,13.538799999999998,10.078700000000001,7.2891,1.8374000000000001,2.6161,20.8035,3.9951,3.5264,7.339300000000001,0.0,0.6641,6.825399999999999,6.8549,8.517299999999999,15.9427,6.3285,24.8816,23.991799999999998,7.9777,6.8465,18.1632,6.1503000000000005,20.826400000000003,6.341600000000001,2.3338,24.762,13.1473,1.4661,7.4368,2.6165,5.1618,17.7063,8.806,6.8644,4.4763
49,7.0122,10.9339,9.1606,9.922600000000001,9.3798,11.7778,6.4626,3.7244,3.6279,3.9065,9.5485,9.2246,7.081600000000001,4.7461,6.7586,26.896,6.0513,15.399700000000001,21.0951,21.7333,0.6009,11.0721,16.932599999999997,5.2048000000000005,9.2235,7.5936,10.5931,13.7897,2.734,3.6164,3.4635,2.1944,3.8106999999999998,5.0366,27.1129,4.2896,22.218700000000002,5.8274,3.5698000000000003,13.7817,9.7812,8.018600000000001,1.0612000000000001,3.6247,21.0465,3.3952,4.0986,6.6261,0.6634,0.0,6.0492,6.2764,8.9207,15.9339,5.9367,25.4656,24.5758,8.2332,6.9304,18.8175,6.7592,21.0693,5.5653999999999995,2.2803,25.346,13.3902,0.8876000000000001,7.970899999999999,3.1397,5.733899999999999,18.3607,9.379700000000001,6.948300000000001,4.5603
50,12.7642,14.348,14.398700000000002,16.320700000000002,15.2071,17.9872,12.3668,9.5137,10.2231,9.695799999999998,16.2808,14.6303,13.647200000000002,10.5354,10.6197,30.298099999999998,7.6228,19.2967,31.7182,32.3564,6.4853000000000005,14.418299999999999,20.264400000000002,10.758899999999999,15.050799999999999,13.4209,16.834,18.032700000000002,8.5825,6.0546999999999995,3.733,7.7417,8.930200000000001,7.8769,30.515099999999997,10.4046,32.841800000000006,14.2113,8.6893,17.134900000000002,16.3656,13.6505,5.489199999999999,8.744200000000001,31.6696,3.6848,9.887799999999999,7.4252,6.8197,6.043399999999999,0.0,4.291600000000001,14.8786,19.9288,12.6899,28.8677,27.978,14.339,7.4487,22.1493,12.511700000000001,31.692400000000003,2.2191,7.3998,28.748099999999997,17.2873,5.8731,13.798200000000001,8.7446,11.523200000000001,21.6925,15.1386,7.2797,8.3851
51,11.9499,11.7759,11.826600000000001,13.7486,14.3175,19.310200000000002,11.4058,8.6675,8.3375,8.8496,13.7088,12.0583,11.0752,9.689200000000001,7.7902,27.7261,4.3534,20.3428,26.0382,26.6764,7.1929,11.8463,17.692400000000003,11.7536,14.161200000000001,12.5313,15.536299999999999,18.7328,7.6771,3.4827,3.187,7.857600000000001,9.637799999999999,5.3049,27.943099999999998,9.232700000000001,27.1618,11.639299999999999,9.3969,18.7777,13.7936,12.956299999999999,6.1968000000000005,8.5198,25.9896,3.6666,9.0417,4.126,6.780600000000001,6.751,3.982,0.0,13.8584,17.3568,10.4775,26.2957,25.405900000000003,13.1709,4.1496,19.5773,11.7023,26.012400000000003,2.7244,8.1074,26.176099999999998,18.333299999999998,5.571899999999999,12.9086,8.0828,10.677,19.1205,12.566600000000001,3.9805,5.3838
52,3.0543,7.4058,6.5288,8.491200000000001,0.4797,3.2598000000000003,3.4400999999999997,6.516100000000001,5.818899999999999,5.9558,8.047699999999999,6.113899999999999,6.280600000000001,5.7003,11.4496,23.0401,13.8475,14.1665,12.9847,13.6229,8.731200000000001,7.2162,13.0767,5.9178999999999995,0.32339999999999997,1.6589,9.36,12.5565,7.3387,11.8844,12.3436,8.8809,7.9266000000000005,12.479299999999999,23.257099999999998,6.0956,14.1083,5.153899999999999,7.998600000000001,12.5485,8.536100000000001,1.3894000000000002,9.8817,7.2346,12.1945,12.039299999999999,5.375,14.5304,8.7143,8.830200000000001,14.8697,15.5699,0.0,13.6198,3.8705,21.6097,20.719900000000003,1.228,14.0375,14.9616,3.2395,12.9589,15.0785,8.709,21.490099999999998,12.157,9.4542,1.0147,7.172899999999999,3.7933000000000003,14.5048,6.7479,14.0555,11.667399999999999
53,10.2728,6.0919,7.261100000000001,6.607399999999999,12.7479,14.8375,13.3327,12.9435,12.4627,14.2326,6.6792,7.4928,9.0429,14.484399999999999,11.0701,12.807,13.790299999999998,26.9599,28.8535,29.4916,16.1814,6.325,1.1990999999999998,11.322799999999999,12.591700000000001,10.9092,22.1534,25.3499,14.788799999999998,15.7682,16.9105,16.331,17.2781,12.894,13.0239,14.879700000000001,29.9771,10.3796,17.4665,25.341900000000003,6.466,11.0323,18.2926,16.5135,28.313299999999998,16.883599999999998,14.1441,14.4733,15.4805,15.5964,20.1977,18.1143,12.6637,0.0,10.975299999999999,11.3766,10.486799999999999,11.8273,13.9804,3.1575,13.132100000000001,28.827599999999997,18.940099999999997,17.828200000000002,11.257,24.9505,15.512,11.2865,16.0764,11.411299999999999,1.9536,7.7296000000000005,13.998299999999999,12.2173
54,1.4324000000000001,5.4298,3.8808000000000002,5.53,4.4552,7.2353000000000005,3.3906,3.0745999999999998,2.6634,4.2096,5.1559,3.8815999999999997,2.9202,4.5785,8.557799999999999,21.703,10.6703,15.625200000000001,16.9602,17.5984,6.1583000000000006,5.647399999999999,11.6693,2.6586999999999996,4.2989,2.669,10.818700000000002,14.0152,4.7658000000000005,8.7072,9.7706,6.308,7.684399999999999,9.302100000000001,21.92,4.918399999999999,18.0838,1.7677,7.4435,14.007200000000001,5.3886,2.8986,7.3087,6.5645,16.17,9.4664,4.2408,11.353200000000001,5.537100000000001,5.653,12.296700000000001,12.894,4.1267,11.3337,0.0,20.272599999999997,19.3828,3.5871,10.8604,13.554200000000002,3.19,16.9344,11.901299999999999,7.8051,20.153,13.6157,6.277,3.0463,6.334,0.8726,13.0974,3.3699,10.8783,8.490200000000002
55,19.7656,15.526200000000001,16.9577,16.133200000000002,21.2313,20.357400000000002,22.8586,22.4693,21.988599999999998,23.7585,16.205,16.8098,18.5687,24.0102,20.5959,1.9569,23.3161,36.3718,28.4466,29.084799999999998,25.7072,15.7593,11.856399999999999,20.848599999999998,21.075,19.9958,32.5385,34.7618,24.314700000000002,25.294,26.4363,25.856900000000003,26.804,22.4198,2.1738000000000004,24.4055,29.5702,19.9054,26.9924,34.753800000000005,15.9918,19.515700000000002,27.8184,26.0393,27.9065,26.4095,23.67,23.9991,25.0063,25.1222,29.723599999999998,27.6402,21.1471,12.0016,19.8788,0.0,1.9912999999999998,20.014599999999998,23.5062,11.043899999999999,22.6579,28.4208,28.4659,27.354,1.1807,34.362300000000005,25.0378,20.373099999999997,25.6023,20.937099999999997,11.905299999999999,17.502599999999997,23.5242,21.7431
56,18.2727,14.033299999999999,15.4647,14.6403,19.738400000000002,18.8645,21.365599999999997,20.9764,20.4957,22.2656,14.7121,15.3169,17.0758,22.5173,19.103,2.7985,21.8232,34.878800000000005,26.9537,27.591900000000003,24.214299999999998,14.266399999999999,10.3635,19.355700000000002,19.582099999999997,18.5029,31.0456,33.2689,22.8217,23.801099999999998,24.9434,24.364,25.3111,20.9269,3.0154,22.912599999999998,28.0773,18.4125,25.4995,33.2609,14.498899999999999,18.0228,26.3255,24.546400000000002,26.4136,24.9165,22.177,22.5062,23.5134,23.6293,28.230700000000002,26.1472,19.6541,10.5086,18.385900000000003,1.3680999999999999,0.0,18.5217,22.0133,9.551,21.165,26.9279,26.973,25.861099999999997,1.2485,32.8694,23.544900000000002,18.880200000000002,24.109299999999998,19.444200000000002,10.4123,16.009700000000002,22.031200000000002,20.2502
57,1.9918,4.6793000000000005,3.8023000000000002,5.7648,1.6176,4.0502,4.7334,5.4704,4.7733,5.7368999999999994,6.2656,3.3874,5.2349,6.1057,12.8366,20.3137,12.818299999999999,15.3044,14.1226,14.7608,7.6856,4.4898,10.350299999999999,4.8723,1.4613,0.9046000000000001,10.4979,13.6944,6.293,10.8553,11.0009,7.8353,9.2116,11.4501,20.5306,6.4456999999999995,15.2462,4.1083,8.970799999999999,13.686399999999999,5.809699999999999,0.6117999999999999,8.836,8.0917,13.3324,10.9937,5.7681000000000004,13.501299999999999,7.6851,7.801,15.3816,14.540799999999999,1.1379000000000001,10.8934,2.8248,18.8833,17.9935,0.0,13.0084,12.2352,4.5327,14.0968,14.049299999999999,9.3324,18.7637,13.2949,8.425,0.9986,7.8613,2.7477,11.7784,4.0215,13.026299999999999,10.6383
58,12.1785,12.0332,12.0838,9.251,14.546100000000001,19.5675,11.6343,8.8961,8.8988,9.0782,8.8768,12.3155,11.3324,9.9178,3.203,23.9025,1.2226,20.5713,31.5061,32.1443,7.5652,12.1035,13.868799999999998,12.0109,14.3898,12.7599,15.7648,18.9614,7.9056999999999995,3.3124000000000002,5.187,8.0862,10.0101,2.0908,24.119400000000002,9.4613,32.6297,11.8965,9.769200000000001,18.953400000000002,9.1096,13.184899999999999,6.569100000000001,8.7484,30.966,5.1602,9.270299999999999,0.6103999999999999,7.0092,7.1233,6.9574,3.2373000000000003,14.087,13.5332,11.136700000000001,22.472099999999998,21.5823,13.3995,0.0,15.7537,11.9309,31.4803,5.6997,8.479700000000001,22.3525,18.5619,6.174,13.1372,8.311399999999999,10.9056,15.296899999999999,12.823799999999999,0.2253,2.553
59,12.4988,8.2595,9.6909,8.822,13.9646,16.054100000000002,15.5473,15.158100000000001,14.677299999999999,16.447200000000002,8.893799999999999,9.543,11.2575,16.699,13.284600000000001,11.8424,16.0049,29.1745,30.0701,30.708299999999998,18.3959,8.4926,2.2715,13.5373,13.8083,12.7291,24.368,27.5645,17.003400000000003,17.9828,19.1251,18.5456,19.4927,15.108600000000001,12.0594,17.0942,31.1937,12.5942,19.681099999999997,27.5565,8.6806,12.248899999999999,20.507099999999998,18.728,29.5299,19.098200000000002,16.358700000000002,16.6878,17.6951,17.811,22.4123,20.3289,13.8803,3.2026999999999997,12.612,10.4121,9.5223,12.7479,16.195,0.0,15.3467,30.0442,21.1546,20.0428,10.2925,27.165,17.726599999999998,13.1063,18.291,13.6259,2.0208,10.2358,16.2129,14.431899999999999
60,3.9115,9.3872,6.7618,7.3012,3.5402,6.3203000000000005,0.2007,3.8725,4.157100000000001,3.2931999999999997,6.927,7.233,4.4245,3.0151999999999997,11.4201,23.4742,11.4018,12.882700000000002,16.1936,16.831799999999998,6.475,8.3353,13.4405,4.7506,3.3839,3.6287,8.0762,11.2727,4.458600000000001,9.4387,10.087299999999999,5.34,5.3998,10.0336,23.6911,3.4105,17.3172,3.4692,5.4718,11.264700000000001,7.159800000000001,3.9744,7.6254,4.7077,16.145,9.783100000000001,2.7123000000000004,12.084700000000002,5.863899999999999,6.375100000000001,12.6134,13.1242,3.2117,13.104899999999999,3.8371999999999997,22.0438,21.154,4.0814,11.591899999999999,15.3254,0.0,16.1678,12.6328,6.046399999999999,21.9242,10.8732,7.009399999999999,3.3366,4.646,2.4726,14.8686,6.2509,11.6098,9.2217
61,15.8095,19.3158,18.4388,20.4013,12.6303,11.2316,17.4788,19.7717,21.406299999999998,20.1752,20.902099999999997,18.0239,19.4746,19.062099999999997,28.6161,29.1043,31.1343,18.8615,0.3501,1.3708,21.8197,19.1262,24.9868,21.9998,12.6655,14.414100000000001,16.397299999999998,17.2515,20.1911,25.4812,25.1378,20.6017,20.57,29.5446,29.3213,19.142599999999998,1.4735999999999998,18.2927,20.642,17.2435,20.4462,14.2992,22.9701,19.878,1.0497,25.0695,19.5062,32.7665,22.311,22.4269,30.601200000000002,32.958,12.909799999999999,25.5299,16.625700000000002,27.674,26.784200000000002,14.137799999999999,31.3244,26.8717,17.3631,0.0,32.2282,21.5712,27.5544,16.852,22.5619,14.122,19.816200000000002,16.5485,26.414900000000003,18.658,31.342299999999998,28.9542
62,11.476600000000001,12.6202,12.6709,14.5929,13.9195,16.6996,11.0791,8.226,8.9355,8.408100000000001,14.5531,12.9026,11.9194,9.2477,9.332,28.570400000000003,5.895,18.944200000000002,31.3657,32.0039,5.1977,12.6906,18.5367,9.4713,13.763200000000001,12.133299999999998,16.4815,17.6802,7.2948,4.327,2.0052,6.454,7.6425,6.1491999999999996,28.7873,9.1169,32.4893,12.483600000000001,7.4017,16.782400000000003,14.637799999999999,12.3629,4.2016,7.456600000000001,31.3171,2.0862,8.600200000000001,5.6974,5.532100000000001,4.7558,1.9868,2.5638,13.591,18.2011,11.402299999999999,27.14,26.2502,13.0514,5.720899999999999,20.421599999999998,11.2241,31.3399,0.0,6.1122,27.020400000000002,16.9348,4.5855,12.5106,7.456899999999999,10.2355,19.9648,13.4109,5.5519,7.0973999999999995
63,6.9394,10.8415,9.828,10.6998,8.435799999999999,11.2159,4.967,3.6889000000000003,4.2458,3.1195999999999997,10.325700000000001,11.123899999999999,7.6187,3.0513000000000003,8.0016,26.791700000000002,7.9833,13.904,19.599400000000003,20.237599999999997,1.7642,10.9119,16.758,6.205,8.2795,7.5962,9.0975,12.294,1.9303,6.0202,5.1975,0.3419,1.5304,6.6151,27.008599999999998,2.7939000000000003,20.723,6.6713000000000005,1.2895,12.286,10.558399999999999,7.825699999999999,2.7356,1.3444,19.5508,4.8932,3.3563,8.6662,1.5603,2.6416999999999997,7.7236,8.274700000000001,8.1073,16.422400000000003,6.8651,25.3613,24.4715,8.514299999999999,8.173399999999999,18.6429,5.2635,19.5736,7.2398,0.0,25.2417,11.8945,2.8574,7.9734,1.3448,5.6983999999999995,18.1861,9.2857,8.1913,5.8031999999999995
64,18.7422,14.502799999999999,15.934299999999999,15.1098,20.207900000000002,19.334,21.8352,21.4459,20.9652,22.7351,15.1816,15.7864,17.5453,22.9868,19.5725,2.3535999999999997,22.2928,35.3484,27.4232,28.061400000000003,24.683799999999998,14.736,10.833,19.825200000000002,20.0517,18.9724,31.5152,33.7384,23.2913,24.270599999999998,25.4129,24.8335,25.7806,21.3964,2.5705999999999998,23.382099999999998,28.546799999999998,18.882,25.969,33.7304,14.9685,18.4923,26.795,25.015900000000002,26.8831,25.3861,22.6466,22.9757,23.9829,24.0988,28.700200000000002,26.616799999999998,20.1237,10.978200000000001,18.855400000000003,0.9232,0.9679,18.9912,22.4828,10.0205,21.6345,27.3974,27.4425,26.330599999999997,0.0,33.3389,24.014400000000002,19.349700000000002,24.5789,19.913700000000002,10.8819,16.479200000000002,22.500799999999998,20.7197
65,13.472299999999999,17.1505,16.3226,17.0088,12.5848,13.3665,10.3091,12.1528,11.9205,11.6347,16.6346,19.3933,13.9276,10.521600000000001,18.4321,34.5963,18.4138,2.1498000000000004,16.1755,16.8137,13.279200000000001,17.2208,23.0669,12.514,12.4285,13.0436,2.0625,1.7430999999999999,11.6506,16.4507,16.5973,12.061200000000001,12.0295,17.0456,34.813199999999995,10.6021,17.2991,12.9802,12.1015,0.3915,16.8674,13.3894,14.4296,11.3375,16.1269,16.529,10.9657,19.096700000000002,12.8759,13.387,15.7638,20.136200000000002,12.2563,22.7314,13.398,33.1659,32.2761,13.4964,18.6038,24.951900000000002,10.919,16.1497,17.390900000000002,13.030700000000001,33.0463,0.0,14.0214,12.7515,11.275799999999998,13.320799999999998,24.495,15.594700000000001,18.6218,16.233700000000002
66,7.2184,9.6808,9.3668,10.1068,9.586,11.984,6.833,4.0947,3.933,4.2768999999999995,9.7326,9.9632,6.4526,5.1164,5.9226,25.4671,5.9043,15.77,21.465400000000002,22.1036,1.8637000000000001,9.7512,15.433399999999999,4.885800000000001,9.4297,7.7998,10.9635,14.16,3.1043000000000003,3.1209000000000002,2.9680999999999997,3.2849,4.3085,4.5361,25.684099999999997,4.66,22.589,5.5084,4.067699999999999,14.152,9.965399999999999,8.2248,1.5591,3.9471,21.4168,2.8998000000000004,4.4689,6.5872,1.4172,0.7156,6.1475,5.7809,9.1269,15.0979,6.073,24.0367,23.147,8.4394,6.0943000000000005,17.3183,7.1295,21.4396,5.321899999999999,2.7782,23.9172,13.7605,0.0,8.177100000000001,3.51,6.1043,16.8615,8.125,6.1123,3.7241999999999997
67,1.993,5.461600000000001,4.1989,5.925800000000001,1.6372,4.4174,3.3754,5.4547,4.7576,5.7212,6.9864,4.1697,5.2193000000000005,4.8359,10.3883,21.0959,12.863700000000001,14.647200000000002,14.1422,14.7804,7.669899999999999,5.272,11.1325,4.8566,1.481,0.6083,9.8406,13.0372,6.277399999999999,10.9007,11.2823,7.8196,7.6293,11.4956,21.312900000000003,5.231199999999999,15.265799999999999,4.0926,7.751399999999999,13.029200000000001,5.9707,0.7373,8.8204,6.8646,13.352,10.978,4.4953,13.546700000000001,7.4658999999999995,7.8464,13.808399999999999,14.586200000000002,1.0147,11.675600000000001,2.8091999999999997,19.6655,18.7757,0.8442000000000001,13.053799999999999,13.0174,3.1746999999999996,14.1164,14.094700000000001,9.3167,19.545900000000003,12.6377,8.5655,0.0,6.4276,2.732,12.5606,4.33,13.0718,10.6837
68,6.3437,10.3497,9.321299999999999,10.208,7.0528,9.8329,3.8727,3.0932,3.7539000000000002,2.6278,9.8339,10.632100000000001,7.1268,1.957,7.6624,26.2999,7.644100000000001,12.809700000000001,18.505200000000002,19.1433,2.5095,10.4201,16.2662,5.7132,6.8965,7.0005,8.0032,11.1997,1.4236,5.681,5.8276,1.2915,2.061,6.2759,26.5168,1.6997,19.628700000000002,6.179399999999999,2.183,11.1917,10.066600000000001,7.2301,3.66,1.2963,18.4565,5.7593000000000005,2.4012,8.327,2.1062,2.6173,8.648,9.3665,6.7243,15.9306,6.269399999999999,24.8695,23.9797,7.9186000000000005,7.8341,18.1511,4.1693,18.4793,8.8751,2.261,24.7499,10.8002,3.2517,7.3777,0.0,5.1027,17.6943,8.793899999999999,7.8521,5.464
69,1.5817,6.209,4.2811,6.0845,4.0247,6.8048,2.5474,3.0688,2.3716,3.3352,5.7104,4.9171000000000005,3.2910999999999997,3.7041,10.3293,21.843400000000003,10.311,15.1934,16.529700000000002,17.1678,5.284,6.019399999999999,11.88,2.873,3.8684000000000003,2.2385,10.386899999999999,13.5834,3.8914,8.3479,8.8963,5.4336,6.81,8.9428,22.060299999999998,4.044,17.653200000000002,2.2386999999999997,6.569100000000001,13.5754,5.9432,2.4680999999999997,6.434399999999999,5.6901,15.7395,8.5921,3.3665,10.9939,5.08,5.478899999999999,11.4224,12.0335,3.6961999999999997,11.8883,1.5075,20.413,19.5232,3.1566,10.501100000000001,13.764899999999999,2.3468,16.5038,11.542,6.9308000000000005,20.293400000000002,13.1839,6.1795,2.6157,5.4596,0.0,13.3081,3.9211,10.519,8.1309
70,11.8207,7.581300000000001,9.012799999999999,8.1438,13.2864,15.376,14.869200000000001,14.48,13.9992,15.7691,8.2156,8.8649,10.5793,16.020799999999998,12.6065,13.7515,15.326799999999999,28.4964,29.392,30.030099999999997,17.7178,7.8144,1.2594,12.859200000000001,13.1301,12.0509,23.6899,26.886400000000002,16.3253,17.304599999999997,18.446900000000003,17.8675,18.8146,14.4305,13.968399999999999,16.4161,30.5155,11.916,19.003,26.878400000000003,8.0025,11.570799999999998,19.829,18.0499,28.8518,18.420099999999998,15.6806,16.009700000000002,17.017,17.132900000000003,21.7342,19.6508,13.2021,1.9935,11.9339,12.3211,11.431299999999998,12.069700000000001,15.5168,2.0208,14.6685,29.3661,20.4765,19.3646,12.2015,26.486900000000002,17.0484,12.4282,17.6129,12.947799999999999,0.0,9.5577,15.534799999999999,13.7537
71,2.7728,2.5425,0.8383999999999999,1.7477,5.8998,7.9893,6.0329,5.5711,5.0904,6.7491,2.2485,1.0584,1.6667,7.4445,6.8339,18.4377,11.6986,17.6956,18.641099999999998,19.2793,8.697799999999999,2.6138000000000003,8.4743,3.9442,5.7435,4.1115,12.889100000000001,16.0856,7.3053,10.118799999999998,11.2611,8.8475,10.2382,8.6579,18.654700000000002,7.8397,19.7647,2.5305999999999997,9.983,16.0776,1.7926,4.3411,9.8482,9.4735,17.850900000000003,11.234200000000001,7.1042,12.273399999999999,8.1081,8.224,14.5483,12.4649,5.5691999999999995,7.811100000000001,2.886,17.0073,16.1175,5.0296,12.296899999999999,10.359200000000001,5.832199999999999,18.615299999999998,13.2906,10.3446,16.887700000000002,15.686200000000001,8.0983,4.4888,9.0365,3.654,9.9024,0.0,12.367700000000001,7.5081999999999995
72,14.9265,11.8641,11.9148,9.202200000000001,17.3089,19.398400000000002,11.585600000000001,8.8474,8.7653,9.0295,8.828100000000001,12.1465,11.1633,9.8691,3.1542,23.8537,1.0535999999999999,20.522599999999997,31.4574,32.0956,7.396199999999999,11.9345,13.82,11.8418,17.1526,15.562899999999999,15.7161,18.912599999999998,7.857,3.1434,5.018,8.6525,9.841,2.2679,24.070700000000002,9.412600000000001,32.581,11.7275,9.600200000000001,18.9046,9.0609,13.1362,6.4001,8.6997,30.9173,4.9911,9.2215,0.5824,7.730600000000001,6.9543,6.788399999999999,3.0683000000000002,14.038200000000002,13.484399999999999,10.927,22.423299999999998,21.5336,13.350700000000002,0.2253,15.7049,11.882200000000001,31.4316,5.5306999999999995,8.3107,22.3038,18.513099999999998,6.005,15.9402,8.2626,10.8569,15.2481,12.6548,0.0,2.5043
73,10.103399999999999,9.0432,7.8123000000000005,6.9422,12.471,14.869,9.559299999999999,6.821,6.8237,7.003100000000001,6.568,7.6006,6.9169,7.8427,2.5311,22.0757,2.3122,18.496299999999998,29.431099999999997,30.069200000000002,5.5824,9.1299,12.042,7.7766,12.3147,10.6848,13.6898,16.8863,5.8306000000000004,1.8188,4.6526000000000005,6.0112,7.3812,1.3275,22.2926,7.3863,30.554599999999997,8.2321,7.1403,16.8783,6.800800000000001,11.1098,4.5862,6.6734,28.890900000000002,4.6258,7.1952,2.9951,4.9342,4.8372,7.953,4.9561,12.011899999999999,11.7064,8.8279,20.6453,19.7555,11.324399999999999,2.5023,13.9269,9.855799999999999,29.4052,6.6953000000000005,6.4968,20.5257,16.4868,4.0397,11.062100000000001,6.2363,8.8306,13.4701,7.0889,2.5202,0.0
